{
  "topics": {
    "data": {
      "0": {
        "name": "0_ray_keV_emission_AGN",
        "keywords": [
          [
            "ray",
            0.025284856298655782
          ],
          [
            "keV",
            0.011198403751154449
          ],
          [
            "emission",
            0.010555561147700766
          ],
          [
            "AGN",
            0.010230150117921916
          ],
          [
            "spectral",
            0.010206355164778325
          ],
          [
            "accretion",
            0.010015296910591632
          ],
          [
            "observations",
            0.009551454745526159
          ],
          [
            "source",
            0.009306546018959127
          ],
          [
            "line",
            0.008457759360624267
          ],
          [
            "optical",
            0.008230045171454559
          ]
        ],
        "count": 2896
      },
      "1": {
        "name": "1_gravitational_wave_gravitational wave_binary",
        "keywords": [
          [
            "gravitational",
            0.024493419981545004
          ],
          [
            "wave",
            0.021645576821293745
          ],
          [
            "gravitational wave",
            0.020975206776935127
          ],
          [
            "binary",
            0.01806191614238538
          ],
          [
            "black",
            0.017048752204878222
          ],
          [
            "GW",
            0.0165576142657397
          ],
          [
            "mass",
            0.01462690123162939
          ],
          [
            "hole",
            0.01245623874779942
          ],
          [
            "black hole",
            0.012346636302151414
          ],
          [
            "LIGO",
            0.012277263691737109
          ]
        ],
        "count": 2156
      },
      "2": {
        "name": "2_FRB_radio_FRBs_pulsar",
        "keywords": [
          [
            "FRB",
            0.026946687668602025
          ],
          [
            "radio",
            0.022395416676879186
          ],
          [
            "FRBs",
            0.02090997626299769
          ],
          [
            "pulsar",
            0.019094810663457355
          ],
          [
            "pulsars",
            0.01728793404514951
          ],
          [
            "bursts",
            0.014487366024040611
          ],
          [
            "repeating",
            0.01014539508613221
          ],
          [
            "PSR",
            0.009989239929442137
          ],
          [
            "emission",
            0.009770038674261993
          ],
          [
            "burst",
            0.009509018614347194
          ]
        ],
        "count": 1943
      },
      "3": {
        "name": "3_neutron_matter_stars_star",
        "keywords": [
          [
            "neutron",
            0.03512985852055617
          ],
          [
            "matter",
            0.03215852670891037
          ],
          [
            "stars",
            0.02949375023942647
          ],
          [
            "star",
            0.020824711582178666
          ],
          [
            "neutron stars",
            0.020648139893589962
          ],
          [
            "nuclear",
            0.020554842090615432
          ],
          [
            "quark",
            0.02020613358501102
          ],
          [
            "state",
            0.018437729203190378
          ],
          [
            "neutron star",
            0.017839365067323927
          ],
          [
            "density",
            0.016766466989328446
          ]
        ],
        "count": 1506
      },
      "4": {
        "name": "4_dark_dark matter_matter_DM",
        "keywords": [
          [
            "dark",
            0.03706514760562339
          ],
          [
            "dark matter",
            0.03335939470230289
          ],
          [
            "matter",
            0.029784459924156827
          ],
          [
            "DM",
            0.02165748610164734
          ],
          [
            "neutrino",
            0.016527980705244003
          ],
          [
            "annihilation",
            0.013545026270173633
          ],
          [
            "gamma",
            0.011769153999925312
          ],
          [
            "neutrinos",
            0.011514221618454666
          ],
          [
            "particles",
            0.011027466362660717
          ],
          [
            "constraints",
            0.010804765153645039
          ]
        ],
        "count": 1411
      },
      "5": {
        "name": "5_black_hole_black hole_holes",
        "keywords": [
          [
            "black",
            0.040933014984224234
          ],
          [
            "hole",
            0.03090831692107189
          ],
          [
            "black hole",
            0.030160658510813846
          ],
          [
            "holes",
            0.02080720121949051
          ],
          [
            "black holes",
            0.019914950004959985
          ],
          [
            "Kerr",
            0.019249947439561783
          ],
          [
            "gravity",
            0.018741609405886022
          ],
          [
            "scalar",
            0.017780328033258685
          ],
          [
            "spacetime",
            0.016149942210772983
          ],
          [
            "field",
            0.013178008428489953
          ]
        ],
        "count": 1129
      },
      "6": {
        "name": "6_SN_SNe_Ia_Type",
        "keywords": [
          [
            "SN",
            0.04593560115583023
          ],
          [
            "SNe",
            0.03349545640322489
          ],
          [
            "Ia",
            0.026073054029426654
          ],
          [
            "Type",
            0.02253874365346595
          ],
          [
            "explosion",
            0.020347569054389333
          ],
          [
            "progenitor",
            0.017103571511509905
          ],
          [
            "CSM",
            0.01632004494853278
          ],
          [
            "light",
            0.015970283026081396
          ],
          [
            "supernovae",
            0.015768685921326638
          ],
          [
            "II",
            0.01571922412070815
          ]
        ],
        "count": 1100
      },
      "7": {
        "name": "7_cosmic_ray_CR_gamma",
        "keywords": [
          [
            "cosmic",
            0.02494249428834523
          ],
          [
            "ray",
            0.02160565257002524
          ],
          [
            "CR",
            0.020191747905158954
          ],
          [
            "gamma",
            0.02010498006831619
          ],
          [
            "gamma ray",
            0.01775490749795273
          ],
          [
            "rays",
            0.017149077444245046
          ],
          [
            "energy",
            0.0166928600969995
          ],
          [
            "cosmic ray",
            0.015803223425073606
          ],
          [
            "TeV",
            0.015166873158084607
          ],
          [
            "cosmic rays",
            0.014322413029111327
          ]
        ],
        "count": 993
      },
      "8": {
        "name": "8_GRB_GRBs_afterglow_emission",
        "keywords": [
          [
            "GRB",
            0.04658114577046526
          ],
          [
            "GRBs",
            0.03542512506283744
          ],
          [
            "afterglow",
            0.020104360129255955
          ],
          [
            "emission",
            0.018030097188518616
          ],
          [
            "gamma",
            0.016211734989470778
          ],
          [
            "ray",
            0.015594557551803553
          ],
          [
            "gamma ray",
            0.014503415656849596
          ],
          [
            "bursts",
            0.014119406116318619
          ],
          [
            "jet",
            0.013290531671753442
          ],
          [
            "prompt",
            0.0132707503795567
          ]
        ],
        "count": 837
      },
      "9": {
        "name": "9_gamma_blazars_ray_blazar",
        "keywords": [
          [
            "gamma",
            0.023256800148232018
          ],
          [
            "blazars",
            0.022383942554098025
          ],
          [
            "ray",
            0.02084151846215954
          ],
          [
            "blazar",
            0.018370627785638746
          ],
          [
            "BL",
            0.01720058212708169
          ],
          [
            "variability",
            0.015616286140634848
          ],
          [
            "Fermi",
            0.015585187070637252
          ],
          [
            "spectral",
            0.012984912253537435
          ],
          [
            "emission",
            0.012565354985487857
          ],
          [
            "optical",
            0.012128838011272507
          ]
        ],
        "count": 777
      },
      "10": {
        "name": "10_plasma_magnetic_particle_acceleration",
        "keywords": [
          [
            "plasma",
            0.02700696630284253
          ],
          [
            "magnetic",
            0.02308271985010969
          ],
          [
            "particle",
            0.02005571470962943
          ],
          [
            "acceleration",
            0.01944414106345686
          ],
          [
            "shock",
            0.019245040359531795
          ],
          [
            "reconnection",
            0.018450594208781142
          ],
          [
            "relativistic",
            0.01674187816791366
          ],
          [
            "field",
            0.016702413076463668
          ],
          [
            "simulations",
            0.015363419020236153
          ],
          [
            "turbulence",
            0.013954117159780934
          ]
        ],
        "count": 723
      },
      "11": {
        "name": "11_neutrino_IceCube_neutrinos_energy",
        "keywords": [
          [
            "neutrino",
            0.05279294726526423
          ],
          [
            "IceCube",
            0.04939508933100817
          ],
          [
            "neutrinos",
            0.029579521854604843
          ],
          [
            "energy",
            0.022400314802183314
          ],
          [
            "high energy",
            0.01955070144344549
          ],
          [
            "high",
            0.017456834203992386
          ],
          [
            "ice",
            0.01567209143304199
          ],
          [
            "Neutrino",
            0.01479751701355193
          ],
          [
            "sources",
            0.014749426166993202
          ],
          [
            "astrophysical",
            0.014263254594815334
          ]
        ],
        "count": 644
      },
      "12": {
        "name": "12_process_ejecta_neutron_neutrino",
        "keywords": [
          [
            "process",
            0.022997545543527363
          ],
          [
            "ejecta",
            0.01943498445662172
          ],
          [
            "neutron",
            0.017740610956479254
          ],
          [
            "neutrino",
            0.014291872116180875
          ],
          [
            "elements",
            0.014181679312294988
          ],
          [
            "kilonova",
            0.014106397725459352
          ],
          [
            "star",
            0.013623143305159183
          ],
          [
            "simulations",
            0.013233299062789644
          ],
          [
            "merger",
            0.012899361853711228
          ],
          [
            "neutron star",
            0.012867625614208789
          ]
        ],
        "count": 543
      },
      "13": {
        "name": "13_mass_stellar_stars_star",
        "keywords": [
          [
            "mass",
            0.028422474457848464
          ],
          [
            "stellar",
            0.0217143704506138
          ],
          [
            "stars",
            0.020123891305336084
          ],
          [
            "star",
            0.017673394158831568
          ],
          [
            "black",
            0.017225972049658828
          ],
          [
            "massive",
            0.013455640576656217
          ],
          [
            "evolution",
            0.012479093490830994
          ],
          [
            "tidal",
            0.012461676343011239
          ],
          [
            "BH",
            0.012121840609567131
          ],
          [
            "binary",
            0.012071971826937871
          ]
        ],
        "count": 434
      },
      "14": {
        "name": "14_air_showers_shower_cosmic",
        "keywords": [
          [
            "air",
            0.04156721620980715
          ],
          [
            "showers",
            0.03838366524399244
          ],
          [
            "shower",
            0.035876784702207024
          ],
          [
            "cosmic",
            0.030015513667766874
          ],
          [
            "air showers",
            0.02737250058403834
          ],
          [
            "energy",
            0.023754288716254544
          ],
          [
            "Auger",
            0.022142309555398056
          ],
          [
            "muon",
            0.02193019664246264
          ],
          [
            "Pierre",
            0.01989608043217755
          ],
          [
            "cosmic ray",
            0.019543815509474507
          ]
        ],
        "count": 363
      },
      "15": {
        "name": "15_accretion_magnetic_disk_simulations",
        "keywords": [
          [
            "accretion",
            0.036736250260155395
          ],
          [
            "magnetic",
            0.021964811521517028
          ],
          [
            "disk",
            0.021290436227564602
          ],
          [
            "simulations",
            0.019586043908631286
          ],
          [
            "black",
            0.015998403341047192
          ],
          [
            "disc",
            0.015382752062456788
          ],
          [
            "flow",
            0.013984846592544767
          ],
          [
            "field",
            0.01369767207169204
          ],
          [
            "hole",
            0.013339314282905511
          ],
          [
            "black hole",
            0.012998704189217473
          ]
        ],
        "count": 300
      },
      "16": {
        "name": "16_SNR_remnant_supernova_SNRs",
        "keywords": [
          [
            "SNR",
            0.02879105014541362
          ],
          [
            "remnant",
            0.023865590296292663
          ],
          [
            "supernova",
            0.022160616821835028
          ],
          [
            "SNRs",
            0.018309159618893615
          ],
          [
            "ejecta",
            0.017424620176177224
          ],
          [
            "emission",
            0.016370710570031987
          ],
          [
            "shock",
            0.015185672822885327
          ],
          [
            "ray",
            0.012734295689709853
          ],
          [
            "Fe",
            0.01235638038150449
          ],
          [
            "remnants",
            0.011133637169334075
          ]
        ],
        "count": 280
      },
      "17": {
        "name": "17_polarization_IXPE_ray_degree",
        "keywords": [
          [
            "polarization",
            0.05692984305083362
          ],
          [
            "IXPE",
            0.03445466857453836
          ],
          [
            "ray",
            0.030306959755067357
          ],
          [
            "degree",
            0.01836851585418308
          ],
          [
            "polarization degree",
            0.01700509550409701
          ],
          [
            "Polarimetry",
            0.016961481067253058
          ],
          [
            "polarimetric",
            0.01681723782300712
          ],
          [
            "ray polarization",
            0.01580170381378044
          ],
          [
            "angle",
            0.01525432686477349
          ],
          [
            "keV",
            0.014138219259893054
          ]
        ],
        "count": 261
      },
      "18": {
        "name": "18_TDE_TDEs_disruption_optical",
        "keywords": [
          [
            "TDE",
            0.035220391608530674
          ],
          [
            "TDEs",
            0.03415907715453057
          ],
          [
            "disruption",
            0.024386590383843644
          ],
          [
            "optical",
            0.023379577316718598
          ],
          [
            "tidal disruption",
            0.02001456053831248
          ],
          [
            "tidal",
            0.018247791313122496
          ],
          [
            "emission",
            0.016156583650332446
          ],
          [
            "disruption event",
            0.014289333777622693
          ],
          [
            "tidal disruption event",
            0.01407598301678016
          ],
          [
            "AT",
            0.014018396405223272
          ]
        ],
        "count": 251
      },
      "19": {
        "name": "19_Sgr_EHT_black_hole",
        "keywords": [
          [
            "Sgr",
            0.032125589559922035
          ],
          [
            "EHT",
            0.027631009396876544
          ],
          [
            "black",
            0.023417979707006084
          ],
          [
            "hole",
            0.021037713943592717
          ],
          [
            "black hole",
            0.02078478195553737
          ],
          [
            "images",
            0.019175033368739294
          ],
          [
            "Horizon",
            0.018233655446716075
          ],
          [
            "M87",
            0.017591774540007318
          ],
          [
            "Event",
            0.01646686936425208
          ],
          [
            "image",
            0.01539315596023653
          ]
        ],
        "count": 250
      },
      "20": {
        "name": "20_jet_radio_VLBI_GHz",
        "keywords": [
          [
            "jet",
            0.057830718115542495
          ],
          [
            "radio",
            0.02846781411184706
          ],
          [
            "VLBI",
            0.021910706420306163
          ],
          [
            "GHz",
            0.02183357433873181
          ],
          [
            "jets",
            0.0182603806054382
          ],
          [
            "core",
            0.014759403910444226
          ],
          [
            "AGN",
            0.013700343907794125
          ],
          [
            "observations",
            0.012150611857483732
          ],
          [
            "parsec",
            0.01184748523140538
          ],
          [
            "scale",
            0.011184265951759656
          ]
        ],
        "count": 250
      },
      "21": {
        "name": "21_neutrino_flavor_neutrinos_neutrino flavor",
        "keywords": [
          [
            "neutrino",
            0.07367338821123584
          ],
          [
            "flavor",
            0.07364732584967756
          ],
          [
            "neutrinos",
            0.025753150923103284
          ],
          [
            "neutrino flavor",
            0.02125043396791256
          ],
          [
            "collapse",
            0.019625880196257047
          ],
          [
            "flavor conversion",
            0.019456572887857192
          ],
          [
            "fast",
            0.018874954596319236
          ],
          [
            "core collapse",
            0.01873116681510222
          ],
          [
            "conversions",
            0.018307855939961554
          ],
          [
            "conversion",
            0.01828722765776758
          ]
        ],
        "count": 247
      },
      "22": {
        "name": "22_jet_jets_relativistic_simulations",
        "keywords": [
          [
            "jet",
            0.061590319000147456
          ],
          [
            "jets",
            0.04657501679961599
          ],
          [
            "relativistic",
            0.021945482246019273
          ],
          [
            "simulations",
            0.014763648276380803
          ],
          [
            "cocoon",
            0.013842324139821645
          ],
          [
            "radio",
            0.011775815444962184
          ],
          [
            "energy",
            0.010826491274856019
          ],
          [
            "AGN",
            0.010497775738862462
          ],
          [
            "relativistic jets",
            0.010373275202255745
          ],
          [
            "medium",
            0.009443615605091119
          ]
        ],
        "count": 181
      },
      "23": {
        "name": "23_nova_novae_outburst_dwarf",
        "keywords": [
          [
            "nova",
            0.056378638960274945
          ],
          [
            "novae",
            0.029981748450305025
          ],
          [
            "outburst",
            0.01960761415433044
          ],
          [
            "dwarf",
            0.016872501817740138
          ],
          [
            "eruption",
            0.015097597394576097
          ],
          [
            "optical",
            0.014119294869946038
          ],
          [
            "recurrent",
            0.013755006730705836
          ],
          [
            "white",
            0.012440544445855274
          ],
          [
            "light",
            0.012407197758560518
          ],
          [
            "white dwarf",
            0.012197577523183498
          ]
        ],
        "count": 174
      }
    },
    "correlations": [
      [
        1.0,
        -0.643091164463303,
        -0.6681449375318298,
        -0.6307322186437192,
        -0.7114527408774101,
        -0.6415580924546296,
        -0.6964948580685364,
        -0.5595220207409486,
        -0.6614811731012351,
        -0.5609774058253537,
        -0.6505481479874902,
        -0.7026132770549749,
        -0.6698767921091293,
        -0.6080273250569124,
        -0.7117393806814105,
        -0.6022558769422296,
        -0.6304962862414711,
        -0.6522509484307903,
        -0.6952122181474172,
        -0.676540446344593,
        -0.6771896478125081,
        -0.7106072718390837,
        -0.7000200132903249,
        -0.7035950788218159
      ],
      [
        -0.643091164463303,
        1.0,
        -0.7270039184987769,
        -0.5543609307079215,
        -0.7094032128636247,
        -0.2458101184644046,
        -0.7443646397536565,
        -0.7307646574363684,
        -0.7055611842436985,
        -0.7302202038570345,
        -0.7296271617003429,
        -0.7282522320339297,
        -0.5790321148891029,
        -0.37606302440094697,
        -0.749813352470967,
        -0.6017020410698779,
        -0.724924152470502,
        -0.7392407147414548,
        -0.7308149541402706,
        -0.410321908606203,
        -0.7238708588042493,
        -0.7136537099559366,
        -0.7208743286059164,
        -0.7414641230640293
      ],
      [
        -0.6681449375318298,
        -0.7270039184987769,
        1.0,
        -0.7054688576955757,
        -0.7368771391100484,
        -0.7454258089259853,
        -0.7510566012418328,
        -0.7137747587395005,
        -0.6998869888162091,
        -0.7121293459105562,
        -0.700875116334054,
        -0.742655582749141,
        -0.7267227334772804,
        -0.7226776894216138,
        -0.7405631444600179,
        -0.7221309294520069,
        -0.7199708973521679,
        -0.697508144620004,
        -0.7438623531876939,
        -0.7430252027645317,
        -0.5789295868395915,
        -0.7558528613071716,
        -0.7368899667706297,
        -0.747829969289157
      ],
      [
        -0.6307322186437192,
        -0.5543609307079215,
        -0.7054688576955757,
        1.0,
        -0.5779674936469658,
        -0.6580682927157937,
        -0.7357938927358425,
        -0.7121270247591771,
        -0.7015066328702028,
        -0.7204191295782821,
        -0.6819795111929541,
        -0.7159011210987659,
        -0.2530133484630104,
        -0.49322476648396973,
        -0.7394741816426915,
        -0.627355787918253,
        -0.7094745034505092,
        -0.7337638168562727,
        -0.7442060487932961,
        -0.7064085717716015,
        -0.7355954382952428,
        -0.6709085782425193,
        -0.7363584024458731,
        -0.7358985534068856
      ],
      [
        -0.7114527408774101,
        -0.7094032128636247,
        -0.7368771391100484,
        -0.5779674936469658,
        1.0,
        -0.6924133809472252,
        -0.7542232836188898,
        -0.6817234144340141,
        -0.7390883866330489,
        -0.7032032821825506,
        -0.7449480981314811,
        -0.6931712721294669,
        -0.7281234076748833,
        -0.6894620213503697,
        -0.7247507806818645,
        -0.7340081764377273,
        -0.7503045309144787,
        -0.7573989824444292,
        -0.7621088603545377,
        -0.7201384130216808,
        -0.7554046369851284,
        -0.7058445595886405,
        -0.7575242827568915,
        -0.7603563310727911
      ],
      [
        -0.6415580924546296,
        -0.2458101184644046,
        -0.7454258089259853,
        -0.6580682927157937,
        -0.6924133809472252,
        1.0,
        -0.7471569000862722,
        -0.7194075533916653,
        -0.7266181932735092,
        -0.7221412896534151,
        -0.7104732427994584,
        -0.7297267157849476,
        -0.6950534423285658,
        -0.13782363024781752,
        -0.7443559777085909,
        -0.40259996750757326,
        -0.7343057989699282,
        -0.7262965360208105,
        -0.6716361213759579,
        0.12727966381371414,
        -0.6723743808871661,
        -0.7340627231497368,
        -0.6597464220273876,
        -0.7403785027756762
      ],
      [
        -0.6964948580685364,
        -0.7443646397536565,
        -0.7510566012418328,
        -0.7357938927358425,
        -0.7542232836188898,
        -0.7471569000862722,
        1.0,
        -0.7344614069977464,
        -0.7137250910904511,
        -0.7353373168770054,
        -0.748283957185886,
        -0.745483855551097,
        -0.6934241216387231,
        -0.6695564860770864,
        -0.7568442251033924,
        -0.732379621788197,
        -0.6386462472075289,
        -0.7398062873436348,
        -0.7283805583891105,
        -0.7480275250084818,
        -0.7434750281379153,
        -0.6791533152296896,
        -0.7478137031792895,
        -0.7070977907277534
      ],
      [
        -0.5595220207409486,
        -0.7307646574363684,
        -0.7137747587395005,
        -0.7121270247591771,
        -0.6817234144340141,
        -0.7194075533916653,
        -0.7344614069977464,
        1.0,
        -0.4847358574769698,
        -0.07250953200769124,
        -0.625190979970879,
        -0.43741430061528597,
        -0.7168081375482132,
        -0.7041225033259673,
        -0.19214431789223574,
        -0.6635292043364256,
        -0.5823850102537322,
        -0.6781003266933159,
        -0.7272315691325071,
        -0.7244015447380154,
        -0.6596504634821598,
        -0.7056312456288213,
        -0.6674218518015419,
        -0.733777321777717
      ],
      [
        -0.6614811731012351,
        -0.7055611842436985,
        -0.6998869888162091,
        -0.7015066328702028,
        -0.7390883866330489,
        -0.7266181932735092,
        -0.7137250910904511,
        -0.4847358574769698,
        1.0,
        -0.394385257252843,
        -0.7017390761098541,
        -0.6786239287713045,
        -0.6784631105933889,
        -0.7100939624335515,
        -0.7005001930467211,
        -0.7009597148296074,
        -0.6931838126839397,
        -0.7046692275200319,
        -0.7276816539746632,
        -0.7330079448713522,
        -0.6145506536327856,
        -0.7280475581175585,
        -0.6096957936660692,
        -0.7459448285222021
      ],
      [
        -0.5609774058253537,
        -0.7302202038570345,
        -0.7121293459105562,
        -0.7204191295782821,
        -0.7032032821825506,
        -0.7221412896534151,
        -0.7353373168770054,
        -0.07250953200769124,
        -0.394385257252843,
        1.0,
        -0.6904483752110048,
        -0.614515674432738,
        -0.720631151680264,
        -0.7129790249259949,
        -0.6627272306264556,
        -0.6927344223214061,
        -0.6063193222204788,
        -0.6561996884080027,
        -0.7190238067600344,
        -0.7226405579251429,
        -0.61267284116296,
        -0.722506682105901,
        -0.6166559456904266,
        -0.7315701706462947
      ],
      [
        -0.6505481479874902,
        -0.7296271617003429,
        -0.700875116334054,
        -0.6819795111929541,
        -0.7449480981314811,
        -0.7104732427994584,
        -0.748283957185886,
        -0.625190979970879,
        -0.7017390761098541,
        -0.6904483752110048,
        1.0,
        -0.7050247137045581,
        -0.7034843130391557,
        -0.70595945073055,
        -0.6934291733658136,
        -0.38450647074133715,
        -0.6975602129940668,
        -0.7001329692588529,
        -0.754416611996445,
        -0.7181473238792964,
        -0.6785189594578077,
        -0.7346943922692639,
        -0.6754552322912337,
        -0.7426376662857916
      ],
      [
        -0.7026132770549749,
        -0.7282522320339297,
        -0.742655582749141,
        -0.7159011210987659,
        -0.6931712721294669,
        -0.7297267157849476,
        -0.745483855551097,
        -0.43741430061528597,
        -0.6786239287713045,
        -0.614515674432738,
        -0.7050247137045581,
        1.0,
        -0.7218094038592033,
        -0.7246991244185937,
        -0.37678793013096434,
        -0.7171708539288282,
        -0.7271591937396149,
        -0.7497724444936746,
        -0.7339357617896073,
        -0.7364058503514599,
        -0.7088633851409856,
        -0.2632118017273613,
        -0.7022864869929368,
        -0.7534598241635291
      ],
      [
        -0.6698767921091293,
        -0.5790321148891029,
        -0.7267227334772804,
        -0.2530133484630104,
        -0.7281234076748833,
        -0.6950534423285658,
        -0.6934241216387231,
        -0.7168081375482132,
        -0.6784631105933889,
        -0.720631151680264,
        -0.7034843130391557,
        -0.7218094038592033,
        1.0,
        -0.6555855504996873,
        -0.7448093603982631,
        -0.6614014314610531,
        -0.6147766443637857,
        -0.7407445959050578,
        -0.745108918232305,
        -0.723809192494212,
        -0.7195900830004704,
        -0.6620538436117814,
        -0.7137872581294279,
        -0.73177657931527
      ],
      [
        -0.6080273250569124,
        -0.37606302440094697,
        -0.7226776894216138,
        -0.49322476648396973,
        -0.6894620213503697,
        -0.13782363024781752,
        -0.6695564860770864,
        -0.7041225033259673,
        -0.7100939624335515,
        -0.7129790249259949,
        -0.70595945073055,
        -0.7246991244185937,
        -0.6555855504996873,
        1.0,
        -0.7375718804969835,
        -0.48055305855604785,
        -0.6965539017683053,
        -0.7314369051950711,
        -0.595986502351605,
        -0.23493272061273784,
        -0.6960474055313925,
        -0.6922849582192456,
        -0.6927918696760518,
        -0.708204388809539
      ],
      [
        -0.7117393806814105,
        -0.749813352470967,
        -0.7405631444600179,
        -0.7394741816426915,
        -0.7247507806818645,
        -0.7443559777085909,
        -0.7568442251033924,
        -0.19214431789223574,
        -0.7005001930467211,
        -0.6627272306264556,
        -0.6934291733658136,
        -0.37678793013096434,
        -0.7448093603982631,
        -0.7375718804969835,
        1.0,
        -0.7191088069380622,
        -0.7262304994725814,
        -0.748061517882773,
        -0.7554541333226281,
        -0.746766755959418,
        -0.7187936190651738,
        -0.7052796554680925,
        -0.730832201736786,
        -0.7581262039288195
      ],
      [
        -0.6022558769422296,
        -0.6017020410698779,
        -0.7221309294520069,
        -0.627355787918253,
        -0.7340081764377273,
        -0.40259996750757326,
        -0.732379621788197,
        -0.6635292043364256,
        -0.7009597148296074,
        -0.6927344223214061,
        -0.38450647074133715,
        -0.7171708539288282,
        -0.6614014314610531,
        -0.48055305855604785,
        -0.7191088069380622,
        1.0,
        -0.7175669267231393,
        -0.6996991489906216,
        -0.6799689082951742,
        -0.4209332103058926,
        -0.6530631197770846,
        -0.7216837327025327,
        -0.6341301650375866,
        -0.6818961076994668
      ],
      [
        -0.6304962862414711,
        -0.724924152470502,
        -0.7199708973521679,
        -0.7094745034505092,
        -0.7503045309144787,
        -0.7343057989699282,
        -0.6386462472075289,
        -0.5823850102537322,
        -0.6931838126839397,
        -0.6063193222204788,
        -0.6975602129940668,
        -0.7271591937396149,
        -0.6147766443637857,
        -0.6965539017683053,
        -0.7262304994725814,
        -0.7175669267231393,
        1.0,
        -0.7323083461979945,
        -0.7440516316698086,
        -0.7379558271836322,
        -0.7125961884342975,
        -0.7061147951250506,
        -0.7252020524651757,
        -0.7349979686746744
      ],
      [
        -0.6522509484307903,
        -0.7392407147414548,
        -0.697508144620004,
        -0.7337638168562727,
        -0.7573989824444292,
        -0.7262965360208105,
        -0.7398062873436348,
        -0.6781003266933159,
        -0.7046692275200319,
        -0.6561996884080027,
        -0.7001329692588529,
        -0.7497724444936746,
        -0.7407445959050578,
        -0.7314369051950711,
        -0.748061517882773,
        -0.6996991489906216,
        -0.7323083461979945,
        1.0,
        -0.7386056539904389,
        -0.718030140280821,
        -0.6755953756597993,
        -0.760621687089446,
        -0.6928470330517398,
        -0.7528188614158919
      ],
      [
        -0.6952122181474172,
        -0.7308149541402706,
        -0.7438623531876939,
        -0.7442060487932961,
        -0.7621088603545377,
        -0.6716361213759579,
        -0.7283805583891105,
        -0.7272315691325071,
        -0.7276816539746632,
        -0.7190238067600344,
        -0.754416611996445,
        -0.7339357617896073,
        -0.745108918232305,
        -0.595986502351605,
        -0.7554541333226281,
        -0.6799689082951742,
        -0.7440516316698086,
        -0.7386056539904389,
        1.0,
        -0.6688390127544814,
        -0.7106260559665778,
        -0.7503044548153718,
        -0.7214283124942003,
        -0.7363766364733133
      ],
      [
        -0.676540446344593,
        -0.410321908606203,
        -0.7430252027645317,
        -0.7064085717716015,
        -0.7201384130216808,
        0.12727966381371414,
        -0.7480275250084818,
        -0.7244015447380154,
        -0.7330079448713522,
        -0.7226405579251429,
        -0.7181473238792964,
        -0.7364058503514599,
        -0.723809192494212,
        -0.23493272061273784,
        -0.746766755959418,
        -0.4209332103058926,
        -0.7379558271836322,
        -0.718030140280821,
        -0.6688390127544814,
        1.0,
        -0.6546727755116157,
        -0.741703226467651,
        -0.6546537325927442,
        -0.7428338722506868
      ],
      [
        -0.6771896478125081,
        -0.7238708588042493,
        -0.5789295868395915,
        -0.7355954382952428,
        -0.7554046369851284,
        -0.6723743808871661,
        -0.7434750281379153,
        -0.6596504634821598,
        -0.6145506536327856,
        -0.61267284116296,
        -0.6785189594578077,
        -0.7088633851409856,
        -0.7195900830004704,
        -0.6960474055313925,
        -0.7187936190651738,
        -0.6530631197770846,
        -0.7125961884342975,
        -0.6755953756597993,
        -0.7106260559665778,
        -0.6546727755116157,
        1.0,
        -0.7404726953359984,
        0.21684003691334514,
        -0.7442534818209416
      ],
      [
        -0.7106072718390837,
        -0.7136537099559366,
        -0.7558528613071716,
        -0.6709085782425193,
        -0.7058445595886405,
        -0.7340627231497368,
        -0.6791533152296896,
        -0.7056312456288213,
        -0.7280475581175585,
        -0.722506682105901,
        -0.7346943922692639,
        -0.2632118017273613,
        -0.6620538436117814,
        -0.6922849582192456,
        -0.7052796554680925,
        -0.7216837327025327,
        -0.7061147951250506,
        -0.760621687089446,
        -0.7503044548153718,
        -0.741703226467651,
        -0.7404726953359984,
        1.0,
        -0.731056404936119,
        -0.760080089993409
      ],
      [
        -0.7000200132903249,
        -0.7208743286059164,
        -0.7368899667706297,
        -0.7363584024458731,
        -0.7575242827568915,
        -0.6597464220273876,
        -0.7478137031792895,
        -0.6674218518015419,
        -0.6096957936660692,
        -0.6166559456904266,
        -0.6754552322912337,
        -0.7022864869929368,
        -0.7137872581294279,
        -0.6927918696760518,
        -0.730832201736786,
        -0.6341301650375866,
        -0.7252020524651757,
        -0.6928470330517398,
        -0.7214283124942003,
        -0.6546537325927442,
        0.21684003691334514,
        -0.731056404936119,
        1.0,
        -0.751167791862833
      ],
      [
        -0.7035950788218159,
        -0.7414641230640293,
        -0.747829969289157,
        -0.7358985534068856,
        -0.7603563310727911,
        -0.7403785027756762,
        -0.7070977907277534,
        -0.733777321777717,
        -0.7459448285222021,
        -0.7315701706462947,
        -0.7426376662857916,
        -0.7534598241635291,
        -0.73177657931527,
        -0.708204388809539,
        -0.7581262039288195,
        -0.6818961076994668,
        -0.7349979686746744,
        -0.7528188614158919,
        -0.7363766364733133,
        -0.7428338722506868,
        -0.7442534818209416,
        -0.760080089993409,
        -0.751167791862833,
        1.0
      ]
    ],
    "series": {
      "2020-01": [
        34,
        26,
        15,
        41,
        12,
        39,
        21,
        20,
        11,
        28,
        11,
        13,
        4,
        6,
        4,
        17,
        0,
        4,
        8,
        3,
        3,
        8,
        10,
        8
      ],
      "2020-02": [
        25,
        19,
        23,
        42,
        16,
        41,
        14,
        18,
        13,
        11,
        12,
        8,
        2,
        7,
        1,
        13,
        3,
        4,
        4,
        5,
        4,
        4,
        13,
        2
      ],
      "2020-03": [
        28,
        17,
        16,
        36,
        17,
        44,
        9,
        19,
        16,
        14,
        11,
        7,
        7,
        7,
        4,
        13,
        7,
        4,
        12,
        3,
        6,
        12,
        21,
        8
      ],
      "2020-04": [
        33,
