{
  "topics": {
    "data": {
      "0": {
        "name": "0_atmosphere_atmospheric_atmospheres_transmission",
        "keywords": [
          [
            "atmosphere",
            0.01622084655349926
          ],
          [
            "atmospheric",
            0.01584346163048157
          ],
          [
            "atmospheres",
            0.013827461459520187
          ],
          [
            "transmission",
            0.011031904694999541
          ],
          [
            "spectra",
            0.01037585102496909
          ],
          [
            "temperature",
            0.010229356797508107
          ],
          [
            "model",
            0.009801979942598413
          ],
          [
            "surface",
            0.00975952104144832
          ],
          [
            "Earth",
            0.00937428002205797
          ],
          [
            "observations",
            0.009135255109466302
          ]
        ],
        "count": 2185
      },
      "1": {
        "name": "1_disk_disks_dust_emission",
        "keywords": [
          [
            "disk",
            0.03698553985694005
          ],
          [
            "disks",
            0.024926980936593394
          ],
          [
            "dust",
            0.022674726026755892
          ],
          [
            "emission",
            0.018220830187339332
          ],
          [
            "CO",
            0.014340699459191432
          ],
          [
            "observations",
            0.014000625708064695
          ],
          [
            "ALMA",
            0.013850573048543658
          ],
          [
            "au",
            0.013817523618128526
          ],
          [
            "gas",
            0.01372117915914091
          ],
          [
            "protoplanetary",
            0.011246199221079793
          ]
        ],
        "count": 1186
      },
      "2": {
        "name": "2_dust_disc_disk_gas",
        "keywords": [
          [
            "dust",
            0.03124582321323778
          ],
          [
            "disc",
            0.027441549180583374
          ],
          [
            "disk",
            0.024312765818805225
          ],
          [
            "gas",
            0.021031880062256453
          ],
          [
            "discs",
            0.01958690313139519
          ],
          [
            "protoplanetary",
            0.019181938832745854
          ],
          [
            "disks",
            0.018447365865345428
          ],
          [
            "accretion",
            0.01781123378789051
          ],
          [
            "formation",
            0.017236596879423985
          ],
          [
            "simulations",
            0.01690852170959842
          ]
        ],
        "count": 999
      },
      "3": {
        "name": "3_TESS_planet_planets_transit",
        "keywords": [
          [
            "TESS",
            0.023208438820227696
          ],
          [
            "planet",
            0.02078307605114323
          ],
          [
            "planets",
            0.01788647606155116
          ],
          [
            "transit",
            0.017092112390858363
          ],
          [
            "transiting",
            0.016823901093378547
          ],
          [
            "period",
            0.01671849555532563
          ],
          [
            "star",
            0.015913138361777962
          ],
          [
            "mass",
            0.015595104426627638
          ],
          [
            "radius",
            0.013453544665147626
          ],
          [
            "orbital",
            0.01233716112047843
          ]
        ],
        "count": 940
      },
      "4": {
        "name": "4_comet_comets_cometary_coma",
        "keywords": [
          [
            "comet",
            0.047941746873273516
          ],
          [
            "comets",
            0.0315268934988178
          ],
          [
            "cometary",
            0.02093595695001697
          ],
          [
            "coma",
            0.019361819897138595
          ],
          [
            "nucleus",
            0.01926328646254756
          ],
          [
            "dust",
            0.01788511121979655
          ],
          [
            "perihelion",
            0.01746368135023307
          ],
          [
            "Comet",
            0.014726363769006266
          ],
          [
            "activity",
            0.014703133869426637
          ],
          [
            "production",
            0.01102725383217673
          ]
        ],
        "count": 557
      },
      "5": {
        "name": "5_asteroids_asteroid_impact_shape",
        "keywords": [
          [
            "asteroids",
            0.03843221593470748
          ],
          [
            "asteroid",
            0.03695136152879277
          ],
          [
            "impact",
            0.016802541675551088
          ],
          [
            "shape",
            0.01185611491947478
          ],
          [
            "Earth",
            0.011696318936758845
          ],
          [
            "surface",
            0.011327569148297034
          ],
          [
            "family",
            0.010616115597633775
          ],
          [
            "type",
            0.010055496311977722
          ],
          [
            "data",
            0.009819052872712652
          ],
          [
            "belt",
            0.009755108390061324
          ]
        ],
        "count": 539
      },
      "6": {
        "name": "6_body_resonances_systems_resonance",
        "keywords": [
          [
            "body",
            0.02430413448684166
          ],
          [
            "resonances",
            0.021469104190184687
          ],
          [
            "systems",
            0.020464619439358005
          ],
          [
            "resonance",
            0.01996694005303253
          ],
          [
            "resonant",
            0.019718532219713435
          ],
          [
            "motion",
            0.017854283756249693
          ],
          [
            "orbits",
            0.017691614331783106
          ],
          [
            "orbital",
            0.016202381788854543
          ],
          [
            "planets",
            0.015460384412792513
          ],
          [
            "planet",
            0.014831707589095331
          ]
        ],
        "count": 537
      },
      "7": {
        "name": "7_solar_magnetic_wind_solar wind",
        "keywords": [
          [
            "solar",
            0.0242242529834639
          ],
          [
            "magnetic",
            0.020816045441125683
          ],
          [
            "wind",
            0.017878572316982526
          ],
          [
            "solar wind",
            0.01757577330341889
          ],
          [
            "field",
            0.01746211068741215
          ],
          [
            "plasma",
            0.0152798147211726
          ],
          [
            "electron",
            0.013152255928480306
          ],
          [
            "SEP",
            0.012967612909209876
          ],
          [
            "Mars",
            0.012675473097051207
          ],
          [
            "Earth",
            0.012449672017721217
          ]
        ],
        "count": 534
      },
      "8": {
        "name": "8_Gaia_brown_dwarfs_dwarf",
        "keywords": [
          [
            "Gaia",
            0.024584410904831985
          ],
          [
            "brown",
            0.02097514534322452
          ],
          [
            "dwarfs",
            0.01869308448699911
          ],
          [
            "dwarf",
            0.01769704929890288
          ],
          [
            "mass",
            0.016469477015128714
          ],
          [
            "companions",
            0.016416560681366654
          ],
          [
            "stars",
            0.01569172131947874
          ],
          [
            "brown dwarf",
            0.012353389087564032
          ],
          [
            "HD",
            0.011771269083014834
          ],
          [
            "companion",
            0.011600372420529392
          ]
        ],
        "count": 418
      },
      "9": {
        "name": "9_formation_giant_planets_accretion",
        "keywords": [
          [
            "formation",
            0.02327374062653804
          ],
          [
            "giant",
            0.018130208865261767
          ],
          [
            "planets",
            0.017600793326088417
          ],
          [
            "accretion",
            0.01713555214707352
          ],
          [
            "impact",
            0.016732268945627207
          ],
          [
            "mass",
            0.01623286033122836
          ],
          [
            "Earth",
            0.016176170254115763
          ],
          [
            "isotopic",
            0.015281334035800087
          ],
          [
            "impacts",
            0.014093007539763457
          ],
          [
            "disk",
            0.01389601000160893
          ]
        ],
        "count": 300
      },
      "10": {
        "name": "10_imaging_contrast_high_high contrast",
        "keywords": [
          [
            "imaging",
            0.03087542129288788
          ],
          [
            "contrast",
            0.0289704307517393
          ],
          [
            "high",
            0.018543119628474054
          ],
          [
            "high contrast",
            0.018367711981321238
          ],
          [
            "noise",
            0.016425160309482517
          ],
          [
            "performance",
            0.015152461822998921
          ],
          [
            "wavefront",
            0.01437641123210816
          ],
          [
            "exoplanets",
            0.013607363050879498
          ],
          [
            "contrast imaging",
            0.013022372901751829
          ],
          [
            "data",
            0.012477694056418005
          ]
        ],
        "count": 237
      },
      "11": {
        "name": "11_microlensing_lens_events_source",
        "keywords": [
          [
            "microlensing",
            0.06326516214695124
          ],
          [
            "lens",
            0.051402017836382166
          ],
          [
            "events",
            0.034838357164211596
          ],
          [
            "source",
            0.029281406265410353
          ],
          [
            "mass",
            0.02838146464022186
          ],
          [
            "OGLE",
            0.028141942201410086
          ],
          [
            "event",
            0.026955086034490948
          ],
          [
            "planet",
            0.02351049834605229
          ],
          [
            "host",
            0.022718917729317455
          ],
          [
            "planetary",
            0.01720619570285832
          ]
        ],
        "count": 197
      },
      "12": {
        "name": "12_RV_activity_radial_stellar",
        "keywords": [
          [
            "RV",
            0.0399598923756462
          ],
          [
            "activity",
            0.03606362366220141
          ],
          [
            "radial",
            0.025619857273167443
          ],
          [
            "stellar",
            0.025535220097682946
          ],
          [
            "radial velocity",
            0.02352580114814249
          ],
          [
            "velocity",
            0.022997369780672405
          ],
          [
            "stellar activity",
            0.017956308888294976
          ],
          [
            "stars",
            0.01709041827647894
          ],
          [
            "line",
            0.016449540275323738
          ],
          [
            "RVs",
            0.01605679195930636
          ]
        ],
        "count": 196
      },
      "13": {
        "name": "13_magnetic_stellar_wind_escape",
        "keywords": [
          [
            "magnetic",
            0.026093428598535317
          ],
          [
            "stellar",
            0.026086609537658553
          ],
          [
            "wind",
            0.025292607247524152
          ],
          [
            "escape",
            0.023929063780221034
          ],
          [
            "stellar wind",
            0.01825811712889448
          ],
          [
            "loss",
            0.018075750534883365
          ],
          [
            "mass loss",
            0.016114047637515293
          ],
          [
            "mass",
            0.015592761125879748
          ],
          [
            "atmospheric",
            0.01557565129994451
          ],
          [
            "planetary",
            0.01512491918966511
          ]
        ],
        "count": 193
      },
      "14": {
        "name": "14_orbit_space_Earth_trajectory",
        "keywords": [
          [
            "orbit",
            0.022269281096783156
          ],
          [
            "space",
            0.021498378408858373
          ],
          [
            "Earth",
            0.018811868669200205
          ],
          [
            "trajectory",
            0.018603131125140768
          ],
          [
            "satellite",
            0.01703009277693741
          ],
          [
            "approach",
            0.01632292134360901
          ],
          [
            "spacecraft",
            0.01583166092505397
          ],
          [
            "problem",
            0.014245388532384261
          ],
          [
            "trajectories",
            0.01416544220099576
          ],
          [
            "control",
            0.0140141085110936
          ]
        ],
        "count": 151
      },
      "15": {
        "name": "15_meteor_meteoroid_meteors_fireball",
        "keywords": [
          [
            "meteor",
            0.05893023568223618
          ],
          [
            "meteoroid",
            0.033710512408658515
          ],
          [
            "meteors",
            0.03187091818637013
          ],
          [
            "fireball",
            0.025052708134931018
          ],
          [
            "meteoroids",
            0.02430994432488187
          ],
          [
            "shower",
            0.02361993359362472
          ],
          [
            "showers",
            0.023234219642242756
          ],
          [
            "meteorite",
            0.022245580418445897
          ],
          [
            "Meteor",
            0.021546290377839054
          ],
          [
            "fireballs",
            0.01730125090879449
          ]
        ],
        "count": 147
      },
      "16": {
        "name": "16_flare_flares_radio_emission",
        "keywords": [
          [
            "flare",
            0.05423124972560493
          ],
          [
            "flares",
            0.05009987054717543
          ],
          [
            "radio",
            0.026041454124121597
          ],
          [
            "emission",
            0.023782682203187064
          ],
          [
            "stars",
            0.022722961424141267
          ],
          [
            "magnetic",
            0.019419989533693758
          ],
          [
            "stellar",
            0.015913438274927333
          ],
          [
            "dwarfs",
            0.015803403149712108
          ],
          [
            "energy",
            0.01567720307048446
          ],
          [
            "flaring",
            0.015618247465935146
          ]
        ],
        "count": 126
      }
    },
    "correlations": [
      [
        1.0,
        -0.6897421039056812,
        -0.6595794064143351,
        -0.6019371962515455,
        -0.743793682729327,
        -0.7323822615759067,
        -0.6906570189483776,
        -0.6877943685568924,
        -0.23738507587301388,
        -0.6115542268337024,
        -0.7104425417554605,
        -0.733911054374679,
        -0.6922913933812944,
        -0.6621487035256791,
        -0.7129817195711243,
        -0.7404520500275741,
        -0.7085790118570298
      ],
      [
        -0.6897421039056812,
        1.0,
        -0.0046405752526455625,
        -0.6999995538310424,
        -0.7290046315417981,
        -0.7509263817753464,
        -0.7083771928120068,
        -0.7214986796244013,
        -0.6569673992894958,
        -0.6154771117803749,
        -0.6996394545621529,
        -0.7286299441179067,
        -0.7303646168305458,
        -0.7005524259777245,
        -0.7392915604121646,
        -0.752190778034143,
        -0.6524016500778759
      ],
      [
        -0.6595794064143351,
        -0.0046405752526455625,
        1.0,
        -0.6778004850515417,
        -0.7214573966982152,
        -0.7462257077325439,
        -0.6864588075878588,
        -0.708688201847378,
        -0.6339406800974721,
        -0.5133372348224315,
        -0.7150592318100806,
        -0.727385217925524,
        -0.7241343878229098,
        -0.6788089465565033,
        -0.7316204129732491,
        -0.7467798647135576,
        -0.6927421951232607
      ],
      [
        -0.6019371962515455,
        -0.6999995538310424,
        -0.6778004850515417,
        1.0,
        -0.7568245251780583,
        -0.7509615253467302,
        -0.6206782893336366,
        -0.709132755932006,
        -0.6035862185791625,
        -0.3601839785215661,
        -0.707370845148928,
        -0.7154543072630921,
        -0.5552809220134084,
        -0.6732951388236883,
        -0.700205183600931,
        -0.7492209649969772,
        -0.675626506525964
      ],
      [
        -0.743793682729327,
        -0.7290046315417981,
        -0.7214573966982152,
        -0.7568245251780583,
        1.0,
        -0.7114170108711584,
        -0.7448160428132976,
        -0.7180090082561609,
        -0.7422071342453026,
        -0.7358382368860685,
        -0.7549996707238065,
        -0.7539078279918537,
        -0.728906362907638,
        -0.7414509939654159,
        -0.7388429292671282,
        -0.726525901438118,
        -0.7546265017871339
      ],
      [
        -0.7323822615759067,
        -0.7509263817753464,
        -0.7462257077325439,
        -0.7509615253467302,
        -0.7114170108711584,
        1.0,
        -0.701894663955535,
        -0.7207576493517165,
        -0.7165474674251336,
        -0.7257832637473072,
        -0.7530275437295063,
        -0.7418572029230551,
        -0.7547570743686821,
        -0.7533065714963998,
        -0.7137330242730775,
        -0.7218916267688819,
        -0.7571471951499025
      ],
      [
        -0.6906570189483776,
        -0.7083771928120068,
        -0.6864588075878588,
        -0.6206782893336366,
        -0.7448160428132976,
        -0.701894663955535,
        1.0,
        -0.7068656591039382,
        -0.6568128708664611,
        -0.618664935580284,
        -0.7380712690048841,
        -0.7365552064404148,
        -0.704914560551922,
        -0.7268040943283433,
        -0.6715042392981705,
        -0.7366751052666345,
        -0.7213724416244242
      ],
      [
        -0.6877943685568924,
        -0.7214986796244013,
        -0.708688201847378,
        -0.709132755932006,
        -0.7180090082561609,
        -0.7207576493517165,
        -0.7068656591039382,
        1.0,
        -0.6899806873144496,
        -0.6663514144665725,
        -0.7356382244961344,
        -0.7320062836061225,
        -0.7177893211183195,
        -0.4063365992847223,
        -0.6228595208621752,
        -0.6281139913051662,
        -0.7052758233418768
      ],
      [
        -0.23738507587301388,
        -0.6569673992894958,
        -0.6339406800974721,
        -0.6035862185791625,
        -0.7422071342453026,
        -0.7165474674251336,
        -0.6568128708664611,
        -0.6899806873144496,
        1.0,
        -0.6149472592890199,
        -0.6858066693051144,
        -0.7088917186125909,
        -0.6351917636158955,
        -0.6856270443064933,
        -0.7041926748947114,
        -0.7381673041835484,
        -0.6632551405231744
      ],
      [
        -0.6115542268337024,
        -0.6154771117803749,
        -0.5133372348224315,
        -0.3601839785215661,
        -0.7358382368860685,
        -0.7257832637473072,
        -0.618664935580284,
        -0.6663514144665725,
        -0.6149472592890199,
        1.0,
        -0.7151526409204506,
        -0.7284475646118156,
        -0.678061528993097,
        -0.6821839970314554,
        -0.7118144082994384,
        -0.7487803671602862,
        -0.6882559165699588
      ],
      [
        -0.7104425417554605,
        -0.6996394545621529,
        -0.7150592318100806,
        -0.707370845148928,
        -0.7549996707238065,
        -0.7530275437295063,
        -0.7380712690048841,
        -0.7356382244961344,
        -0.6858066693051144,
        -0.7151526409204506,
        1.0,
        -0.7359015104623481,
        -0.714347554726096,
        -0.7487377716415247,
        -0.735013120184004,
        -0.753399133454113,
        -0.7331565995957601
      ],
      [
        -0.733911054374679,
        -0.7286299441179067,
        -0.727385217925524,
        -0.7154543072630921,
        -0.7539078279918537,
        -0.7418572029230551,
        -0.7365552064404148,
        -0.7320062836061225,
        -0.7088917186125909,
        -0.7284475646118156,
        -0.7359015104623481,
        1.0,
        -0.738689511682015,
        -0.7465711970979585,
        -0.7462733000391282,
        -0.744262423036397,
        -0.7284752099577507
      ],
      [
        -0.6922913933812944,
        -0.7303646168305458,
        -0.7241343878229098,
        -0.5552809220134084,
        -0.728906362907638,
        -0.7547570743686821,
        -0.704914560551922,
        -0.7177893211183195,
        -0.6351917636158955,
        -0.678061528993097,
        -0.714347554726096,
        -0.738689511682015,
        1.0,
        -0.6405125936899698,
        -0.7261166168861096,
        -0.7490470596237828,
        -0.6647883237614454
      ],
      [
        -0.6621487035256791,
        -0.7005524259777245,
        -0.6788089465565033,
        -0.6732951388236883,
        -0.7414509939654159,
        -0.7533065714963998,
        -0.7268040943283433,
        -0.4063365992847223,
        -0.6856270443064933,
        -0.6821839970314554,
        -0.7487377716415247,
        -0.7465711970979585,
        -0.6405125936899698,
        1.0,
        -0.7325274046462484,
        -0.751875206053875,
        -0.670280923591719
      ],
      [
        -0.7129817195711243,
        -0.7392915604121646,
        -0.7316204129732491,
        -0.700205183600931,
        -0.7388429292671282,
        -0.7137330242730775,
        -0.6715042392981705,
        -0.6228595208621752,
        -0.7041926748947114,
        -0.7118144082994384,
        -0.735013120184004,
        -0.7462733000391282,
        -0.7261166168861096,
        -0.7325274046462484,
        1.0,
        -0.5733634243407364,
        -0.7385196052175589
      ],
      [
        -0.7404520500275741,
        -0.752190778034143,
        -0.7467798647135576,
        -0.7492209649969772,
        -0.726525901438118,
        -0.7218916267688819,
        -0.7366751052666345,
        -0.6281139913051662,
        -0.7381673041835484,
        -0.7487803671602862,
        -0.753399133454113,
        -0.744262423036397,
        -0.7490470596237828,
        -0.751875206053875,
        -0.5733634243407364,
        1.0,
        -0.7478129025769212
      ],
      [
        -0.7085790118570298,
        -0.6524016500778759,
        -0.6927421951232607,
        -0.675626506525964,
        -0.7546265017871339,
        -0.7571471951499025,
        -0.7213724416244242,
        -0.7052758233418768,
        -0.6632551405231744,
        -0.6882559165699588,
        -0.7331565995957601,
        -0.7284752099577507,
        -0.6647883237614454,
        -0.670280923591719,
        -0.7385196052175589,
        -0.7478129025769212,
        1.0
      ]
    ],
    "series": {
      "2020-01": [
        40,
        15,
        11,
        23,
        5,
        11,
        17,
        3,
        13,
        6,
        6,
        4,
        14,
        5,
        0,
        1,
        6
      ],
      "2020-02": [
        40,
        12,
        17,
        17,
        2,
        11,
        10,
        6,
        16,
        16,
        7,
        8,
        16,
        7,
        0,
        5,
        9
      ],
      "2020-03": [
        46,
        19,
        14,
        18,
        8,
        7,
        11,
        7,
        14,
        13,
        7,
        7,
        15,
        14,
        4,
        3,
        9
      ],
      "2020-04": [
        31,
        20,
        16,
        23,
        10,
        8,
        17,
        5,
        24,
        9,
        12,
        4,
        11,
        9,
        4,
        6,
        4
      ],
      "2020-05": [
        36,
        18,
        17,
        20,
        14,
        8,
        12,
        7,
        19,
        17,
        5,
        7,
        17,
        7,
        5,
        1,
        8
      ],
      "2020-06": [
        45,
        19,
        19,
        31,
        7,
        7,
        14,
        13,
        15,
        21,
        2,
        5,
        10,
        8,
        7,
        8,
        9
      ],
      "2020-07": [
        50,
        15,
        15,
        31,
        10,
        9,
        18,
        13,
        27,
        27,
        9,
        5,
        16,
        11,
        3,
        2,
        8
      ],
      "2020-08": [
        33,
        17,
        13,
        18,
        11,
        9,
        19,
        11,
        15,
        9,
        4,
        7,
        7,
        8,
        2,
        3,
        8
      ],
      "2020-09": [
        52,
        14,
        23,
        33,
        9,
        15,
        11,
        12,
        22,
        9,
        6,
        5,
        13,
        9,
        3,
        4,
        6
      ],
      "2020-10": [
        37,
        20,
        23,
        26,
        5,
        16,
        12,
        10,
        23,
        13,
        4,
        7,
        16,
        7,
        3,
        6,
        7
      ],
      "2020-11": [
        42,
        11,
        20,
        23,
        9,
        12,
        17,
        7,
        21,
        12,
        4,
        5,
        10,
        8,
        6,
        3,
        4
      ],
      "2020-12": [
        31,
        15,
        14,
        14,
        20,
        10,
        10,
        9,
        14,
        11,
        11,
        3,
        14,
        12,
        6,
        0,
        7
      ],
      "2021-01": [
        49,
        17,
        16,
        26,
        15,
        14,
        8,
        7,
        17,
        15,
        5,
        5,
        10,
        7,
        3,
        1,
        6
      ],
      "2021-02": [
        37,
        19,
        9,
        15,
        9,
        9,
        3,
        8,
        20,
        11,
        4,
        7,
        14,
        5,
        5,
        4,
        5
      ],
      "2021-03": [
        46,
        16,
        19,
        22,
        12,
        12,
        10,
        14,
        18,
        13,
        10,
        4,
        16,
        12,
        2,
        2,
        2
      ],
      "2021-04": [
        39,
        19,
        21,
        17,
        7,
        9,
        18,
        8,
        15,
        16,
        6,
        8,
        12,
        8,
        7,
        5,
        8
      ],
      "2021-05": [
        36,
        20,
        12,
        20,
        15,
        16,
        15,
        6,
        16,
        14,
        4,
        2,
        19,
        6,
        3,
        3,
        2
      ],
      "2021-06": [
        28,
        10,
        12,
        19,
        6,
        11,
        14,
        5,
        16,
        9,
        4,
        3,
        8,
        13,
        2,
        4,
        5
      ],
      "2021-07": [
        25,
        15,
        11,
        13,
        12,
        13,
        12,
        16,
        14,
        14,
        10,
        7,
        16,
        9,
        2,
        4,
        7
      ],
      "2021-08": [
        39,
        17,
        11,
        26,
        1,
        8,
        14,
        8,
        8,
        14,
        8,
        2,
        8,
        4,
        1,
        4,
        8
      ],
      "2021-09": [
        31,
        30,
        17,
        21,
        10,
        11,
        15,
        14,
        17,
        13,
        9,
        9,
        10,
        9,
        2,
        4,
        3
      ],
      "2021-10": [
        50,
        20,
        19,
        23,
        4,
        26,
        15,
        13,
        12,
        14,
        4,
        4,
        15,
        9,
        2,
        4,
        5
      ],
      "2021-11": [
        36,
        17,
        18,
        33,
        5,
        16,
        12,
        7,
        12,
        13,
        5,
        7,
        8,
        5,
        7,
        6,
        10
      ],
      "2021-12": [
        40,
        14,
        14,
        18,
        4,
        13,
        12,
        5,
        18,
        11,
        4,
        6,
        11,
        11,
        1,
        1,
        7
      ],
      "2022-01": [
        38,
        18,
        11,
        33,
        8,
        12,
        15,
        9,
        14,
        8,
        4,
        3,
        13,
        10,
        0,
        2,
        5
      ],
      "2022-02": [
        31,
        12,
        14,
        19,
        7,
        12,
        10,
        9,
        11,
        13,
        1,
        3,
        13,
        10,
        6,
        3,
        2
      ],
      "2022-03": [
        44,
        18,
        17,
        27,
        7,
        11,
        20,
        12,
        23,
        15,
        6,
        5,
        15,
        8,
        4,
        4,
        9
      ],
      "2022-04": [
        37,
        19,
        18,
        14,
        9,
        10,
        13,
        8,
        15,
        9,
        13,
        11,
        18,
        8,
        7,
        3,
        10
      ],
      "2022-05": [
        25,
        10,
        8,
        18,
        5,
        12,
        22,
        9,
        21,
        16,
        5,
        7,
        11,
        7,
        2,
        5,
        8
      ],
      "2022-06": [
        32,
        16,
        18,
        25,
        5,
        12,
        15,
        9,
        30,
        6,
        2,
        11,
        16,
        5,
        2,
        3,
        9
      ],
      "2022-07": [
        42,
        19,
        21,
        20,
        5,
        10,
        14,
        7,
        23,
        9,
        9,
        2,
        12,
        8,
        8,
        5,
        8
      ],
      "2022-08": [
        40,
        16,
        13,
        21,
        9,
        13,
        7,
        9,
        18,
        11,
        21,
        4,
        19,
        8,
        3,
        2,
        7
      ],
      "2022-09": [
        40,
        17,
        16,
        27,
        9,
        19,
        12,
        9,
        22,
        10,
        5,
        8,
        16,
        7,
        4,
        7,
        8
      ],
      "2022-10": [
        43,
        12,
        17,
        29,
        11,
        14,
        13,
        9,
        20,
        8,
        4,
        5,
        15,
        8,
        4,
        2,
        13
      ],
      "2022-11": [
        47,
        19,
        16,
        31,
        6,
        10,
        9,
        11,
        23,
        14,
        7,
        3,
        9,
        13,
        2,
        6,
        6
      ],
      "2022-12": [
        24,
        15,
        16,
        13,
        4,
        7,
        13,
        8,
        19,
        15,
        3,
        5,
        8,
        6,
        4,
        3,
        7
      ],
      "2023-01": [
        63,
        20,
        17,
        24,
        6,
        11,
        14,
        11,
        20,
        15,
        10,
        6,
        14,
        11,
        3,
        6,
        8
      ],
      "2023-02": [
        31,
        26,
        12,
        24,
        8,
        14,
        11,
        6,
        22,
        11,
        9,
        7,
        19,
        6,
        0,
        3,
        9
      ],
      "2023-03": [
        33,
        16,
        23,
        23,
        3,
        18,
        11,
        15,
        22,
        12,
        5,
        6,
        16,
        10,
        2,
        10,
        9
      ],
      "2023-04": [
        31,
        12,
        8,
        14,
        8,
        8,
        13,
        12,
        14,
        9,
        4,
        6,
        13,
        10,
        10,
        1,
        4
      ],
      "2023-05": [
        43,
        20,
        21,
        24,
        6,
        9,
        10,
        7,
        16,
        7,
        5,
        5,
        16,
        6,
        4,
        3,
        7
      ],
      "2023-06": [
        44,
        18,
        17,
        28,
        8,
        14,
        11,
        4,
        24,
        11,
        6,
        5,
        10,
        7,
        4,
        6,
        7
      ],
      "2023-07": [
        47,
        21,
        11,
        16,
        8,
        16,
        17,
        10,
        15,
        13,
        4,
        6,
        13,
        13,
        9,
        5,
        4
      ],
      "2023-08": [
        40,
        14,
        18,
        26,
        6,
        11,
        10,
        12,
        18,
        13,
        11,
        5,
        16,
        8,
        3,
        3,
        3
      ],
      "2023-09": [
        54,
        16,
        11,
        11,
        10,
        14,
        17,
        13,
        27,
        18,
        12,
        4,
        8,
        16,
        6,
        3,
        5
      ],
      "2023-10": [
        44,
        28,
        19,
        36,
        8,
        21,
        12,
        8,
        22,
        19,
        8,
        8,
        14,
        14,
        5,
        8,
        8
      ],
      "2023-11": [
        43,
        20,
        18,
        17,
        8,
        12,
        14,
        9,
        21,
        10,
        5,
        9,
        14,
        11,
        5,
        0,
        5
      ],
      "2023-12": [
        31,
        18,
        16,
        11,
        5,
        9,
        9,
        6,
        16,
        8,
        4,
        4,
        15,
        8,
        2,
        2,
        7
      ],
      "2024-01": [
        46,
        23,
        17,
        20,
        9,
        7,
        12,
        7,
        25,
        17,
        5,
        5,
        15,
        15,
        3,
        3,
        6
      ],
      "2024-02": [
        36,
        19,
        23,
        30,
        7,
        5,
        15,
        11,
        27,
        15,
        5,
        3,
        10,
        14,
        4,
        2,
        6
      ],
      "2024-03": [
        43,
        25,
        7,
        15,
        8,
        13,
        16,
        10,
        21,
        13,
        8,
        5,
        23,
        7,
        3,
        7,
        5
      ],
      "2024-04": [
        30,
        24,
        17,
        30,
        4,
        10,
        5,
        9,
        16,
        13,
        7,
        10,
        16,
        14,
        2,
        6,
        6
      ],
      "2024-05": [
        50,
        18,
        16,
        25,
        7,
        12,
        16,
        10,
        21,
        17,
        8,
        7,
        17,
        16,
        5,
        6,
        5
      ],
      "2024-06": [
        34,
        29,
        14,
        21,
        4,
        8,
        10,
        6,
        16,
        14,
        6,
        4,
        14,
        6,
        5,
        2,
        8
      ],
      "2024-07": [
        48,
        27,
        23,
        22,
        10,
        14,
        10,
        7,
        23,
        17,
        6,
        4,
        15,
        7,
        3,
        3,
        8
      ],
      "2024-08": [
        40,
        19,
        9,
        20,
        6,
        9,
        15,
        5,
        23,
        8,
        9,
        6,
        15,
        9,
        3,
        5,
        4
      ],
      "2024-09": [
        49,
        21,
        16,
        35,
        14,
        13,
        16,
        23,
        27,
        13,
        11,
        3,
        17,
        10,
        5,
        2,
        8
      ],
      "2024-10": [
        69,
        31,
        17,
        26,
        7,
        9,
        20,
        13,
        25,
        17,
        9,
        5,
        20,
        14,
        3,
        7,
        7
      ],
      "2024-11": [
        35,
        22,
        16,
        18,
        8,
        14,
        15,
        10,
        24,
        18,
        3,
        3,
        16,
        8,
        3,
        1,
        9
      ],
      "2024-12": [
        31,
        16,
        12,
        20,
        7,
        5,
        12,
        7,
        16,
        20,
        4,
        6,
        14,
        7,
        5,
        1,
        8
      ],
      "2025-01": [
        32,
        21,
        23,
        29,
        5,
        7,
        14,
        11,
        19,
        16,
        5,
        9,
        7,
        9,
        2,
        1,
        7
      ],
      "2025-02": [
        39,
        18,
        13,
        18,
        1,
        11,
        7,
        4,
        19,
        7,
        6,
        4,
        16,
        12,
        2,
        3,
        5
      ],
      "2025-03": [
        41,
        18,
        26,
        22,
        15,
        19,
        14,
        15,
        23,
        15,
        8,
        7,
        12,
        12,
        6,
        7,
        6
      ],
      "2025-04": [
        40,
        33,
        18,
        18,
        10,
        16,
        12,
        7,
        17,
        10,
        8,
        6,
        13,
        14,
        4,
        3,
        8
      ],
      "2025-05": [
        59,
        17,
        18,
        19,
        9,
        12,
        14,
        10,
        21,
        16,
        6,
        7,
        13,
        9,
        1,
        5,
        11
      ],
      "2025-06": [
        55,
        19,
        17,
        27,
        7,
        9,
        12,
        12,
        21,
        12,
        6,
        4,
        14,
        8,
        4,
        2,
        9
      ],
      "2025-07": [
        58,
        17,
        20,
        25,
        23,
        9,
        15,
        12,
        27,
        20,
        9,
        5,
        19,
        13,
        4,
        4,
        7
      ],
      "2025-08": [
        53,
        23,
        21,
        15,
        14,
        11,
        12,
        8,
        18,
        11,
        5,
        7,
        14,
        12,
        6,
        6,
        9
      ],
      "2025-09": [
        39,
        16,
        9,
        17,
        13,
        4,
        10,
        10,
        16,
        12,
        8,
        4,
        11,
        5,
        6,
        0,
        5
      ]
    },
    "papers": {
      "0": [
        {
          "title": "TRAPPIST-1h as an Exo-Titan. I. The Role of Assumptions about Atmospheric Parameters in Understanding an Exoplanet Atmosphere",
          "year": "2022-07",
