{
  "topics": {
    "data": {
      "0": {
        "name": "0_stars_Gaia_Fe_clusters",
        "keywords": [
          [
            "stars",
            0.035077533139404336
          ],
          [
            "Gaia",
            0.01914471458659796
          ],
          [
            "Fe",
            0.01795018603430217
          ],
          [
            "clusters",
            0.014867222943751954
          ],
          [
            "stellar",
            0.013432790064042223
          ],
          [
            "cluster",
            0.013245343178308572
          ],
          [
            "age",
            0.011391457536110339
          ],
          [
            "metallicity",
            0.010908596098619971
          ],
          [
            "Galactic",
            0.01064300014968208
          ],
          [
            "star",
            0.010533553081223768
          ]
        ],
        "count": 3634
      },
      "1": {
        "name": "1_molecular_CO_gas_molecules",
        "keywords": [
          [
            "molecular",
            0.01770106317130752
          ],
          [
            "CO",
            0.0161083136834933
          ],
          [
            "gas",
            0.013854086370923271
          ],
          [
            "molecules",
            0.013444679479617031
          ],
          [
            "emission",
            0.012593643530934447
          ],
          [
            "cores",
            0.012004334535576634
          ],
          [
            "formation",
            0.011149998554991129
          ],
          [
            "chemical",
            0.010618048971470753
          ],
          [
            "observations",
            0.010581575640920092
          ],
          [
            "species",
            0.010551869178470844
          ]
        ],
        "count": 2652
      },
      "2": {
        "name": "2_matter_dark_dark matter_DM",
        "keywords": [
          [
            "matter",
            0.04186037149693048
          ],
          [
            "dark",
            0.040613169027597346
          ],
          [
            "dark matter",
            0.03832470107147285
          ],
          [
            "DM",
            0.017497065428554122
          ],
          [
            "mass",
            0.015038331497531284
          ],
          [
            "halo",
            0.013166978553327395
          ],
          [
            "model",
            0.012487028384284077
          ],
          [
            "black",
            0.011894095856092149
          ],
          [
            "self",
            0.01163166093805202
          ],
          [
            "density",
            0.011579491730729143
          ]
        ],
        "count": 1405
      },
      "3": {
        "name": "3_ray_AGN_emission_AGNs",
        "keywords": [
          [
            "ray",
            0.04010983653718626
          ],
          [
            "AGN",
            0.031692779681205714
          ],
          [
            "emission",
            0.014523376197989386
          ],
          [
            "AGNs",
            0.013599958322234264
          ],
          [
            "line",
            0.013357552333517798
          ],
          [
            "optical",
            0.012993855962215299
          ],
          [
            "broad",
            0.012315700397293815
          ],
          [
            "luminosity",
            0.011815338672230252
          ],
          [
            "accretion",
            0.011198984626322109
          ],
          [
            "sources",
            0.010502545788305883
          ]
        ],
        "count": 1292
      },
      "4": {
        "name": "4_radio_jet_sources_GHz",
        "keywords": [
          [
            "radio",
            0.0563003720032629
          ],
          [
            "jet",
            0.02559966903568487
          ],
          [
            "sources",
            0.01806055900564107
          ],
          [
            "GHz",
            0.016766671367533705
          ],
          [
            "emission",
            0.01576920400766332
          ],
          [
            "ray",
            0.015095709266333393
          ],
          [
            "jets",
            0.012799182190778602
          ],
          [
            "spectral",
            0.012185421558343209
          ],
          [
            "MHz",
            0.010972446047165919
          ],
          [
            "observations",
            0.01094236761299673
          ]
        ],
        "count": 1222
      },
      "5": {
        "name": "5_black_binary_gravitational_GW",
        "keywords": [
          [
            "black",
            0.025747816661473643
          ],
          [
            "binary",
            0.025347166041959635
          ],
          [
            "gravitational",
            0.02324311106439193
          ],
          [
            "GW",
            0.02169749490517896
          ],
          [
            "gravitational wave",
            0.021164336568013274
          ],
          [
            "wave",
            0.02071091746257962
          ],
          [
            "mass",
            0.018767784075645323
          ],
          [
            "binaries",
            0.017949507927783888
          ],
          [
            "mergers",
            0.017791571715459087
          ],
          [
            "hole",
            0.017039897057879373
          ]
        ],
        "count": 751
      },
      "6": {
        "name": "6_galaxies_star_JWST_stellar",
        "keywords": [
          [
            "galaxies",
            0.030046630618296443
          ],
          [
            "star",
            0.018839756873264106
          ],
          [
            "JWST",
            0.01814635015254676
          ],
          [
            "stellar",
            0.01576015867178191
          ],
          [
            "formation",
            0.014987859443111474
          ],
          [
            "mass",
            0.01469636594671445
          ],
          [
            "star formation",
            0.014029328721264204
          ],
          [
            "redshift",
            0.013812148125963897
          ],
          [
            "galaxy",
            0.013372022166264723
          ],
          [
            "UV",
            0.01281526144194911
          ]
        ],
        "count": 740
      },
      "7": {
        "name": "7_Ly_alpha_reionization_Lyman",
        "keywords": [
          [
            "Ly",
            0.045195077364888495
          ],
          [
            "alpha",
            0.04231616616974354
          ],
          [
            "reionization",
            0.0309941670929404
          ],
          [
            "Lyman",
            0.02401836557584593
          ],
          [
            "LyC",
            0.022745315029474397
          ],
          [
            "escape",
            0.019798882521384596
          ],
          [
            "galaxies",
            0.018507692410120624
          ],
          [
            "IGM",
            0.016218236145914375
          ],
          [
            "ionizing",
            0.01576212909352496
          ],
          [
            "LAEs",
            0.014650788083148703
          ]
        ],
        "count": 658
      },
      "8": {
        "name": "8_learning_data_classification_images",
        "keywords": [
          [
            "learning",
            0.025963047986661807
          ],
          [
            "data",
            0.022961950784831472
          ],
          [
            "classification",
            0.020255697311052662
          ],
          [
            "images",
            0.015976596232863554
          ],
          [
            "machine",
            0.01587352134052971
          ],
          [
            "galaxies",
            0.015596359336797082
          ],
          [
            "machine learning",
            0.015312290347550342
          ],
          [
            "galaxy",
            0.014056879441805083
          ],
          [
            "training",
            0.013757114660116743
          ],
          [
            "model",
            0.013093495612227475
          ]
        ],
        "count": 607
      },
      "9": {
        "name": "9_spiral_Way_Milky_stream",
        "keywords": [
          [
            "spiral",
            0.03239339132342632
          ],
          [
            "Way",
            0.024607222128070736
          ],
          [
            "Milky",
            0.02457509531077732
          ],
          [
            "stream",
            0.02333897905165793
          ],
          [
            "streams",
            0.02103793954457049
          ],
          [
            "arms",
            0.018337699919670037
          ],
          [
            "MW",
            0.015495511610590996
          ],
          [
            "spiral arms",
            0.01537880515148849
          ],
          [
            "halo",
            0.013716304645677671
          ],
          [
            "stellar",
            0.01269277852148231
          ]
        ],
        "count": 604
      },
      "10": {
        "name": "10_magnetic_turbulence_field_fields",
        "keywords": [
          [
            "magnetic",
            0.04712114054971683
          ],
          [
            "turbulence",
            0.023970386454901734
          ],
          [
            "field",
            0.023463081833726078
          ],
          [
            "fields",
            0.021433430242616562
          ],
          [
            "simulations",
            0.02044562327672364
          ],
          [
            "magnetic field",
            0.020124080798055253
          ],
          [
            "magnetic fields",
            0.019430943039862016
          ],
          [
            "turbulent",
            0.018540772785304905
          ],
          [
            "dynamo",
            0.016343742303082675
          ],
          [
            "MHD",
            0.015748054022010186
          ]
        ],
        "count": 563
      },
      "11": {
        "name": "11_magnetic_field_polarization_magnetic field",
        "keywords": [
          [
            "magnetic",
            0.061750860659328166
          ],
          [
            "field",
            0.04590420618045283
          ],
          [
            "polarization",
            0.04583676132336501
          ],
          [
            "magnetic field",
            0.0455706377734626
          ],
          [
            "fields",
            0.026097564791334262
          ],
          [
            "dust",
            0.02160989206542066
          ],
          [
            "magnetic fields",
            0.0211742288700117
          ],
          [
            "alignment",
            0.015752473893117243
          ],
          [
            "polarized",
            0.014974414624476018
          ],
          [
            "grains",
            0.014195346666360941
          ]
        ],
        "count": 540
      },
      "12": {
        "name": "12_halo_galaxy_mass_galaxies",
        "keywords": [
          [
            "halo",
            0.03008695705291982
          ],
          [
            "galaxy",
            0.02925146229593573
          ],
          [
            "mass",
            0.024425190958513348
          ],
          [
            "galaxies",
            0.022780814107728756
          ],
          [
            "simulations",
            0.017214974805647213
          ],
          [
            "matter",
            0.015910269264799385
          ],
          [
            "simulation",
            0.015452589694841631
          ],
          [
            "bias",
            0.01494085688168736
          ],
          [
            "model",
            0.014445669089323451
          ],
          [
            "dark",
            0.014264778720592742
          ]
        ],
        "count": 440
      },
      "13": {
        "name": "13_microlensing_lens_planet_events",
        "keywords": [
          [
            "microlensing",
            0.06691821191689581
          ],
          [
            "lens",
            0.035545220066064864
          ],
          [
            "planet",
            0.0316823046921348
          ],
          [
            "events",
            0.03133505065527557
          ],
          [
            "planets",
            0.021587541031381975
          ],
          [
            "event",
            0.021385284506639377
          ],
          [
            "source",
            0.02077096066294531
          ],
          [
            "mass",
            0.020663619323576618
          ],
          [
            "OGLE",
            0.01997253472558979
          ],
          [
            "planetary",
            0.019268859657282415
          ]
        ],
        "count": 308
      },
      "14": {
        "name": "14_MaNGA_galaxies_stellar_star",
        "keywords": [
          [
            "MaNGA",
            0.0449266807300933
          ],
          [
            "galaxies",
            0.03629612608267166
          ],
          [
            "stellar",
            0.022552148544017027
          ],
          [
            "star",
            0.018547332530369522
          ],
          [
            "gas",
            0.017452641707019313
          ],
          [
            "mass",
            0.01733579980976527
          ],
          [
            "galaxy",
            0.015258206011506391
          ],
          [
            "formation",
            0.014844582659844981
          ],
          [
            "SDSS",
            0.01469961227086781
          ],
          [
            "gradients",
            0.014547094787860067
          ]
        ],
        "count": 255
      },
      "15": {
        "name": "15_outflows_outflow_AGN_gas",
        "keywords": [
          [
            "outflows",
            0.04983052275297217
          ],
          [
            "outflow",
            0.04474241599925275
          ],
          [
            "AGN",
            0.02321660252792954
          ],
          [
            "gas",
            0.018329441808338082
          ],
          [
            "absorption",
            0.015364675473042589
          ],
          [
            "velocity",
            0.015115745056704752
          ],
          [
            "quasar",
            0.014849078769885369
          ],
          [
            "emission",
            0.014174654926639121
          ],
          [
            "galaxies",
            0.013922737214302738
          ],
          [
            "line",
            0.01290100352442409
          ]
        ],
        "count": 254
      },
      "16": {
        "name": "16_CO_gas_CII_galaxies",
        "keywords": [
          [
            "CO",
            0.048148870942253924
          ],
          [
            "gas",
            0.026759503455599826
          ],
          [
            "CII",
            0.02651397694624973
          ],
          [
            "galaxies",
            0.02028872548931055
          ],
          [
            "emission",
            0.019561215771568337
          ],
          [
            "molecular",
            0.018326502711248697
          ],
          [
            "ALMA",
            0.017090519562988432
          ],
          [
            "molecular gas",
            0.01707838357061198
          ],
          [
            "dust",
            0.01634596447319896
          ],
          [
            "line",
            0.01613800459388864
          ]
        ],
        "count": 227
      },
      "17": {
        "name": "17_black_BH_mass_holes",
        "keywords": [
          [
            "black",
            0.029531043635988803
          ],
          [
            "BH",
            0.023911116520980918
          ],
          [
            "mass",
            0.022587837190820182
          ],
          [
            "holes",
            0.022518313945682437
          ],
          [
            "black holes",
            0.022495326043103895
          ],
          [
            "seeds",
            0.020913943476701724
          ],
          [
            "formation",
            0.019767909826339854
          ],
          [
            "growth",
            0.019108915860050653
          ],
          [
            "accretion",
            0.017496651475424358
          ],
          [
            "seed",
            0.017161556214301474
          ]
        ],
        "count": 221
      },
      "18": {
        "name": "18_Cepheids_period_Cepheid_relations",
        "keywords": [
          [
            "Cepheids",
            0.06255429623495071
          ],
          [
            "period",
            0.036637821988104356
          ],
          [
            "Cepheid",
            0.032868066643120336
          ],
          [
            "relations",
            0.03182502976406928
          ],
          [
            "distance",
            0.028339068100754542
          ],
          [
            "RR",
            0.02310136208936543
          ],
          [
            "Lyrae",
            0.02138186726654235
          ],
          [
            "PL",
            0.018248817206882855
          ],
          [
            "Period",
            0.018081818416781487
          ],
          [
            "metallicity",
            0.017961148463911704
          ]
        ],
        "count": 208
      }
    },
    "correlations": [
      [
        1.0,
        -0.6530959962990366,
        -0.731483905743123,
        -0.7390088006360871,
        -0.7279839569406824,
        -0.6811695092171514,
        -0.6403615434621455,
        -0.7083074661718702,
        -0.6828597184350724,
        -0.5811867826715633,
        -0.7134168236549838,
        -0.7127328254609797,
        -0.6684141545303263,
        -0.7348456277738009,
        -0.6723211452194139,
        -0.7401850724279337,
        -0.6924206801085496,
        -0.6563416358264011,
        -0.6636733551934266
      ],
      [
        -0.6530959962990366,
        1.0,
        -0.7484501610956225,
        -0.7358809670681639,
        -0.7097363825731529,
        -0.7378381457220414,
        -0.6963967307560304,
        -0.7451585516307149,
        -0.737624869424016,
        -0.7305236695557935,
        -0.7364502712167521,
        -0.7418980905454198,
        -0.7281110297713671,
        -0.7536953694666901,
        -0.7107215963396423,
        -0.6953882124204814,
        -0.4858158183889213,
        -0.7086086640181868,
        -0.744501225570662
      ],
      [
        -0.731483905743123,
        -0.7484501610956225,
        1.0,
        -0.7373728795597191,
        -0.7444040757689585,
        -0.6797214847775706,
        -0.6684887552318339,
        -0.7378739179990088,
        -0.7287640612542386,
        -0.6455077071087982,
        -0.7238674074905285,
        -0.736240405904925,
        -0.3597844118833834,
        -0.7290105215789286,
        -0.6638488276062545,
        -0.7503018223489539,
        -0.7090929935864744,
        -0.6546359261957835,
        -0.7410515568875453
      ],
      [
        -0.7390088006360871,
        -0.7358809670681639,
        -0.7373728795597191,
        1.0,
        -0.5653115283617134,
        -0.6208143846408332,
        -0.6635379817898178,
        -0.719011544472506,
        -0.7156815795769855,
        -0.7361581160115152,
        -0.7128426295444321,
        -0.7140802821216181,
        -0.6748092150636027,
        -0.7514499410179386,
        -0.6762696867025406,
        -0.5658667029367632,
        -0.6655866879252519,
        -0.5963643154472891,
        -0.7378908336247014
      ],
      [
        -0.7279839569406824,
        -0.7097363825731529,
        -0.7444040757689585,
        -0.5653115283617134,
        1.0,
        -0.6822586582422521,
        -0.6822563060152695,
        -0.7264072600011828,
        -0.7019826529942825,
        -0.7316983148313773,
        -0.6859425730187623,
        -0.6699616947288031,
        -0.7019370976484629,
        -0.7501716965092802,
        -0.6962497560319628,
        -0.6676089357204222,
        -0.6603283484202846,
        -0.6655485132737335,
        -0.7360144848291589
      ],
      [
        -0.6811695092171514,
        -0.7378381457220414,
        -0.6797214847775706,
        -0.6208143846408332,
        -0.6822586582422521,
        1.0,
        -0.6416630815005155,
        -0.7336144984406175,
        -0.729277317583694,
        -0.7038377027594018,
        -0.7094140898183418,
        -0.717108166293692,
        -0.5682216405326749,
        -0.7118085809247662,
        -0.6685398822287679,
        -0.686547932780452,
        -0.6889761612109031,
        0.017609150753167026,
        -0.7232277807137345
      ],
      [
        -0.6403615434621455,
        -0.6963967307560304,
        -0.6684887552318339,
        -0.6635379817898178,
        -0.6822563060152695,
        -0.6416630815005155,
        1.0,
        -0.6383743724458367,
        -0.680827681146224,
        -0.6395726409953257,
        -0.6742620243297963,
        -0.6907759122909265,
        -0.22406061011134976,
        -0.7396629724836017,
        0.28582402148078256,
        -0.6492211376590197,
        -0.20754358089357333,
        -0.3796512357602163,
        -0.703914435624472
      ],
      [
        -0.7083074661718702,
        -0.7451585516307149,
        -0.7378739179990088,
        -0.719011544472506,
        -0.7264072600011828,
        -0.7336144984406175,
        -0.6383743724458367,
        1.0,
        -0.7301320526347368,
        -0.7311119345562083,
        -0.7352489587522029,
        -0.7331692113012802,
        -0.6764439602453065,
        -0.7595514354593891,
        -0.6583009019805283,
        -0.7135971203983236,
        -0.6764926282985666,
        -0.6958927725432378,
        -0.7487135088454563
      ],
      [
        -0.6828597184350724,
        -0.737624869424016,
        -0.7287640612542386,
        -0.7156815795769855,
        -0.7019826529942825,
        -0.729277317583694,
        -0.680827681146224,
        -0.7301320526347368,
        1.0,
        -0.7038148563699753,
        -0.7256491875347043,
        -0.7259838836070545,
        -0.6729422184413395,
        -0.7378878270629903,
        -0.6864989030505028,
        -0.7478392251496089,
        -0.705158203660202,
        -0.7156802396826862,
        -0.7309537152134477
      ],
      [
        -0.5811867826715633,
        -0.7305236695557935,
        -0.6455077071087982,
        -0.7361581160115152,
        -0.7316983148313773,
        -0.7038377027594018,
        -0.6395726409953257,
        -0.7311119345562083,
        -0.7038148563699753,
        1.0,
        -0.7114101786951421,
        -0.722796020373597,
        -0.5997192267178877,
        -0.745813682047908,
        -0.642656253592125,
        -0.742166439852191,
        -0.659176065111704,
        -0.6678735360334602,
        -0.6716703592641418
      ],
      [
        -0.7134168236549838,
        -0.7364502712167521,
        -0.7238674074905285,
        -0.7128426295444321,
        -0.6859425730187623,
        -0.7094140898183418,
        -0.6742620243297963,
        -0.7352489587522029,
        -0.7256491875347043,
        -0.7114101786951421,
        1.0,
        0.13039861518940463,
        -0.6789960418017441,
        -0.7510535347710562,
        -0.6885463357513446,
        -0.7085180160540614,
        -0.6838565522284769,
        -0.68283556706086,
        -0.7381852789831143
      ],
      [
        -0.7127328254609797,
        -0.7418980905454198,
        -0.736240405904925,
        -0.7140802821216181,
        -0.6699616947288031,
        -0.717108166293692,
        -0.6907759122909265,
        -0.7331692113012802,
        -0.7259838836070545,
        -0.722796020373597,
        0.13039861518940463,
        1.0,
        -0.7033124161543571,
        -0.7539109401976655,
        -0.701867141785393,
        -0.7161979428505838,
        -0.6965916624060594,
        -0.7014873491630256,
        -0.7328942628927892
      ],
      [
        -0.6684141545303263,
        -0.7281110297713671,
        -0.3597844118833834,
        -0.6748092150636027,
        -0.7019370976484629,
        -0.5682216405326749,
        -0.22406061011134976,
        -0.6764439602453065,
        -0.6729422184413395,
        -0.5997192267178877,
        -0.6789960418017441,
        -0.7033124161543571,
        1.0,
        -0.7279350901496158,
        -0.18068128784106688,
        -0.6873209973697196,
        -0.46753574467089853,
        -0.4608428960101213,
        -0.7006832192924584
      ],
      [
        -0.7348456277738009,
        -0.7536953694666901,
        -0.7290105215789286,
        -0.7514499410179386,
        -0.7501716965092802,
        -0.7118085809247662,
        -0.7396629724836017,
        -0.7595514354593891,
        -0.7378878270629903,
        -0.745813682047908,
        -0.7510535347710562,
        -0.7539109401976655,
        -0.7279350901496158,
        1.0,
        -0.7470857755247151,
        -0.7593004561550093,
        -0.75389982794005,
        -0.7129152664434385,
        -0.7463114622273211
      ],
      [
        -0.6723211452194139,
        -0.7107215963396423,
        -0.6638488276062545,
        -0.6762696867025406,
        -0.6962497560319628,
        -0.6685398822287679,
        0.28582402148078256,
        -0.6583009019805283,
        -0.6864989030505028,
        -0.642656253592125,
        -0.6885463357513446,
        -0.701867141785393,
        -0.18068128784106688,
        -0.7470857755247151,
        1.0,
        -0.6654310467257671,
        -0.23144362019820044,
        -0.4638891804396247,
        -0.7118214600260149
      ],
      [
        -0.7401850724279337,
        -0.6953882124204814,
        -0.7503018223489539,
        -0.5658667029367632,
        -0.6676089357204222,
        -0.686547932780452,
        -0.6492211376590197,
        -0.7135971203983236,
        -0.7478392251496089,
        -0.742166439852191,
        -0.7085180160540614,
        -0.7161979428505838,
        -0.6873209973697196,
        -0.7593004561550093,
        -0.6654310467257671,
        1.0,
        -0.6104866331912184,
        -0.6484522533083621,
        -0.7432773864577304
      ],
      [
        -0.6924206801085496,
        -0.4858158183889213,
        -0.7090929935864744,
        -0.6655866879252519,
        -0.6603283484202846,
        -0.6889761612109031,
        -0.20754358089357333,
        -0.6764926282985666,
        -0.705158203660202,
        -0.659176065111704,
        -0.6838565522284769,
        -0.6965916624060594,
        -0.46753574467089853,
        -0.75389982794005,
        -0.23144362019820044,
        -0.6104866331912184,
        1.0,
        -0.5396847186276155,
        -0.7218730158143949
      ],
      [
        -0.6563416358264011,
        -0.7086086640181868,
        -0.6546359261957835,
        -0.5963643154472891,
        -0.6655485132737335,
        0.017609150753167026,
        -0.3796512357602163,
        -0.6958927725432378,
        -0.7156802396826862,
        -0.6678735360334602,
        -0.68283556706086,
        -0.7014873491630256,
        -0.4608428960101213,
        -0.7129152664434385,
        -0.4638891804396247,
        -0.6484522533083621,
        -0.5396847186276155,
        1.0,
        -0.7151824226118555
      ],
      [
        -0.6636733551934266,
        -0.744501225570662,
        -0.7410515568875453,
        -0.7378908336247014,
        -0.7360144848291589,
        -0.7232277807137345,
        -0.703914435624472,
        -0.7487135088454563,
        -0.7309537152134477,
        -0.6716703592641418,
        -0.7381852789831143,
        -0.7328942628927892,
        -0.7006832192924584,
        -0.7463114622273211,
        -0.7118214600260149,
        -0.7432773864577304,
        -0.7218730158143949,
        -0.7151824226118555,
        1.0
      ]
    ],
    "series": {
      "2020-01": [
        80,
        7,
        24,
        25,
        28,
        16,
        42,
        26,
        8,
        39,
        8,
        19,
        28,
        3,
        15,
        13,
        33,
        37,
        18
      ],
      "2020-02": [
        66,
        10,
        27,
        15,
        25,
        26,
        40,
        21,
        8,
        30,
        2,
        28,
        20,
        7,
        16,
        18,
        42,
        29,
        10
      ],
      "2020-03": [
        54,
        4,
        28,
        20,
        28,
        17,
        42,
        16,
        7,
        32,
        3,
        20,
        19,
        7,
        20,
        12,
        31,
        23,
        4
      ],
      "2020-04": [
        79,
        7,
        30,
        33,
        32,
        20,
        37,
        16,
        12,
        39,
        7,
        19,
        17,
        15,
        16,
        12,
        43,
        18,
        3
      ],
      "2020-05": [
        50,
        10,
        32,
        21,
        22,
        15,
        54,
        20,
        7,
        25,
        5,
        26,
        22,
        6,
        20,
        13,
        39,
        22,
        9
      ],
      "2020-06": [
        74,
        13,
        33,
        18,
        39,
        25,
        58,
        14,
        8,
        45,
        5,
        35,
        35,
        10,
        15,
        29,
        32,
        46,
        25
      ],
      "2020-07": [
        68,
        13,
        49,
        17,
        37,
        21,
        45,
        18,
        13,
        48,
        7,
        40,
        31,
        6,
        18,
        10,
        33,
        33,
        9
      ],
      "2020-08": [
        66,
        8,
        29,
        25,
        32,
        23,
        28,
        18,
        15,
        27,
        2,
        23,
        21,
        3,
        20,
        9,
        29,
        19,
        10
      ],
      "2020-09": [
        70,
        9,
        38,
        19,
        48,
        14,
        64,
        25,
        14,
        40,
        9,
        33,
        28,
        9,
        19,
        24,
        42,
        35,
        8
      ],
      "2020-10": [
        61,
        10,
        50,
        21,
        30,
        16,
        47,
        14,
        12,
        35,
        7,
        35,
        23,
        8,
        16,
        28,
        42,
        29,
        5
      ],
      "2020-11": [
        73,
        6,
        28,
        26,
        42,
        28,
        53,
        14,
        16,
        44,
        6,
        28,
        16,
        9,
        19,
        18,
        27,
        24,
        5
      ],
      "2020-12": [
        69,
        2,
        31,
        10,
        31,
        15,
        39,
        13,
        15,
        39,
        6,
        24,
        16,
        6,
        20,
        22,
        31,
        22,
        11
      ],
      "2021-01": [
        53,
        8,
        25,
        24,
        27,
        10,
        45,
        15,
        14,
        29,
        4,
        39,
        27,
        6,
        18,
        18,
        35,
        27,
        8
      ],
      "2021-02": [
        54,
        10,
        35,
        11,
        28,
        12,
        37,
        8,
        14,
        33,
        6,
        23,
        19,
        4,
        11,
        14,
        30,
        26,
        13
      ],
      "2021-03": [
        65,
        6,
        31,
        22,
        40,
        20,
        35,
        19,
        14,
        32,
        4,
        23,
        23,
        5,
        17,
        13,
        30,
        34,
        13
      ],
      "2021-04": [
        49,
        9,
        25,
        17,
        31,
        15,
        32,
        18,
        14,
        38,
        6,
        27,
        15,
        8,
        13,
        10,
        29,
        25,
        5
      ],
      "2021-05": [
        62,
        11,
        27,
        15,
        21,
        12,
        38,
        20,
        12,
        35,
        8,
        22,
        23,
        4,
        14,
        15,
        36,
        28,
        10
      ],
      "2021-06": [
        48,
        14,
        40,
        22,
        33,
        15,
        37,
        8,
        13,
        47,
        6,
        32,
        13,
        2,
        23,
        15,
        31,
        17,
        8
      ],
      "2021-07": [
        46,
        8,
        27,
        19,
        32,
        12,
        21,
        11,
        11,
        33,
        5,
        25,
        22,
        10,
        17,
        17,
        23,
        26,
        13
      ],
      "2021-08": [
        48,
        4,
        27,
        13,
        37,
        18,
        27,
        8,
        9,
        29,
        6,
        19,
        19,
        5,
        9,
        7,
        25,
        22,
        13
      ],
      "2021-09": [
        74,
        15,
        37,
        19,
        31,
        15,
        52,
        20,
        10,
        42,
        9,
        38,
        32,
        12,
        18,
        21,
        39,
        26,
        11
      ],
      "2021-10": [
        57,
        12,
        32,
        27,
        40,
        18,
        49,
        18,
        14,
        38,
        3,
        20,
        18,
        8,
        13,
        10,
        20,
        32,
        16
      ],
      "2021-11": [
        63,
        12,
        29,
        27,
        46,
        25,
        39,
        19,
        20,
        49,
        6,
        34,
        22,
        8,
        18,
        22,
        42,
        37,
        11
      ],
      "2021-12": [
        65,
        6,
        38,
        16,
        25,
        26,
        39,
        16,
        12,
        35,
        4,
        29,
        15,
        10,
        20,
        11,
        25,
        29,
        9
      ],
      "2022-01": [
        44,
        11,
        34,
        18,
        38,
        16,
        41,
        16,
        15,
        29,
        3,
        24,
        14,
        8,
        20,
        11,
        40,
        32,
        13
      ],
      "2022-02": [
        51,
        9,
        37,
        19,
        30,
        9,
        36,
        15,
        12,
        34,
        4,
        15,
        17,
        6,
        6,
        17,
        27,
        18,
        9
      ],
      "2022-03": [
        83,
        11,
        41,
        25,
        29,
        17,
        46,
        13,
        15,
        45,
        5,
        27,
        24,
        9,
        21,
        17,
        39,
        24,
        10
      ],
      "2022-04": [
        57,
        10,
        23,
        14,
        28,
        12,
        42,
        11,
        8,
        49,
        11,
        31,
        19,
        9,
        11,
        9,
        33,
        25,
        12
      ],
      "2022-05": [
        63,
        8,
        36,
        17,
        27,
        21,
        37,
        11,
        12,
        48,
        6,
        31,
        17,
        11,
        19,
        8,
        15,
        23,
        6
      ],
      "2022-06": [
        97,
        12,
        39,
        18,
        31,
        15,
        47,
        18,
        18,
        54,
        4,
        22,
        20,
        11,
        20,
        26,
        40,
        23,
        10
      ],
      "2022-07": [
        68,
        10,
        33,
        19,
        42,
        19,
        72,
        24,
        11,
        35,
        4,
        24,
        15,
        10,
        13,
        14,
        21,
        24,
        8
      ],
      "2022-08": [
        64,
        13,
        28,
        14,
        31,
        11,
        73,
        10,
        15,
        45,
        5,
        36,
        22,
        2,
        19,
        19,
        29,
        26,
        14
      ],
      "2022-09": [
        70,
        6,
        37,
        15,
        27,
        20,
        47,
        16,
        24,
        44,
        11,
        31,
        23,
        8,
        18,
        20,
        27,
        48,
        12
      ],
      "2022-10": [
        70,
        12,
        30,
        28,
        36,
        20,
        48,
        17,
        12,
        50,
        10,
        35,
        32,
        7,
        20,
        13,
        28,
        38,
        11
      ],
      "2022-11": [
        72,
        5,
        37,
        21,
        29,
        17,
        50,
        24,
        23,
        39,
        9,
        32,
        27,
        10,
        18,
        17,
        29,
        47,
        1
      ],
      "2022-12": [
        48,
        7,
        27,
        14,
        28,
        12,
        59,
        14,
        20,
        21,
        4,
        27,
        19,
        1,
        21,
        17,
        35,
        30,
        8
      ],
      "2023-01": [
        64,
        5,
        33,
        19,
        36,
        15,
        55,
        32,
        13,
        36,
        7,
        28,
        30,
        5,
        4,
        27,
        35,
        32,
        10
      ],
      "2023-02": [
        55,
        10,
        22,
        18,
        26,
        17,
        41,
        19,
        18,
        31,
        2,
        26,
        22,
        3,
        11,
        13,
        32,
        37,
        8
      ],
      "2023-03": [
        67,
        6,
        37,
        19,
        30,
        21,
        49,
        20,
        12,
        32,
        5,
        31,
        23,
        9,
        12,
        16,
        24,
        56,
        11
      ],
      "2023-04": [
        71,
        3,
        28,
        26,
        28,
        24,
        47,
        23,
        12,
        25,
        7,
        21,
        17,
        8,
        13,
        14,
        31,
        36,
        7
      ],
      "2023-05": [
        59,
        9,
        34,
        26,
        39,
        31,
        56,
        22,
        10,
        36,
        5,
        29,
        22,
        4,
        12,
        10,
        34,
        38,
        7
      ],
      "2023-06": [
        57,
        7,
        40,
        22,
        37,
        32,
        48,
        24,
        21,
        47,
        5,
        29,
        23,
        12,
        15,
        28,
        30,
        31,
        17
      ],
      "2023-07": [
        62,
        10,
        32,
        22,
        38,
        28,
        49,
        21,
        14,
        28,
        7,
        35,
        24,
        11,
        13,
        12,
        23,
        29,
        7
      ],
      "2023-08": [
        57,
        14,
        38,
        18,
        38,
        23,
        47,
        18,
        14,
        26,
        6,
        19,
        18,
        5,
        9,
        14,
        22,
        36,
        9
      ],
      "2023-09": [
        73,
        16,
        38,
        20,
        32,
        14,
        58,
        23,
        15,
        39,
        5,
        19,
        35,
        14,
        22,
        23,
        34,
        35,
        11
      ],
      "2023-10": [
        76,
        18,
        39,
        21,
        35,
        25,
        72,
        18,
        18,
        40,
        7,
        30,
        28,
        13,
        14,
        21,
        38,
        35,
        11
      ],
      "2023-11": [
        72,
        8,
        42,
        19,
        31,
        24,
        59,
        22,
        19,
        41,
        6,
        27,
        27,
        9,
        12,
        21,
        29,
        41,
        9
      ],
      "2023-12": [
        65,
