{
  "topics": {
    "data": {
      "0": {
        "name": "0_dark_matter_model_energy",
        "keywords": [
          [
            "dark",
            0.018165710703003907
          ],
          [
            "matter",
            0.014426835620710596
          ],
          [
            "model",
            0.014161666760301382
          ],
          [
            "energy",
            0.01275175419901613
          ],
          [
            "gravitational",
            0.012724390385925072
          ],
          [
            "dark matter",
            0.011849305570423675
          ],
          [
            "cosmological",
            0.011085838117854829
          ],
          [
            "scalar",
            0.01065745873402903
          ],
          [
            "field",
            0.010369698488687651
          ],
          [
            "models",
            0.009879132134591023
          ]
        ],
        "count": 11241
      },
      "1": {
        "name": "1_power_galaxy_cosmological_simulations",
        "keywords": [
          [
            "power",
            0.01776868817065192
          ],
          [
            "galaxy",
            0.017316327890905127
          ],
          [
            "cosmological",
            0.014979159572870812
          ],
          [
            "simulations",
            0.01482704735002028
          ],
          [
            "power spectrum",
            0.0146830844184562
          ],
          [
            "spectrum",
            0.013882682026513807
          ],
          [
            "model",
            0.011589889524523243
          ],
          [
            "parameters",
            0.011312889416342165
          ],
          [
            "space",
            0.010750901564802864
          ],
          [
            "bispectrum",
            0.01061408197988237
          ]
        ],
        "count": 1104
      },
      "2": {
        "name": "2_CMB_polarization_power_Planck",
        "keywords": [
          [
            "CMB",
            0.046072588566982875
          ],
          [
            "polarization",
            0.026497358223174252
          ],
          [
            "power",
            0.016581389313152232
          ],
          [
            "Planck",
            0.01625462015250405
          ],
          [
            "maps",
            0.016182344311295623
          ],
          [
            "data",
            0.01495832906193833
          ],
          [
            "sky",
            0.014545567668703034
          ],
          [
            "cosmic",
            0.013965935218786462
          ],
          [
            "microwave",
            0.013122360149799664
          ],
          [
            "mode",
            0.012961885581386669
          ]
        ],
        "count": 832
      },
      "3": {
        "name": "3_cm_signal_cm signal_power",
        "keywords": [
          [
            "cm",
            0.05376550083994189
          ],
          [
            "signal",
            0.03406940054361808
          ],
          [
            "cm signal",
            0.024130381048786096
          ],
          [
            "power",
            0.02006711785558918
          ],
          [
            "spectrum",
            0.01703904667590573
          ],
          [
            "power spectrum",
            0.0169374817638743
          ],
          [
            "EoR",
            0.015320718412640821
          ],
          [
            "reionization",
            0.014569072930540623
          ],
          [
            "foreground",
            0.014155052181791793
          ],
          [
            "21cm",
            0.014074281434409426
          ]
        ],
        "count": 605
      },
      "4": {
        "name": "4_Ia_SN_SNe_Hubble",
        "keywords": [
          [
            "Ia",
            0.05225587070574914
          ],
          [
            "SN",
            0.03387737830064013
          ],
          [
            "SNe",
            0.03327041958584326
          ],
          [
            "Hubble",
            0.02096554206486679
          ],
          [
            "distance",
            0.018377456439741653
          ],
          [
            "Type",
            0.017550204679802152
          ],
          [
            "host",
            0.016922591206454146
          ],
          [
            "time",
            0.015769434638048897
          ],
          [
            "H_0",
            0.014506962078834115
          ],
          [
            "mag",
            0.014484489877861393
          ]
        ],
        "count": 441
      },
      "5": {
        "name": "5_mass_halo_dark matter_matter",
        "keywords": [
          [
            "mass",
            0.0268891461122249
          ],
          [
            "halo",
            0.02657548688775664
          ],
          [
            "dark matter",
            0.02540079640960708
          ],
          [
            "matter",
            0.02485796126431146
          ],
          [
            "dark",
            0.024111833057721396
          ],
          [
            "galaxies",
            0.020476844982493487
          ],
          [
            "simulations",
            0.017500132964691332
          ],
          [
            "Milky",
            0.016610100079140124
          ],
          [
            "Way",
            0.01655639149569327
          ],
          [
            "SIDM",
            0.016108318760875505
          ]
        ],
        "count": 432
      },
      "6": {
        "name": "6_shear_galaxy_cosmic shear_weak",
        "keywords": [
          [
            "shear",
            0.05269882388877455
          ],
          [
            "galaxy",
            0.024869544659167287
          ],
          [
            "cosmic shear",
            0.022549747887152072
          ],
          [
            "weak",
            0.01920229983043219
          ],
          [
            "redshift",
            0.017913747828162702
          ],
          [
            "cosmic",
            0.015459661430569463
          ],
          [
            "bias",
            0.015050254887124661
          ],
          [
            "analysis",
            0.013617132470495834
          ],
          [
            "data",
            0.01332159034297127
          ],
          [
            "cosmological",
            0.012889142199914666
          ]
        ],
        "count": 336
      },
      "7": {
        "name": "7_photometric_redshift_redshifts_Survey",
        "keywords": [
          [
            "photometric",
            0.02527650089252112
          ],
          [
            "redshift",
            0.02152025408387067
          ],
          [
            "redshifts",
            0.01837669640039304
          ],
          [
            "Survey",
            0.018135603252001718
          ],
          [
            "survey",
            0.018129707022245572
          ],
          [
            "Euclid",
            0.01784092233627515
          ],
          [
            "data",
            0.017448954729291765
          ],
          [
            "galaxies",
            0.017384579045692967
          ],
          [
            "photo",
            0.016734931745743125
          ],
          [
            "Roman",
            0.014208594403273437
          ]
        ],
        "count": 294
      },
      "8": {
        "name": "8_reionization_alpha_IGM_ionizing",
        "keywords": [
          [
            "reionization",
            0.04948396891191244
          ],
          [
            "alpha",
            0.030583469580545
          ],
          [
            "IGM",
            0.02639339783910714
          ],
          [
            "ionizing",
            0.020782679559026414
          ],
          [
            "Lyman",
            0.020103144263810643
          ],
          [
            "neutral",
            0.01804242579835551
          ],
          [
            "galaxies",
            0.015513588886981435
          ],
          [
            "simulations",
            0.01402899003616503
          ],
          [
            "Reionization",
            0.013716272748273278
          ],
          [
            "intergalactic",
            0.013505606633301106
          ]
        ],
        "count": 278
      },
      "9": {
        "name": "9_galaxies_star_emission_AGN",
        "keywords": [
          [
            "galaxies",
            0.029598497056852316
          ],
          [
            "star",
            0.022062708481706935
          ],
          [
            "emission",
            0.0216840661685507
          ],
          [
            "AGN",
            0.02048087401252926
          ],
          [
            "gas",
            0.019917262235343052
          ],
          [
            "dust",
            0.016815333631478593
          ],
          [
            "UV",
            0.014673703384861448
          ],
          [
            "galaxy",
            0.014387573265691017
          ],
          [
            "line",
            0.014167505759547552
          ],
          [
            "star formation",
            0.013704154081346995
          ]
        ],
        "count": 270
      },
      "10": {
        "name": "10_radio_cluster_emission_Abell",
        "keywords": [
          [
            "radio",
            0.08268263631286266
          ],
          [
            "cluster",
            0.04304599944351169
          ],
          [
            "emission",
            0.028743748030540948
          ],
          [
            "Abell",
            0.02681457813252924
          ],
          [
            "clusters",
            0.025538043733196764
          ],
          [
            "ray",
            0.023867685926582803
          ],
          [
            "galaxy",
            0.021553769045471648
          ],
          [
            "The",
            0.019855214142547276
          ],
          [
            "MHz",
            0.01902293383191434
          ],
          [
            "observations",
            0.01763445968111819
          ]
        ],
        "count": 249
      },
      "11": {
        "name": "11_FDM_matter_dark matter_dark",
        "keywords": [
          [
            "FDM",
            0.03742751757805975
          ],
          [
            "matter",
            0.03609617719982489
          ],
          [
            "dark matter",
            0.035683210037961724
          ],
          [
            "dark",
            0.03410956591205243
          ],
          [
            "self",
            0.024902221367562333
          ],
          [
            "soliton",
            0.023993089007504236
          ],
          [
            "core",
            0.023285604120559307
          ],
          [
            "halo",
            0.022549638377479614
          ],
          [
            "mass",
            0.020345452240039242
          ],
          [
            "fuzzy",
            0.015392800784575947
          ]
        ],
        "count": 196
      },
      "12": {
        "name": "12_formation_star_mass_JWST",
        "keywords": [
          [
            "formation",
            0.030766877860943793
          ],
          [
            "star",
            0.027052318059161425
          ],
          [
            "mass",
            0.02692458135803619
          ],
          [
            "JWST",
            0.021892675429312294
          ],
          [
            "black",
            0.021339188206449207
          ],
          [
            "star formation",
            0.020042472703070146
          ],
          [
            "high",
            0.019319688849448135
          ],
          [
            "stellar",
            0.018675102082613786
          ],
          [
            "stars",
            0.01860613015026832
          ],
          [
            "galaxies",
            0.01691130127600552
          ]
        ],
        "count": 192
      }
    },
    "correlations": [
      [
        1.0,
        -0.3144778581046538,
        -0.632979367172687,
        -0.6828463019784681,
        -0.6755219422037069,
        -0.3316925891772582,
        -0.36722938026769436,
        -0.3138816897282575,
        -0.7158801214708596,
        -0.6813274629340031,
        -0.7046721950433462,
        -0.312059355982894,
        -0.5994495889627971
      ],
      [
        -0.3144778581046538,
        1.0,
        -0.4924338767009549,
        -0.4833284410659763,
        -0.6999879498861193,
        -0.5932164417168656,
        -0.24594168661924876,
        -0.24202978825084603,
        -0.6957141476486703,
        -0.6532221889921421,
        -0.6773729970494125,
        -0.6205205956382221,
        -0.6177088784256946
      ],
      [
        -0.632979367172687,
        -0.4924338767009549,
        1.0,
        -0.5847957400042263,
        -0.6584498183336809,
        -0.690299130711809,
        -0.6371340643735763,
        -0.6640579625159385,
        -0.7073030383458385,
        -0.7311556063744047,
        -0.7205654224555029,
        -0.6877376972556009,
        -0.7061092034883707
      ],
      [
        -0.6828463019784681,
        -0.4833284410659763,
        -0.5847957400042263,
        1.0,
        -0.7541255164295476,
        -0.6888792025053463,
        -0.6841884514696224,
        -0.6829797921571459,
        -0.6498841915554749,
        -0.7018833956976547,
        -0.6893418982269173,
        -0.691128624871036,
        -0.6930348722030486
      ],
      [
        -0.6755219422037069,
        -0.6999879498861193,
        -0.6584498183336809,
        -0.7541255164295476,
        1.0,
        -0.7181148819638514,
        -0.7133456561541056,
        -0.6843448419631148,
        -0.7502723654646983,
        -0.7359191722696717,
        -0.7421353801869344,
        -0.7291551144462963,
        -0.728949550654501
      ],
      [
        -0.3316925891772582,
        -0.5932164417168656,
        -0.690299130711809,
        -0.6888792025053463,
        -0.7181148819638514,
        1.0,
        -0.6066685331568091,
        -0.6126022137017832,
        -0.7095486019219899,
        -0.4391734502686607,
        -0.664009334218989,
        0.21145369664516558,
        -0.4347197997875031
      ],
      [
        -0.36722938026769436,
        -0.24594168661924876,
        -0.6371340643735763,
        -0.6841884514696224,
        -0.7133456561541056,
        -0.6066685331568091,
        1.0,
        -0.2187944291000871,
        -0.7279928367928797,
        -0.657377235434814,
        -0.670528555050893,
        -0.6480535035003983,
        -0.6481357168068779
      ],
      [
        -0.3138816897282575,
        -0.24202978825084603,
        -0.6640579625159385,
        -0.6829797921571459,
        -0.6843448419631148,
        -0.6126022137017832,
        -0.2187944291000871,
        1.0,
        -0.7022026590652486,
        -0.6158127453767085,
        -0.6591643727651546,
        -0.6581134444002457,
        -0.6156010865864259
      ],
      [
        -0.7158801214708596,
        -0.6957141476486703,
        -0.7073030383458385,
        -0.6498841915554749,
        -0.7502723654646983,
        -0.7095486019219899,
        -0.7279928367928797,
        -0.7022026590652486,
        1.0,
        -0.6162872564091059,
        -0.7344086405485739,
        -0.7261226490924512,
        -0.6942090659955598
      ],
      [
        -0.6813274629340031,
        -0.6532221889921421,
        -0.7311556063744047,
        -0.7018833956976547,
        -0.7359191722696717,
        -0.4391734502686607,
        -0.657377235434814,
        -0.6158127453767085,
        -0.6162872564091059,
        1.0,
        -0.5977466617969526,
        -0.6751541703397244,
        -0.3750561268504139
      ],
      [
        -0.7046721950433462,
        -0.6773729970494125,
        -0.7205654224555029,
        -0.6893418982269173,
        -0.7421353801869344,
        -0.664009334218989,
        -0.670528555050893,
        -0.6591643727651546,
        -0.7344086405485739,
        -0.5977466617969526,
        1.0,
        -0.6982855113789357,
        -0.6687744755170782
      ],
      [
        -0.312059355982894,
        -0.6205205956382221,
        -0.6877376972556009,
        -0.691128624871036,
        -0.7291551144462963,
        0.21145369664516558,
        -0.6480535035003983,
        -0.6581134444002457,
        -0.7261226490924512,
        -0.6751541703397244,
        -0.6982855113789357,
        1.0,
        -0.5866737804240145
      ],
      [
        -0.5994495889627971,
        -0.6177088784256946,
        -0.7061092034883707,
        -0.6930348722030486,
        -0.728949550654501,
        -0.4347197997875031,
        -0.6481357168068779,
        -0.6156010865864259,
        -0.6942090659955598,
        -0.3750561268504139,
        -0.6687744755170782,
        -0.5866737804240145,
        1.0
      ]
    ],
    "series": {
      "2020-01": [
        54,
        15,
        27,
        8,
        16,
        15,
        5,
        4,
        13,
        7,
        10,
        33,
        31
      ],
      "2020-02": [
        62,
        17,
        21,
        12,
        16,
        13,
        10,
        6,
        10,
        10,
        20,
        34,
        28
      ],
      "2020-03": [
        71,
        11,
        25,
        5,
        8,
        15,
        9,
        4,
        9,
        5,
        17,
        43,
        23
      ],
      "2020-04": [
        70,
        26,
        27,
        12,
        16,
        12,
        19,
        7,
        13,
        7,
        15,
        49,
        26
      ],
      "2020-05": [
        101,
        28,
        25,
        18,
        16,
        13,
        11,
        6,
        17,
        8,
        10,
        44,
        22
      ],
      "2020-06": [
        83,
        18,
        42,
        11,
        9,
        26,
        15,
        3,
        10,
        7,
        15,
        62,
        55
      ],
      "2020-07": [
        107,
        32,
        35,
        11,
        15,
        22,
        19,
        12,
        10,
        15,
        15,
        74,
        48
      ],
      "2020-08": [
        53,
        20,
        21,
        8,
        15,
        20,
        8,
        8,
        12,
        6,
        18,
        52,
        18
      ],
      "2020-09": [
        65,
        22,
        31,
        12,
        15,
        15,
        11,
        4,
        12,
        7,
        15,
        38,
        30
      ],
      "2020-10": [
        79,
        30,
        21,
        9,
        18,
        22,
        23,
        8,
        5,
        5,
        13,
        61,
        30
      ],
      "2020-11": [
        90,
        25,
        46,
        17,
        15,
        15,
        15,
        5,
        14,
        12,
        21,
        61,
        37
      ],
      "2020-12": [
        70,
        19,
        38,
        11,
        15,
        19,
        24,
        7,
        11,
        6,
        18,
        62,
        39
      ],
      "2021-01": [
        66,
        11,
        32,
        12,
        14,
        16,
        10,
        7,
        6,
        8,
        20,
        41,
        25
      ],
      "2021-02": [
        60,
        19,
        39,
        10,
        10,
        11,
        7,
        6,
        6,
        6,
        21,
        42,
        29
      ],
      "2021-03": [
        67,
        11,
        30,
        15,
        11,
        18,
        13,
        8,
        16,
        3,
        22,
        49,
        38
      ],
      "2021-04": [
        71,
        15,
        32,
        9,
        17,
        20,
        16,
        10,
        3,
        3,
        20,
        44,
        24
      ],
      "2021-05": [
        85,
        14,
        32,
        11,
        15,
        13,
        15,
        4,
        15,
        3,
        17,
        44,
        41
      ],
      "2021-06": [
        71,
        29,
        33,
        11,
        17,
        16,
        13,
        6,
        6,
        7,
        23,
        58,
        31
      ],
      "2021-07": [
        86,
        22,
        30,
        21,
        24,
        16,
        13,
        6,
        7,
        8,
        19,
        44,
        31
      ],
      "2021-08": [
        85,
        18,
        20,
        20,
        10,
        12,
        10,
        8,
        10,
        2,
        22,
        46,
        26
      ],
      "2021-09": [
        69,
        26,
        29,
        5,
        20,
        24,
        16,
        8,
        15,
        14,
        19,
        69,
        43
      ],
      "2021-10": [
        79,
        27,
        23,
        13,
        20,
        20,
        19,
        7,
        13,
        14,
        31,
        53,
        47
      ],
      "2021-11": [
        83,
        28,
        47,
        8,
        16,
        20,
        17,
        3,
        11,
        7,
        38,
        46,
        37
      ],
      "2021-12": [
        84,
        13,
        39,
        15,
        17,
        24,
        11,
        6,
        14,
        10,
        19,
        62,
        42
      ],
      "2022-01": [
        77,
        19,
        19,
        13,
        11,
        18,
        12,
        6,
        9,
        6,
        19,
        45,
        47
      ],
      "2022-02": [
        59,
        16,
        30,
        8,
        17,
        16,
        5,
        12,
        10,
        6,
        15,
        42,
        19
      ],
      "2022-03": [
        110,
        24,
        35,
        14,
        18,
        20,
        16,
        12,
        12,
        14,
        21,
        74,
        27
      ],
      "2022-04": [
        67,
        23,
        29,
        12,
        9,
        17,
        14,
        6,
        11,
        14,
        14,
        52,
        35
      ],
      "2022-05": [
        78,
        23,
        42,
        17,
        13,
        22,
        8,
        7,
        9,
        10,
        20,
        53,
        50
      ],
      "2022-06": [
        58,
        21,
        30,
        10,
        14,
        26,
        17,
        11,
        8,
        11,
        20,
        52,
        31
      ],
      "2022-07": [
        89,
        24,
        30,
        11,
        16,
        21,
        11,
        7,
        18,
        8,
        33,
        65,
        35
      ],
      "2022-08": [
        66,
        17,
        32,
        12,
        19,
        15,
        13,
        5,
        9,
        8,
        17,
        46,
        33
      ],
      "2022-09": [
        74,
        25,
        34,
        19,
        19,
        15,
        13,
        5,
        12,
        7,
        20,
        56,
        30
      ],
      "2022-10": [
        63,
        26,
        38,
        15,
        15,
        21,
        28,
        10,
        10,
        8,
        17,
        72,
        48
      ],
      "2022-11": [
        82,
        27,
        38,
        12,
        20,
        25,
        17,
        11,
        10,
        7,
        15,
        66,
        51
      ],
      "2022-12": [
        93,
        20,
        42,
        22,
        18,
        14,
        10,
        6,
        7,
        8,
        10,
        54,
        37
      ],
      "2023-01": [
        62,
        18,
        36,
        11,
        24,
        14,
        13,
        12,
        12,
        10,
        18,
        54,
        36
      ],
      "2023-02": [
        66,
        23,
        20,
        14,
        14,
        15,
        12,
        6,
        6,
        12,
        12,
        42,
        24
      ],
      "2023-03": [
        67,
        17,
        38,
        8,
        18,
        17,
        6,
        9,
        8,
        5,
        22,
        55,
        43
      ],
      "2023-04": [
        70,
        21,
        18,
        8,
        15,
        17,
        16,
        6,
        12,
        13,
        14,
        60,
        39
      ],
      "2023-05": [
        81,
        29,
        43,
        17,
        16,
        24,
        14,
        13,
        18,
        5,
        19,
        56,
        49
      ],
      "2023-06": [
        95,
        26,
        30,
        11,
        23,
        21,
        14,
        10,
        14,
        10,
        19,
        59,
        51
      ],
      "2023-07": [
        98,
        31,
        25,
        25,
        20,
        17,
        18,
        7,
        9,
        8,
        16,
        65,
        51
      ],
      "2023-08": [
        70,
        17,
        18,
        12,
        8,
        16,
        9,
        2,
        13,
        5,
        14,
        57,
        35
      ],
      "2023-09": [
        99,
        23,
        30,
        16,
        33,
        28,
        18,
        9,
        16,
        14,
        16,
        53,
        42
      ],
      "2023-10": [
        76,
        30,
        34,
        17,
        14,
        17,
        22,
        10,
        18,
        16,
        31,
        60,
        38
      ],
      "2023-11": [
        84,
        31,
        25,
        20,
        25,
        26,
        9,
        9,
        14,
        9,
        15,
        70,
        49
      ],
      "2023-12": [
        96,
        26,
        35,
        15,
        16,
        10,
        13,
        11,
        13,
        5,
        21,
        63,
        47
      ],
      "2024-01": [
        76,
        12,
        27,
        15,
        21,
        15,
        11,
        9,
        7,
        6,
        27,
        44,
        31
      ],
      "2024-02": [
        60,
        21,
        24,
        7,
        18,
        13,
        17,
        8,
        6,
        7,
        27,
        64,
        53
      ],
      "2024-03": [
        71,
        26,
        37,
        10,
        15,
        26,
        14,
        5,
        7,
        8,
        29,
        60,
        46
      ],
      "2024-04": [
        84,
        31,
        40,
        10,
        20,
        18,
        17,
        7,
        18,
        10,
        18,
        59,
        41
      ],
      "2024-05": [
        96,
        27,
        65,
        14,
        27,
        21,
        16,
        9,
        20,
        14,
        20,
        66,
        51
      ],
      "2024-06": [
        113,
        28,
        37,
        16,
        27,
        22,
        19,
        10,
        13,
        9,
        15,
        60,
        47
      ],
      "2024-07": [
        93,
        31,
        34,
        21,
        29,
        23,
        17,
        9,
        11,
        14,
        19,
        75,
        52
      ],
      "2024-08": [
        82,
        17,
        32,
        17,
        30,
        21,
        9,
        5,
        4,
        7,
        27,
        45,
        33
      ],
      "2024-09": [
        89,
        24,
        49,
        12,
        12,
        18,
        21,
        10,
        17,
        10,
        28,
        61,
        44
      ],
      "2024-10": [
        96,
        29,
        37,
        18,
        18,
        24,
        30,
        10,
        18,
        9,
        22,
        61,
        49
      ],
      "2024-11": [
        82,
        31,
        48,
        7,
        21,
        14,
        12,
        12,
        8,
        7,
        23,
        52,
        43
      ],
      "2024-12": [
        103,
        24,
        35,
        15,
        21,
        20,
        16,
        10,
        14,
        6,
        19,
        70,
        42
      ],
      "2025-01": [
        92,
        25,
        30,
        8,
        22,
        12,
        19,
        15,
        9,
        4,
        11,
        39,
        42
      ],
      "2025-02": [
        90,
        26,
        45,
        15,
        20,
        23,
        15,
        8,
        6,
        7,
        14,
        59,
        44
      ],
      "2025-03": [
        120,
        23,
        52,
        21,
        22,
        24,
        13,
        14,
        16,
        9,
        22,
        50,
        52
      ],
      "2025-04": [
        125,
        30,
        38,
        16,
        19,
        31,
        16,
        7,
        14,
        6,
        24,
        69,
        45
      ],
      "2025-05": [
        98,
        30,
        46,
        11,
        21,
        20,
        12,
        9,
        13,
        6,
        26,
        54,
        52
      ],
      "2025-06": [
        94,
        32,
        36,
        21,
        33,
        22,
        19,
        3,
        20,
        17,
        25,
        59,
        45
      ],
      "2025-07": [
        113,
        33,
        45,
        18,
        23,
        37,
        25,
        9,
        16,
        5,
        16,
        85,
        62
      ],
      "2025-08": [
        77,
        28,
        24,
        22,
        22,
        21,
        11,
        9,
        12,
        5,
        18,
        49,
        42
      ],
      "2025-09": [
        58,
        14,
        17,
        16,
        22,
        11,
        18,
        4,
        10,
        7,
        10,
        40,
        35
      ]
    },
    "papers": {
      "0": [
        {
          "title": "Early mass varying neutrino dark energy: Nugget formation and Hubble anomaly",
          "year": "2020-05",
          "abstract": "We present a novel scenario, in which light ($\\sim$ few \\rm{eV}) dark\nfermions (sterile neutrinos) interact with a scalar field like in mass varying\nneutrino dark energy theories. As the $\\rm{eV}$ sterile states naturally become\nnon-relativistic before the Matter Radiation Equality (MRE), we show that the\nneutrino-scalar fluid develops strong perturbative instability followed by the\nformation of neutrino-nuggets and the early dark energy behaviour disappears\naround MRE. The stability of the nugget is achieved when the Fermi pressure\nbalances the attractive scalar force and we numerically find the mass and\nradius of heavy cold nuggets by solving for the static configuration for the\nscalar field. We find that for the case when DM nugget density is sub-dominant\nand most of the early DE energy goes into scalar field dynamics, it can in\nprinciple relax the Hubble anomaly. Especially when a kinetic energy dominated\nphase appears after the phase transition, the DE density dilutes faster than\nradiation and satisfy the requirements for solving $H_0$ anomaly. In our\nscenario, unlike in originally proposed early dark energy theory, the dark\nenergy density is controlled by ($\\rm{eV}$) neutrino mass and it does not\nrequire a fine tuned EDE scale. We perform a MCMC analysis and confront our\nmodel with Planck + SHOES and BAO data and find an evidence for non-zero\nneutrino-scalar EDE density during MRE. Our analysis shows that this model is\nin agreement of nearly 1.3$\\sigma$ with SHOES measurement which is $H_0 = 74.03\n\\pm 1.42$ km/s/Mpc.",
          "arxiv_id": "2005.11889v4"
        },
        {
          "title": "Constraints on interacting dark energy revisited: implications for the Hubble tension",
          "year": "2023-08",
          "abstract": "We revisit a class of coupled dark energy models where dark energy interacts\nwith dark matter via phenomenological energy exchange terms. We include the\nperturbation of the Hubble rate in the interaction term, which was absent in\nprevious works. We also consider more recent data sets such as cosmic microwave\nbackground (CMB) anisotropies from \\text{Planck} 2018, type I-a supernovae\n(SNIa) measurements from Pantheon+ and data from baryon acoustic oscillations\n(BAO), and redshift space distortions (RSD). One of the models presents a\nstrong incompatibility when different cosmological datasets are used. We\nanalyze the influence of the SH0ES Cepheid host distances on the results and,\nalthough for one model the discrepancy of $H_0$ is reduced to $3.2\\sigma$ when\ncompared to the value obtained by the \\textit{Planck} collaboration and\n$3.6\\sigma$ when compared to the SH0ES team, joint analysis is incompatible.\nIncluding BAO with RSD shows incompatibility with SH0ES for all models\nconsidered here. We perform a model comparison and although there is a\npreference for interacting dark energy over $\\Lambda$CDM for all the models for\njoint analysis CMB+BAO+RSD+SNIa, most of the 2D contours do not overlap. We\nconclude that the models of interactions in the dark sector considered in this\npaper are not flexible enough to fit all the cosmological data including values\nof $H_0$ from SH0ES in a statistically acceptable way. Therefore, the addition\nof one extra degree of freedom (i.e. the coupling between dark matter and dark\nmatter) does not help enough to alleviate the already existing tension in the\nvanilla $\\Lambda$CDM, suggesting that the models would need to be modified to\ninclude further flexibility of predictions to help elucidate this issue.",
          "arxiv_id": "2308.05807v3"
        },
        {
          "title": "Bound Dark Energy: a particle's origin of dark energy",
          "year": "2025-03",
          "abstract": "Dark energy, the enigmatic force driving the accelerated cosmic expansion of\nthe universe, is conventionally described as a cosmological constant in the\nstandard $\\Lambda$CDM model. However, measurements from the Dark Energy\nSpectroscopic Instrument (DESI) reports a $> 2.5\\sigma$ preference for\ndynamical dark energy, with baryon acoustic oscillation (BAO) data favoring a\ntime varying equation of state $w(z)$ over the cosmological constant ($w=-1$).\nWe present the Bound Dark Energy (BDE) model, where dark energy originates from\nthe lightest meson field $\\phi$ in a dark SU(3) gauge sector, emerging\ndynamically via non perturbative interactions. Governed by an inverse-power-law\npotential $V(\\phi)=\\Lambda_{c}^{4 + 2/3}\\phi^{-2/3}$, BDE has no free\nparameters, one less than $\\Lambda$CDM and three less than $w_{0}w_{a}$CDM\nmodels. Combining the DESI BAO measurements, cosmic microwave background data,\nand Dark Energy Survey SN Ia distance measurements from the fifth year, BDE\nachieves a $42\\%$ and $37\\%$ reduction in the reduced $\\chi^{2}_{BAO}$ compared\nto $w_{0}w_{a}$CDM and $\\Lambda$CDM, respectively, while having an equivalent\nfit for type Ia supernovae and the cosmic microwave background data. The model\npredicts a dark energy equation of state transitioning from radiation like\n$w=1/3$ at early times ($a < a_{c}$) to $ w_{0}=-0.9301 \\pm 0.0004$ at present\ntime. The ($w_{0},w_{a}$) contour is 10,000 times smaller in BDE than in\n$w_{0}w_{a}$CDM model, while having an equivalent cosmological fit. Key\nparameters the condensation energy scale $\\Lambda_{c}=43.806 \\pm 0.19$ eV and\nepoch $a_{c}=2.4972 \\pm 0.011 \\times 10^{-6}$ align with high-energy physics\npredictions. These results, consistent with current observational bounds,\nestablish BDE as a predictive framework that unifies particle physics and\ncosmology, offering a first-principles resolution to dark energy dynamical\nnature.",
          "arxiv_id": "2503.19098v1"
        }
      ],
      "1": [
        {
          "title": "The constraining power of the Marked Power Spectrum: an analytical study",
          "year": "2024-11",
          "abstract": "The marked power spectrum - a two-point correlation function of a transformed\ndensity field - has emerged as a promising tool for extracting cosmological\ninformation from the large-scale structure of the Universe. In this work, we\npresent the first comprehensive analytical study of the marked power spectrum's\nsensitivity to primordial non-Gaussianity (PNG) of the non-local type. We\nextend previous effective field theory frameworks to incorporate PNG,\ndeveloping a complete theoretical model that we validate against the Quijote\nsimulation suite. Through a systematic Fisher analysis, we compare the\nconstraining power of the marked power spectrum against traditional approaches\ncombining the power spectrum and bispectrum (P+B). We explore different choices\nof mark parameters to evaluate their impact on parameter constraints,\nparticularly focusing on equilateral and orthogonal PNG as well as neutrino\nmasses. Our analysis shows that while marking up underdense regions yields\noptimal constraints in the low shot-noise regime, the marked power spectrum's\nperformance for discrete tracers with BOSS-like number densities does not\nsurpass that of P+B analysis at mildly non-linear scales ($k \\lesssim 0.25\n\\,h/\\text{Mpc}$). However, the marked approach offers several practical\nadvantages, including simpler estimation procedures and potentially more\nmanageable systematic effects. Our theoretical framework reveals how the marked\npower spectrum incorporates higher-order correlation information through terms\nresembling tree-level bispectra and power spectrum convolutions. This work\nestablishes a robust foundation for applying marked statistics to future\nlarge-volume surveys.",
          "arxiv_id": "2411.14377v1"
        },
        {
          "title": "Euclid preparation. TBD. Galaxy power spectrum modelling in real space",
          "year": "2023-12",
          "abstract": "We investigate the accuracy of the perturbative galaxy bias expansion in view\nof the forthcoming analysis of the Euclid spectroscopic galaxy samples. We\ncompare the performance of an Eulerian galaxy bias expansion, using\nstate-of-art prescriptions from the effective field theory of large-scale\nstructure (EFTofLSS), against a hybrid approach based on Lagrangian\nperturbation theory and high-resolution simulations. These models are\nbenchmarked against comoving snapshots of the Flagship I N-body simulation at\n$z=(0.9,1.2,1.5,1.8)$, which have been populated with H$\\alpha$ galaxies\nleading to catalogues of millions of objects within a volume of about\n$58\\,h^{-3}\\,{\\rm Gpc}^3$. Our analysis suggests that both models can be used\nto provide a robust inference of the parameters $(h, \\omega_{\\rm c})$ in the\nredshift range under consideration, with comparable constraining power. We\nadditionally determine the range of validity of the EFTofLSS model in terms of\nscale cuts and model degrees of freedom. From these tests, it emerges that the\nstandard third-order Eulerian bias expansion can accurately describe the full\nshape of the real-space galaxy power spectrum up to the maximum wavenumber\n$k_{\\rm max}=0.45\\,h\\,{\\rm Mpc}^{-1}$, even with a measurement precision well\nbelow the percent level. In particular, this is true for a configuration with\nsix free nuisance parameters, including local and non-local bias parameters, a\nmatter counterterm, and a correction to the shot-noise contribution. Fixing\neither tidal bias parameters to physically-motivated relations still leads to\nunbiased cosmological constraints. We finally repeat our analysis assuming a\nvolume that matches the expected footprint of Euclid, but without considering\nobservational effects, as purity and completeness, showing that we can get\nconsistent cosmological constraints over this range of scales and redshifts.",
          "arxiv_id": "2312.00679v1"
        },
        {
          "title": "Accurate emulator for the redshift-space power spectrum of dark matter halos and its application to galaxy power spectrum",
          "year": "2020-05",
