{
  "topics": {
    "data": {
      "0": {
        "name": "0_active_particles_particle_dynamics",
        "keywords": [
          [
            "active",
            0.028020726692820304
          ],
          [
            "particles",
            0.019228068479695333
          ],
          [
            "particle",
            0.015174599373400146
          ],
          [
            "dynamics",
            0.012261857920668333
          ],
          [
            "self",
            0.01222596349196243
          ],
          [
            "motion",
            0.01200971608629704
          ],
          [
            "time",
            0.011808419229910534
          ],
          [
            "systems",
            0.010924392087322104
          ],
          [
            "model",
            0.010172118786873258
          ],
          [
            "non",
            0.010052542355107443
          ]
        ],
        "count": 2028
      },
      "1": {
        "name": "1_water_ion_ionic_ions",
        "keywords": [
          [
            "water",
            0.03285345786831567
          ],
          [
            "ion",
            0.01795180353593106
          ],
          [
            "ionic",
            0.014326037598803411
          ],
          [
            "ions",
            0.013042450617889549
          ],
          [
            "electrolyte",
            0.011865643937116688
          ],
          [
            "surface",
            0.011524960871365645
          ],
          [
            "liquid",
            0.01086773837215182
          ],
          [
            "molecular",
            0.010857224447624226
          ],
          [
            "simulations",
            0.010142015415552683
          ],
          [
            "electrostatic",
            0.00983931038979655
          ]
        ],
        "count": 1082
      },
      "2": {
        "name": "2_contact_droplet_surface_liquid",
        "keywords": [
          [
            "contact",
            0.025791342478928045
          ],
          [
            "droplet",
            0.022677278483124962
          ],
          [
            "surface",
            0.02102601153939156
          ],
          [
            "liquid",
            0.01978444109518229
          ],
          [
            "droplets",
            0.01934251770391034
          ],
          [
            "surfaces",
            0.012073805270019238
          ],
          [
            "film",
            0.01158694250733404
          ],
          [
            "substrate",
            0.011108020399486522
          ],
          [
            "wetting",
            0.011092748185008394
          ],
          [
            "capillary",
            0.010704697148345033
          ]
        ],
        "count": 1047
      },
      "3": {
        "name": "3_elastic_soft_mechanical_strain",
        "keywords": [
          [
            "elastic",
            0.018219548473759707
          ],
          [
            "soft",
            0.01500450033733197
          ],
          [
            "mechanical",
            0.014099441557174852
          ],
          [
            "strain",
            0.01387799327229653
          ],
          [
            "material",
            0.013852671675239793
          ],
          [
            "materials",
            0.013826226247104646
          ],
          [
            "fracture",
            0.013074726751654166
          ],
          [
            "model",
            0.012227119707166065
          ],
          [
            "stress",
            0.011702351696592889
          ],
          [
            "nonlinear",
            0.011118340460783863
          ]
        ],
        "count": 758
      },
      "4": {
        "name": "4_granular_shear_particle_stress",
        "keywords": [
          [
            "granular",
            0.0457923063224615
          ],
          [
            "shear",
            0.029333088074661295
          ],
          [
            "particle",
            0.018601533199868743
          ],
          [
            "stress",
            0.01615721681805413
          ],
          [
            "particles",
            0.015415846763116744
          ],
          [
            "flow",
            0.014811643098934233
          ],
          [
            "friction",
            0.012631148617752387
          ],
          [
            "force",
            0.011957219760264726
          ],
          [
            "suspensions",
            0.011792811735336355
          ],
          [
            "grains",
            0.011329011232891269
          ]
        ],
        "count": 563
      },
      "5": {
        "name": "5_nematic_liquid_phase_liquid crystals",
        "keywords": [
          [
            "nematic",
            0.0388491620517803
          ],
          [
            "liquid",
            0.02752320105979673
          ],
          [
            "phase",
            0.023282216921467532
          ],
          [
            "liquid crystals",
            0.02287061024372683
          ],
          [
            "crystals",
            0.02209984115873372
          ],
          [
            "ferroelectric",
            0.02069947248925301
          ],
          [
            "smectic",
            0.016662991092420105
          ],
          [
            "field",
            0.016245434632600142
          ],
          [
            "defects",
            0.016064106842081
          ],
          [
            "liquid crystal",
            0.015934762388043495
          ]
        ],
        "count": 519
      },
      "6": {
        "name": "6_DNA_polymer_chain_polymers",
        "keywords": [
          [
            "DNA",
            0.03139363482384456
          ],
          [
            "polymer",
            0.02889534670202541
          ],
          [
            "chain",
            0.01888377077944656
          ],
          [
            "polymers",
            0.018329486329772417
          ],
          [
            "model",
            0.016533474133478037
          ],
          [
            "chains",
            0.014260526267192842
          ],
          [
            "simulations",
            0.012418270178077387
          ],
          [
            "dynamics",
            0.01235280764393486
          ],
          [
            "length",
            0.01109159003787805
          ],
          [
            "linear",
            0.010324588694586745
          ]
        ],
        "count": 502
      },
      "7": {
        "name": "7_cell_cells_tissue_active",
        "keywords": [
          [
            "cell",
            0.056469320454062145
          ],
          [
            "cells",
            0.03243350959259116
          ],
          [
            "tissue",
            0.028449468589766554
          ],
          [
            "active",
            0.018736522650097703
          ],
          [
            "model",
            0.018610633199659436
          ],
          [
            "cellular",
            0.015314429843120564
          ],
          [
            "epithelial",
            0.01417863939064112
          ],
          [
            "mechanical",
            0.013897497496309684
          ],
          [
            "tissues",
            0.013544932645795406
          ],
          [
            "growth",
            0.01165228924571976
          ]
        ],
        "count": 488
      },
      "8": {
        "name": "8_glass_relaxation_liquids_dynamics",
        "keywords": [
          [
            "glass",
            0.0470713833514691
          ],
          [
            "relaxation",
            0.030571507547227074
          ],
          [
            "liquids",
            0.02873678715272402
          ],
          [
            "dynamics",
            0.026105089573588897
          ],
          [
            "temperature",
            0.022558383055009217
          ],
          [
            "glassy",
            0.018989343145548076
          ],
          [
            "glass transition",
            0.01844971714572181
          ],
          [
            "transition",
            0.017639832619546172
          ],
          [
            "structural",
            0.01587876557385273
          ],
          [
            "glasses",
            0.015321649214388307
          ]
        ],
        "count": 245
      },
      "9": {
        "name": "9_amorphous_solids_shear_glasses",
        "keywords": [
          [
            "amorphous",
            0.0369373957187577
          ],
          [
            "solids",
            0.02948580595187152
          ],
          [
            "shear",
            0.0286117665914948
          ],
          [
            "glasses",
            0.028018838890231764
          ],
          [
            "plastic",
            0.02614717292840224
          ],
          [
            "yielding",
            0.02369898848985281
          ],
          [
            "amorphous solids",
            0.02365828395065854
          ],
          [
            "strain",
            0.01998326732210337
          ],
          [
            "stress",
            0.01873428141523929
          ],
          [
            "mechanical",
            0.01351369652319047
          ]
        ],
        "count": 229
      },
      "10": {
        "name": "10_microgels_properties_microgel_pH",
        "keywords": [
          [
            "microgels",
            0.027592543355681513
          ],
          [
            "properties",
            0.015587700490124493
          ],
          [
            "microgel",
            0.015194801444928597
          ],
          [
            "pH",
            0.015103810223002443
          ],
          [
            "water",
            0.014285423930540664
          ],
          [
            "surfactant",
            0.012510504786022057
          ],
          [
            "temperature",
            0.012231040515499574
          ],
          [
            "gel",
            0.011770965885948911
          ],
          [
            "phase",
            0.01149537984365583
          ],
          [
            "polymer",
            0.01115445249221333
          ]
        ],
        "count": 218
      },
      "11": {
        "name": "11_membrane_lipid_membranes_vesicles",
        "keywords": [
          [
            "membrane",
            0.07504676967707062
          ],
          [
            "lipid",
            0.0364875837029917
          ],
          [
            "membranes",
            0.03544118002853483
          ],
          [
            "vesicles",
            0.029861181060142863
          ],
          [
            "curvature",
            0.026528720369132286
          ],
          [
            "vesicle",
            0.024720000837885003
          ],
          [
            "proteins",
            0.02183841573602897
          ],
          [
            "protein",
            0.017986535774212595
          ],
          [
            "bending",
            0.015003020479107215
          ],
          [
            "bilayer",
            0.013704922733228042
          ]
        ],
        "count": 195
      },
      "12": {
        "name": "12_assembly_self_phase_condensates",
        "keywords": [
          [
            "assembly",
            0.04341463897700027
          ],
          [
            "self",
            0.028166534779137293
          ],
          [
            "phase",
            0.026479053814110386
          ],
          [
            "condensates",
            0.023182894888544664
          ],
          [
            "DNA",
            0.023012042700460825
          ],
          [
            "separation",
            0.021122510419126484
          ],
          [
            "phase separation",
            0.01941398449786015
          ],
          [
            "design",
            0.01663403284119675
          ],
          [
            "structures",
            0.016420122458101295
          ],
          [
            "interactions",
            0.013814122013997131
          ]
        ],
        "count": 191
      },
      "13": {
        "name": "13_active_nematic_defects_active nematic",
        "keywords": [
          [
            "active",
            0.06519706787127089
          ],
          [
            "nematic",
            0.041940306642390304
          ],
          [
            "defects",
            0.039259498705481816
          ],
          [
            "active nematic",
            0.02705703638576508
          ],
          [
            "nematics",
            0.026178916424353094
          ],
          [
            "defect",
            0.024213910362571235
          ],
          [
            "active nematics",
            0.023308022193084938
          ],
          [
            "activity",
            0.023028624274779103
          ],
          [
            "topological",
            0.019724523332763234
          ],
          [
            "flow",
            0.018509651149450447
          ]
        ],
        "count": 184
      },
      "14": {
        "name": "14_liquids_liquid_density_viscosity",
        "keywords": [
          [
            "liquids",
            0.034140614152044065
          ],
          [
            "liquid",
            0.02697114010889384
          ],
          [
            "density",
            0.020444341391320817
          ],
          [
            "viscosity",
            0.018671980729592575
          ],
          [
            "temperature",
            0.017905421623195156
          ],
          [
            "theory",
            0.0162081564310369
          ],
          [
            "fluids",
            0.016034073448708733
          ],
          [
            "supercritical",
            0.014650986715996302
          ],
          [
            "heat",
            0.014011378940325545
          ],
          [
            "model",
            0.012512051143685293
          ]
        ],
        "count": 130
      },
      "15": {
        "name": "15_hyperuniform_packings_packing_hyperuniformity",
        "keywords": [
          [
            "hyperuniform",
            0.03737517782137117
          ],
          [
            "packings",
            0.02808851089636597
          ],
          [
            "packing",
            0.02581201170418548
          ],
          [
            "hyperuniformity",
            0.02450106078552586
          ],
          [
            "density",
            0.01805347947816197
          ],
          [
            "random",
            0.017621666351930496
          ],
          [
            "systems",
            0.01722866405921445
          ],
          [
            "disordered",
            0.01669624423512061
          ],
          [
            "dimensional",
            0.01323734331250138
          ],
          [
            "order",
            0.01309353760605206
          ]
        ],
        "count": 118
      }
    },
    "correlations": [
      [
        1.0,
        -0.7156177431934115,
        -0.6758591787431945,
        -0.7401584727479871,
        -0.5952927552641403,
        -0.7069529443277505,
        -0.6770483832954934,
        -0.6704966963853694,
        -0.6530659705565535,
        -0.7124852418646876,
        -0.758257062578831,
        -0.72979916518536,
        -0.6673084466865302,
        -0.4240559460222712,
        -0.6995544133195659,
        -0.7130204612979032
      ],
      [
        -0.7156177431934115,
        1.0,
        -0.689008103463697,
        -0.758010785111765,
        -0.744859253284045,
        -0.7269632142793644,
        -0.5765534046191821,
        -0.7365643385196281,
        -0.6983942127358245,
        -0.7496018370549569,
        -0.7382956698097545,
        -0.7240007651933196,
        -0.7155649513379078,
        -0.7493348792710381,
        -0.6857355643704814,
        -0.7519735413507526
      ],
      [
        -0.6758591787431945,
        -0.689008103463697,
        1.0,
        -0.7483056716205306,
        -0.7154408999975096,
        -0.6639254101530008,
        -0.7116104552440523,
        -0.7156474503655628,
        -0.7077112779432932,
        -0.7395735982823567,
        -0.7577124471218105,
        -0.7370687315486428,
        -0.7091063566609819,
        -0.7198418912723246,
        -0.6572230143374722,
        -0.7514373691527823
      ],
      [
        -0.7401584727479871,
        -0.758010785111765,
        -0.7483056716205306,
        1.0,
        -0.741677043807437,
        -0.7537345215772076,
        -0.7344057982747055,
        -0.7323399918448108,
        -0.7494622682297842,
        -0.7212765323288312,
        -0.7615120677447529,
        -0.7575291710184369,
        -0.7578785272586135,
        -0.7556044570630435,
        -0.7550311367086409,
        -0.7600877951107685
      ],
      [
        -0.5952927552641403,
        -0.744859253284045,
        -0.7154408999975096,
        -0.741677043807437,
        1.0,
        -0.7448338999254687,
        -0.7255926885489649,
        -0.7229763302147745,
        -0.7051445768597826,
        -0.6034899387315085,
        -0.7597130999083485,
        -0.7538223679998839,
        -0.7394169630959688,
        -0.7312996329291284,
        -0.7330991533731472,
        -0.6985228902897016
      ],
      [
        -0.7069529443277505,
        -0.7269632142793644,
        -0.6639254101530008,
        -0.7537345215772076,
        -0.7448338999254687,
        1.0,
        -0.7301393971099622,
        -0.7096452290797388,
        -0.7175835075395959,
        -0.7432819725286011,
        -0.7615718797168429,
        -0.746753637148831,
        -0.598451663308814,
        -0.507796257871715,
        -0.6384701396055954,
        -0.743980693055096
      ],
      [
        -0.6770483832954934,
        -0.5765534046191821,
        -0.7116104552440523,
        -0.7344057982747055,
        -0.7255926885489649,
        -0.7301393971099622,
        1.0,
        -0.501976251424039,
        -0.6740358190346857,
        -0.7368349362691469,
        -0.7506101356418495,
        -0.7385202529759172,
        -0.6684697299911253,
        -0.7160319584858661,
        -0.7187723980090897,
        -0.7485379057854256
      ],
      [
        -0.6704966963853694,
        -0.7365643385196281,
        -0.7156474503655628,
        -0.7323399918448108,
        -0.7229763302147745,
        -0.7096452290797388,
        -0.501976251424039,
        1.0,
        -0.7115272726496318,
        -0.7399944054594586,
        -0.759575817670235,
        -0.688860570157867,
        -0.7153295570833053,
        -0.6436803309512646,
        -0.7323413719196441,
        -0.741149232120197
      ],
      [
        -0.6530659705565535,
        -0.6983942127358245,
        -0.7077112779432932,
        -0.7494622682297842,
        -0.7051445768597826,
        -0.7175835075395959,
        -0.6740358190346857,
        -0.7115272726496318,
        1.0,
        -0.664705688921916,
        -0.7515659120767086,
        -0.7423179071202387,
        -0.7198577451266939,
        -0.7031946180157808,
        -0.6213313292581384,
        -0.7380056890613663
      ],
      [
        -0.7124852418646876,
        -0.7496018370549569,
        -0.7395735982823567,
        -0.7212765323288312,
        -0.6034899387315085,
        -0.7432819725286011,
        -0.7368349362691469,
        -0.7399944054594586,
        -0.664705688921916,
        1.0,
        -0.7623407629890477,
        -0.7615986138519538,
        -0.744507393067698,
        -0.7378680440491727,
        -0.7283531938577883,
        -0.736203644638656
      ],
      [
        -0.758257062578831,
        -0.7382956698097545,
        -0.7577124471218105,
        -0.7615120677447529,
        -0.7597130999083485,
        -0.7615718797168429,
        -0.7506101356418495,
        -0.759575817670235,
        -0.7515659120767086,
        -0.7623407629890477,
        1.0,
        -0.7602588757619098,
        -0.7462675302419726,
        -0.7633210649449639,
        -0.7587966074057456,
        -0.7615811577607925
      ],
      [
        -0.72979916518536,
        -0.7240007651933196,
        -0.7370687315486428,
        -0.7575291710184369,
        -0.7538223679998839,
        -0.746753637148831,
        -0.7385202529759172,
        -0.688860570157867,
        -0.7423179071202387,
        -0.7615986138519538,
        -0.7602588757619098,
        1.0,
        -0.7256235153117696,
        -0.7376505261552635,
        -0.7570391672905484,
        -0.7603718749232966
      ],
      [
        -0.6673084466865302,
        -0.7155649513379078,
        -0.7091063566609819,
        -0.7578785272586135,
        -0.7394169630959688,
        -0.598451663308814,
        -0.6684697299911253,
        -0.7153295570833053,
        -0.7198577451266939,
        -0.744507393067698,
        -0.7462675302419726,
        -0.7256235153117696,
        1.0,
        -0.6863644797846477,
        -0.7218403569631909,
        -0.7411976259247609
      ],
      [
        -0.4240559460222712,
        -0.7493348792710381,
        -0.7198418912723246,
        -0.7556044570630435,
        -0.7312996329291284,
        -0.507796257871715,
        -0.7160319584858661,
        -0.6436803309512646,
        -0.7031946180157808,
        -0.7378680440491727,
        -0.7633210649449639,
        -0.7376505261552635,
        -0.6863644797846477,
        1.0,
        -0.7372421200889909,
        -0.741862734616739
      ],
      [
        -0.6995544133195659,
        -0.6857355643704814,
        -0.6572230143374722,
        -0.7550311367086409,
        -0.7330991533731472,
        -0.6384701396055954,
        -0.7187723980090897,
        -0.7323413719196441,
        -0.6213313292581384,
        -0.7283531938577883,
        -0.7587966074057456,
        -0.7570391672905484,
        -0.7218403569631909,
        -0.7372421200889909,
        1.0,
        -0.7446344464979652
      ],
      [
        -0.7130204612979032,
        -0.7519735413507526,
        -0.7514373691527823,
        -0.7600877951107685,
        -0.6985228902897016,
        -0.743980693055096,
        -0.7485379057854256,
        -0.741149232120197,
        -0.7380056890613663,
        -0.736203644638656,
        -0.7615811577607925,
        -0.7603718749232966,
        -0.7411976259247609,
        -0.741862734616739,
        -0.7446344464979652,
        1.0
      ]
    ],
    "series": {
      "2020-01": [
        55,
        8,
        11,
        1,
        11,
        10,
        10,
        9,
        24,
        4,
        1,
        7,
        10,
        10,
        2,
        3
      ],
      "2020-02": [
        67,
        7,
        11,
        0,
        18,
        10,
        13,
        9,
        18,
        5,
        1,
        5,
        10,
        12,
        2,
        3
      ],
      "2020-03": [
        65,
        19,
        24,
        2,
        9,
        12,
        11,
        11,
        18,
        4,
        0,
        8,
        11,
        9,
        4,
        2
      ],
      "2020-04": [
        62,
        13,
        18,
        4,
        10,
        8,
        8,
        7,
        16,
        8,
        0,
        9,
        18,
        11,
        7,
        2
      ],
      "2020-05": [
        72,
        13,
        22,
        3,
        24,
        7,
        20,
        18,
        13,
        7,
        0,
        6,
        12,
        13,
        6,
        4
      ],
      "2020-06": [
        64,
        12,
        11,
        4,
        7,
        12,
        12,
        12,
        11,
        5,
        0,
        12,
        15,
        14,
        7,
        5
      ],
      "2020-07": [
        65,
        12,
        17,
        1,
        19,
        11,
        12,
        12,
        19,
        7,
        1,
        14,
        18,
        18,
        7,
        2
      ],
      "2020-08": [
        53,
        8,
        13,
        3,
        11,
        11,
        11,
        10,
        17,
        6,
        1,
        5,
        11,
        13,
        6,
        5
      ],
      "2020-09": [
        66,
        13,
        13,
        2,
        8,
        4,
        17,
        10,
        16,
        9,
        0,
        10,
        15,
        14,
        11,
        3
      ],
      "2020-10": [
        54,
        14,
        16,
        2,
        15,
        7,
        19,
        14,
        20,
        7,
        3,
        9,
        16,
        17,
        1,
        3
      ],
      "2020-11": [
        73,
        9,
        15,
        0,
        15,
        11,
        19,
        12,
        19,
        4,
        4,
        7,
        6,
        14,
        4,
        2
      ],
      "2020-12": [
        70,
        11,
        12,
        5,
        13,
        9,
        11,
        10,
        18,
        11,
        1,
        11,
        9,
        18,
        5,
        5
      ],
      "2021-01": [
        64,
        13,
        6,
        2,
        13,
        8,
        22,
        9,
        20,
        11,
        1,
        13,
        13,
        14,
        6,
        1
      ],
      "2021-02": [
        65,
        6,
        7,
        4,
        8,
        5,
        9,
        13,
        18,
        4,
        2,
        17,
        15,
        14,
        6,
        5
      ],
      "2021-03": [
        80,
        12,
        13,
        1,
        21,
        16,
        16,
        14,
        26,
        6,
        2,
        6,
        12,
        21,
        2,
        5
      ],
      "2021-04": [
        68,
        8,
        13,
        4,
        11,
        11,
        13,
        9,
        14,
        8,
        2,
        12,
        14,
        10,
        8,
        2
      ],
      "2021-05": [
        54,
        10,
        13,
        0,
        12,
        10,
        15,
        7,
        21,
        4,
        1,
        6,
        9,
        13,
        5,
        3
      ],
      "2021-06": [
        47,
        12,
        11,
        3,
        13,
        13,
        10,
        9,
        13,
        9,
        0,
        7,
        9,
        14,
        7,
        3
      ],
      "2021-07": [
        55,
        10,
        16,
        4,
        17,
        7,
        20,
        11,
        14,
        5,
        1,
        7,
        11,
        20,
        2,
        4
      ],
      "2021-08": [
        52,
        9,
        14,
        1,
        20,
        9,
        7,
        18,
        15,
        10,
        0,
        8,
        13,
        10,
        2,
        5
      ],
      "2021-09": [
        45,
        8,
        12,
        1,
        8,
        13,
        9,
        12,
        12,
        6,
        1,
        8,
        15,
        10,
        4,
        4
      ],
      "2021-10": [
        42,
        20,
        19,
        2,
        10,
        10,
        15,
        11,
        12,
        7,
        1,
        9,
        8,
        11,
        5,
        2
      ],
      "2021-11": [
        43,
        10,
        19,
        0,
        11,
        6,
        15,
        12,
        16,
        4,
        1,
        11,
        13,
        14,
        6,
        4
      ],
      "2021-12": [
        59,
        10,
        12,
        1,
        13,
        15,
        15,
        13,
        12,
        5,
        0,
        7,
        20,
        16,
        2,
        2
      ],
      "2022-01": [
        53,
        14,
        11,
        1,
        9,
        9,
        11,
        5,
        20,
        4,
        0,
        5,
        17,
        12,
        6,
        4
      ],
      "2022-02": [
        52,
        19,
        12,
        1,
        8,
        9,
        20,
        14,
        23,
        4,
        5,
        5,
        10,
        15,
        4,
        1
      ],
      "2022-03": [
        70,
        16,
        11,
        4,
        11,
        8,
        13,
        11,
        17,
        5,
        2,
        11,
        18,
        16,
        4,
        3
      ],
      "2022-04": [
        51,
        15,
        12,
        2,
        10,
        6,
        11,
        7,
        18,
        5,
        1,
        12,
        8,
        11,
        4,
        5
      ],
      "2022-05": [
        48,
        7,
        5,
        4,
        11,
        11,
        11,
        13,
        18,
        9,
        2,
        6,
        6,
        14,
        2,
        7
      ],
      "2022-06": [
        59,
        11,
        12,
        3,
        20,
        11,
        18,
        9,
        19,
        6,
        4,
        15,
        10,
        13,
        2,
        0
      ],
      "2022-07": [
        59,
        6,
        14,
        2,
        9,
        10,
        15,
        6,
        14,
        5,
        0,
        8,
        10,
        7,
        6,
        2
      ],
      "2022-08": [
        62,
        9,
        12,
        1,
        8,
        7,
        13,
        17,
        14,
        5,
        2,
        6,
        11,
        10,
        6,
        2
      ],
      "2022-09": [
        57,
        8,
        11,
        1,
        18,
        8,
        12,
        11,
        17,
        9,
        0,
        8,
        12,
        17,
        2,
        0
      ],
      "2022-10": [
        50,
        13,
        8,
        0,
        12,
        18,
        15,
        9,
        12,
        4,
        0,
        10,
        11,
        11,
        1,
        5
      ],
      "2022-11": [
        57,
        6,
        10,
        4,
        14,
        16,
        15,
        13,
        19,
        7,
        0,
        8,
        11,
        14,
        5,
        4
      ],
      "2022-12": [
        39,
        11,
        12,
        0,
        9,
        8,
        16,
        9,
        19,
        5,
        0,
        11,
        9,
        12,
        4,
        4
      ],
      "2023-01": [
        58,
        9,
        12,
        2,
        11,
        12,
        11,
        6,
        16,
        9,
        1,
        13,
        7,
        14,
        6,
        1
      ],
      "2023-02": [
        52,
        12,
        8,
        3,
        10,
        6,
        7,
        6,
        16,
        4,
        2,
        10,
        5,
        14,
        1,
        2
      ],
      "2023-03": [
        60,
        9,
        8,
        0,
        8,
        13,
        9,
        18,
        15,
        8,
        1,
        15,
        10,
        16,
        9,
        1
      ],
      "2023-04": [
        64,
        4,
        8,
        1,
        8,
        6,
        19,
        10,
        18,
        6,
        1,
        7,
        11,
        16,
        6,
        5
      ],
      "2023-05": [
        46,
        9,
        12,
        0,
        12,
        10,
        15,
        12,
        18,
        9,
        0,
        11,
        8,
        18,
        4,
        3
      ],
      "2023-06": [
        69,
        7,
        15,
        1,
        10,
        16,
        19,
        7,
        17,
        3,
        1,
        7,
        18,
        18,
        4,
        3
      ],
      "2023-07": [
        61,
        16,
        10,
        1,
        18,
        10,
        12,
        12,
        16,
        7,
        1,
        9,
        10,
        21,
        8,
        2
      ],
      "2023-08": [
        53,
        11,
        14,
        4,
        13,
        9,
        10,
        5,
        18,
        6,
        0,
        11,
        6,
        19,
        4,
        2
      ],
      "2023-09": [
        41,
        9,
        9,
        0,
        4,
        15,
        11,
        8,
        10,
        4,
        3,
        13,
        16,
        17,
        4,
        3
      ],
      "2023-10": [
        59,
        13,
        8,
        5,
        22,
        12,
        12,
        9,
        17,
        10,
        0,
        7,
        17,
        24,
        4,
        5
      ],
      "2023-11": [
        68,
        13,
        17,
        2,
        18,
        17,
        16,
        17,
        16,
        6,
        1,
        9,
        15,
        12,
        6,
        3
      ],
      "2023-12": [
        59,
        11,
        14,
        3,
        9,
        6,
        8,
        11,
        16,
        8,
        1,
        8,
        20,
        11,
        7,
        5
      ],
      "2024-01": [
        69,
        22,
        9,
        1,
        10,
        22,
        14,
        9,
        19,
        9,
        0,
        7,
        19,
        19,
        6,
        2
      ],
      "2024-02": [
        75,
        7,
        9,
        3,
        7,
        12,
        15,
        10,
        21,
        5,
        0,
        12,
        7,
        14,
        2,
        2
      ],
      "2024-03": [
        71,
        8,
        16,
        2,
        13,
        15,
        12,
        21,
        20,
        3,
        2,
        11,
        19,
        20,
        7,
        5
      ],
      "2024-04": [
        58,
        10,
        10,
        4,
        17,
        11,
        11,
        8,
        10,
        7,
        1,
        16,
        16,
        17,
        2,
        2
      ],
      "2024-05": [
        50,
        10,
        9,
        0,
        13,
        6,
        12,
        8,
        22,
        6,
        0,
        2,
        20,
        18,
        3,
        3
      ],
      "2024-06": [
        58,
        7,
        9,
        0,
        9,
        8,
        20,
        3,
        19,
        6,
        0,
        6,
        16,
        19,
        2,
        0
      ],
      "2024-07": [
        55,
        11,
        7,
        2,
        12,
        9,
        18,
        22,
        18,
        2,
        1,
        10,
        17,
        27,
        5,
        4
      ],
      "2024-08": [
        54,
        15,
        16,
        1,
        9,
        16,
        9,
        12,
        16,
        7,
        2,
        6,
        20,
        14,
        10,
        5
      ],
      "2024-09": [
        63,
        7,
        8,
        1,
        17,
        11,
        16,
        20,
        18,
        13,
        0,
        14,
        21,
        22,
        5,
        5
      ],
      "2024-10": [
        93,
        13,
        16,
        2,
        14,
        11,
        10,
        12,
        19,
        5,
        1,
        8,
        17,
        22,
        4,
        2
      ],
      "2024-11": [
        50,
        14,
        14,
        2,
        14,
        13,
        16,
        14,
        18,
        4,
        0,
        4,
        15,
        25,
        4,
        2
      ],
      "2024-12": [
        56,
        5,
        21,
        3,
        7,
        14,
        16,
        11,
        11,
        4,
        0,
        12,
        14,
        11,
        6,
        1
      ],
      "2025-01": [
        80,
        13,
        9,
        1,
        18,
        8,
        16,
        17,
        10,
        7,
        1,
        11,
        18,
        19,
        7,
        3
      ],
      "2025-02": [
        60,
        5,
        5,
        0,
        20,
        17,
        9,
        12,
        11,
        3,
        1,
        13,
        15,
        19,
        3,
        1
      ],
      "2025-03": [
        73,
        12,
        20,
        3,
        11,
        18,
        26,
        16,
        26,
        6,
        1,
        7,
        13,
        22,
        4,
        3
      ],
      "2025-04": [
        78,
        11,
        11,
        0,
        13,
        13,
        17,
        16,
        13,
        4,
        0,
        4,
        10,
        21,
        2,
        2
      ],
      "2025-05": [
        62,
        7,
        9,
        2,
        14,
        7,
        10,
        14,
        18,
        10,
        1,
        13,
        17,
        19,
        8,
        1
      ],
      "2025-06": [
        77,
        5,
        14,
        4,
        19,
        5,
        17,
        8,
        16,
        7,
        0,
        10,
        21,
        30,
        5,
        4
      ],
      "2025-07": [
        76,
        12,
        6,
        1,
        25,
        13,
        17,
        13,
        19,
        5,
        0,
        7,
        14,
        23,
        5,
        7
      ],
      "2025-08": [
        91,
        13,
        12,
        1,
        12,
        12,
        15,
        14,
        12,
        5,
        1,
        9,
        18,
        22,
        3,
        1
      ],
      "2025-09": [
        39,
        10,
        2,
        1,
        6,
        7,
        9,
        10,
        13,
        4,
        0,
        8,
        9,
        12,
        1,
        3
      ]
    },
    "papers": {
      "0": [
        {
          "title": "Universal scaling in active single-file dynamics",
          "year": "2020-04",
          "abstract": "We study the single-file dynamics of three classes of active particles:\nrun-and-tumble particles, active Brownian particles and active\nOrnstein-Uhlenbeck particles. At high activity values, the particles,\ninteracting via purely repulsive and short-ranged forces, aggregate into\nseveral motile and dynamical clusters of comparable size, and do not display\nbulk phase-segregation. In this dynamical steady-state, we find that the\ncluster size distribution of these aggregates is a scaled function of the\ndensity and activity parameters across the three models of active particles\nwith the same scaling function. The velocity distribution of these motile\nclusters is non-Gaussian. We show that the effective dynamics of these clusters\ncan explain the observed emergent scaling of the mean-squared displacement of\ntagged particles for all the three models with identical scaling exponents and\nfunctions. Concomitant with the clustering seen at high activities, we observe\nthat the static density correlation function displays rich structures,\nincluding multiple peaks that are reminiscent of particle clustering induced by\neffective attractive interactions, while the dynamical variant shows\nnon-diffusive scaling. Our study reveals a universal scaling behavior in the\nsingle-file dynamics of interacting active particles.",
          "arxiv_id": "2004.01150v2"
        },
        {
          "title": "Transport and phase separation of active Brownian particles in fluctuating environments",
          "year": "2021-03",
          "abstract": "In this work, we study the dynamics of a single active Brownian particle, as\nwell as the collective behavior of interacting active Brownian particles, in a\nfluctuating heterogeneous environment. We employ a variant of the diffusing\ndiffusivity model where the equation of motion of the active particle involves\na time-dependent motility and diffusivities. Within our model, those\nfluctuations are coupled to each other. Using analytical methods, we obtain the\nprobability distribution function of particle displacement and its moments for\na single particle. We then investigate the impact of the environmental\nfluctuations on the collective behavior of the active Brownian particles by\nmeans of extensive numerical simulations. Our results show that the\nfluctuations hinder the motility-induced phase separation, accompanied by a\nsignificant change of the density dependence of particle velocities. These\neffects are interpreted using our analytical results for the dynamics of a\nsingle particle.",
          "arxiv_id": "2103.16582v2"
        },
        {
          "title": "Active-Passive Brownian Particle in Two Dimensions",
