{
  "topics": {
    "data": {
      "0": {
        "name": "0_stress_model_fracture_shear",
        "keywords": [
          [
            "stress",
            0.01558779874097607
          ],
          [
            "model",
            0.014553716548354027
          ],
          [
            "fracture",
            0.013078066544150117
          ],
          [
            "shear",
            0.012796208206639981
          ],
          [
            "elastic",
            0.012609231180053145
          ],
          [
            "mechanical",
            0.012342481782586854
          ],
          [
            "crack",
            0.01171012894474044
          ],
          [
            "material",
            0.010855206580911813
          ],
          [
            "materials",
            0.009690761952320607
          ],
          [
            "glass",
            0.009294162459383838
          ]
        ],
        "count": 1833
      },
      "1": {
        "name": "1_dislocation_grain_alloys_alloy",
        "keywords": [
          [
            "dislocation",
            0.02385346860500916
          ],
          [
            "grain",
            0.02303703667904288
          ],
          [
            "alloys",
            0.02135243577547142
          ],
          [
            "alloy",
            0.014502821890642467
          ],
          [
            "deformation",
            0.014423012513178459
          ],
          [
            "slip",
            0.012936050133726609
          ],
          [
            "dislocations",
            0.012753099864702565
          ],
          [
            "boundary",
            0.012516313901233547
          ],
          [
            "phase",
            0.01238834308992011
          ],
          [
            "stress",
            0.012160994823458868
          ]
        ],
        "count": 1596
      },
      "2": {
        "name": "2_perovskite_perovskites_solar_halide",
        "keywords": [
          [
            "perovskite",
            0.029777413028836158
          ],
          [
            "perovskites",
            0.025026895378012847
          ],
          [
            "solar",
            0.023187784114250747
          ],
          [
            "halide",
            0.022192478887087887
          ],
          [
            "solar cells",
            0.01596076946912269
          ],
          [
            "cells",
            0.015763012360477384
          ],
          [
            "halide perovskites",
            0.013282546836421329
          ],
          [
            "efficiency",
            0.01174420318329477
          ],
          [
            "lead",
            0.011727048431098161
          ],
          [
            "properties",
            0.009628849662755479
          ]
        ],
        "count": 1199
      },
      "3": {
        "name": "3_ferroelectric_polarization_domain_switching",
        "keywords": [
          [
            "ferroelectric",
            0.028872846758270253
          ],
          [
            "polarization",
            0.0187476423766102
          ],
          [
            "domain",
            0.017475900101484237
          ],
          [
            "switching",
            0.015613298952871463
          ],
          [
            "films",
            0.01251261404714913
          ],
          [
            "polar",
            0.012267167209435128
          ],
          [
            "devices",
            0.009952864870031334
          ],
          [
            "ferroelectrics",
            0.009952042227784917
          ],
          [
            "walls",
            0.009723393266610305
          ],
          [
            "phase",
            0.00950342620050267
          ]
        ],
        "count": 1185
      },
      "4": {
        "name": "4_spin_magnetic_magnetization_Pt",
        "keywords": [
          [
            "spin",
            0.036083295278837274
          ],
          [
            "magnetic",
            0.025518781416466525
          ],
          [
            "magnetization",
            0.02038835717684852
          ],
          [
            "Pt",
            0.01852492125141466
          ],
          [
            "torque",
            0.017274169211128395
          ],
          [
            "Co",
            0.015551362776576573
          ],
          [
            "switching",
            0.01469662475496229
          ],
          [
            "current",
            0.01435332171253332
          ],
          [
            "films",
            0.012595875056167759
          ],
          [
            "ferromagnetic",
            0.012518347093186197
          ]
        ],
        "count": 1060
      },
      "5": {
        "name": "5_topological_Weyl_nodal_states",
        "keywords": [
          [
            "topological",
            0.04453523581880193
          ],
          [
            "Weyl",
            0.03130898454468903
          ],
          [
            "nodal",
            0.02031403766087035
          ],
          [
            "states",
            0.017963554938731523
          ],
          [
            "symmetry",
            0.017472169496085568
          ],
          [
            "semimetals",
            0.013601040929301042
          ],
          [
            "band",
            0.013220238098697731
          ],
          [
            "Fermi",
            0.013152982051492262
          ],
          [
            "Dirac",
            0.01304016850327231
          ],
          [
            "topology",
            0.012939739902030959
          ]
        ],
        "count": 1014
      },
      "6": {
        "name": "6_functional_density_theory_DFT",
        "keywords": [
          [
            "functional",
            0.020746455660040724
          ],
          [
            "density",
            0.018357066120433467
          ],
          [
            "theory",
            0.016493954453366495
          ],
          [
            "DFT",
            0.01599646393160597
          ],
          [
            "GW",
            0.015307825924336847
          ],
          [
            "calculations",
            0.014689222707963821
          ],
          [
            "functionals",
            0.013719516154155662
          ],
          [
            "density functional",
            0.013675649317333529
          ],
          [
            "systems",
            0.012765328947134296
          ],
          [
            "electron",
            0.012754421205040433
          ]
        ],
        "count": 882
      },
      "7": {
        "name": "7_data_images_electron_diffraction",
        "keywords": [
          [
            "data",
            0.025097280496728967
          ],
          [
            "images",
            0.019677243562399138
          ],
          [
            "electron",
            0.019217984266913405
          ],
          [
            "diffraction",
            0.017581854171186004
          ],
          [
            "imaging",
            0.01639650119895689
          ],
          [
            "microscopy",
            0.015499220246817684
          ],
          [
            "analysis",
            0.015396609196960634
          ],
          [
            "STEM",
            0.015385869527587788
          ],
          [
            "learning",
            0.015233973544890804
          ],
          [
            "image",
            0.014787218940416267
          ]
        ],
        "count": 757
      },
      "8": {
        "name": "8_materials_learning_models_data",
        "keywords": [
          [
            "materials",
            0.03401867847253694
          ],
          [
            "learning",
            0.024987027439273123
          ],
          [
            "models",
            0.024190010444824907
          ],
          [
            "data",
            0.02352497221435297
          ],
          [
            "crystal",
            0.01741073022455469
          ],
          [
            "prediction",
            0.01709359340807139
          ],
          [
            "discovery",
            0.01659061446667676
          ],
          [
            "model",
            0.015702455394809415
          ],
          [
            "structures",
            0.015149278159515188
          ],
          [
            "science",
            0.015023476272398105
          ]
        ],
        "count": 689
      },
      "9": {
        "name": "9_Li_ion_batteries_lithium",
        "keywords": [
          [
            "Li",
            0.05092244033920348
          ],
          [
            "ion",
            0.03237001994395666
          ],
          [
            "batteries",
            0.031741208390954546
          ],
          [
            "lithium",
            0.02736627838881074
          ],
          [
            "battery",
            0.023580532762138486
          ],
          [
            "electrolyte",
            0.01793158791110887
          ],
          [
            "solid",
            0.01698960067947008
          ],
          [
            "cathode",
            0.016506506075033657
          ],
          [
            "ion batteries",
            0.016141052527079123
          ],
          [
            "Na",
            0.014917509743913857
          ]
        ],
        "count": 655
      },
      "10": {
        "name": "10_magnetic_der_Waals_der Waals",
        "keywords": [
          [
            "magnetic",
            0.03229584192267841
          ],
          [
            "der",
            0.023893034313613535
          ],
          [
            "Waals",
            0.02386173112284362
          ],
          [
            "der Waals",
            0.023836625870504523
          ],
          [
            "van",
            0.022590244770995308
          ],
          [
            "2D",
            0.01728462531210051
          ],
          [
            "spin",
            0.016302106962245433
          ],
          [
            "vdW",
            0.016015648453503662
          ],
          [
            "Cr",
            0.01389379704190347
          ],
          [
            "ferromagnetic",
            0.013799087691407513
          ]
        ],
        "count": 643
      },
      "11": {
        "name": "11_magnetic_spin_state_field",
        "keywords": [
          [
            "magnetic",
            0.035752605666113574
          ],
          [
            "spin",
            0.025439990541754744
          ],
          [
            "state",
            0.015923720260400336
          ],
          [
            "field",
            0.014740808175653876
          ],
          [
            "lattice",
            0.014186090339856346
          ],
          [
            "temperature",
            0.013186979193434176
          ],
          [
            "antiferromagnetic",
            0.012395402463936923
          ],
          [
            "neutron",
            0.011787381886998353
          ],
          [
            "ground",
            0.011698353788279499
          ],
          [
            "order",
            0.010607654018587266
          ]
        ],
        "count": 616
      },
      "12": {
        "name": "12_twisted_graphene_bilayer_twist",
        "keywords": [
          [
            "twisted",
            0.03933840220494538
          ],
          [
            "graphene",
            0.032980441795687036
          ],
          [
            "bilayer",
            0.027603802494824425
          ],
          [
            "twist",
            0.024647894314591582
          ],
          [
            "bilayer graphene",
            0.023231054931095528
          ],
          [
            "angle",
            0.02251632120951064
          ],
          [
            "twisted bilayer",
            0.020898735530390896
          ],
          [
            "bands",
            0.019045088390584334
          ],
          [
            "flat",
            0.01881442225129688
          ],
          [
            "twisted bilayer graphene",
            0.015701471116757862
          ]
        ],
        "count": 595
      },
      "13": {
        "name": "13_diamond_centers_quantum_defects",
        "keywords": [
          [
            "diamond",
            0.03472727490262863
          ],
          [
            "centers",
            0.029600141581710586
          ],
          [
            "quantum",
            0.026414209925402863
          ],
          [
            "defects",
            0.025275463445676653
          ],
          [
            "vacancy",
            0.0198597560128857
          ],
          [
            "nitrogen",
            0.018621582883336096
          ],
          [
            "hBN",
            0.01859293491189148
          ],
          [
            "defect",
            0.018427680763275864
          ],
          [
            "boron",
            0.018193532192964056
          ],
          [
            "spin",
            0.01684509863232449
          ]
        ],
        "count": 569
      },
      "14": {
        "name": "14_topological_Bi_Te_surface",
        "keywords": [
          [
            "topological",
            0.03931265714101044
          ],
          [
            "Bi",
            0.033342942953819496
          ],
          [
            "Te",
            0.029875868463114446
          ],
          [
            "surface",
            0.021232402016469296
          ],
          [
            "insulator",
            0.021153389547577832
          ],
          [
            "topological insulator",
            0.019342742099224285
          ],
          [
            "states",
            0.017839892726560874
          ],
          [
            "magnetic",
            0.016392172823374084
          ],
          [
            "MnBi2Te4",
            0.015970516953783435
          ],
          [
            "surface states",
            0.013753512573002863
          ]
        ],
        "count": 563
      },
      "15": {
        "name": "15_graphene_carbon_electronic_properties",
        "keywords": [
          [
            "graphene",
            0.04438979013155585
          ],
          [
            "carbon",
            0.025241019218654723
          ],
          [
            "electronic",
            0.013800523839474214
          ],
          [
            "properties",
            0.013365574069835646
          ],
          [
            "nanoribbons",
            0.013098092797864731
          ],
          [
            "molecular",
            0.012106857273874427
          ],
          [
            "Graphene",
            0.009593354982617283
          ],
          [
            "2D",
            0.009221877561020341
          ],
          [
            "structure",
            0.008971142211603824
          ],
          [
            "atoms",
            0.008591134734594356
          ]
        ],
        "count": 535
      },
      "16": {
        "name": "16_exciton_excitons_monolayer_excitonic",
        "keywords": [
          [
            "exciton",
            0.051580098193812624
          ],
          [
            "excitons",
            0.03923001201787036
          ],
          [
            "monolayer",
            0.02043506697109783
          ],
          [
            "excitonic",
            0.019105709511694054
          ],
          [
            "optical",
            0.01479244404288718
          ],
          [
            "valley",
            0.013990235179838193
          ],
          [
            "interlayer",
            0.01356563567242709
          ],
          [
            "transition metal",
            0.012883517577909892
          ],
          [
            "dark",
            0.011481877290662008
          ],
          [
            "energy",
            0.011479104908507958
          ]
        ],
        "count": 425
      },
      "17": {
        "name": "17_GaN_Ge_Si_growth",
        "keywords": [
          [
            "GaN",
            0.028293650099716232
          ],
          [
            "Ge",
            0.024040468046963914
          ],
          [
            "Si",
            0.018375560845926543
          ],
          [
            "growth",
            0.0181366288637591
          ],
          [
            "GaAs",
            0.014631066096615821
          ],
          [
            "nanowires",
            0.014589585682324109
          ],
          [
            "high",
            0.012400965691527618
          ],
          [
            "quantum",
            0.01154293716851042
          ],
          [
            "cm",
            0.011476159781105902
          ],
          [
            "GeSn",
            0.011388271817977537
          ]
        ],
        "count": 420
      },
      "18": {
        "name": "18_potentials_learning_interatomic_machine",
        "keywords": [
          [
            "potentials",
            0.035137605974729605
          ],
          [
            "learning",
            0.028738902099146757
          ],
          [
            "interatomic",
            0.023286651496532158
          ],
          [
            "machine",
            0.02106822936197248
          ],
          [
            "training",
            0.02080741604125099
          ],
          [
            "accuracy",
            0.019222284418331313
          ],
          [
            "interatomic potentials",
            0.01902908783096685
          ],
          [
            "machine learning",
            0.018326354415339842
          ],
          [
            "simulations",
            0.015777583330410353
          ],
          [
            "potential",
            0.015602837719327693
          ]
        ],
        "count": 418
      },
      "19": {
        "name": "19_thermoelectric_thermal_conductivity_thermal conductivity",
        "keywords": [
          [
            "thermoelectric",
            0.052169084216188
          ],
          [
            "thermal",
            0.030767465796116424
          ],
          [
            "conductivity",
            0.02959328138143097
          ],
          [
            "thermal conductivity",
            0.02813142679207685
          ],
          [
            "phonon",
            0.020014378277933797
          ],
          [
            "transport",
            0.018381195787314727
          ],
          [
            "TE",
            0.014152657231601992
          ],
          [
            "scattering",
            0.014152224778711853
          ],
          [
            "materials",
            0.013077098746085699
          ],
          [
            "type",
            0.013000587683380525
          ]
        ],
        "count": 410
      },
      "20": {
        "name": "20_skyrmion_skyrmions_magnetic_topological",
        "keywords": [
          [
            "skyrmion",
            0.07679877619394852
          ],
          [
            "skyrmions",
            0.06963697866167409
          ],
          [
            "magnetic",
            0.03138923570849168
          ],
          [
            "topological",
            0.021517707641339423
          ],
          [
            "textures",
            0.02115869112792654
          ],
          [
            "spin",
            0.01831482161132368
          ],
          [
            "field",
            0.016403376603203505
          ],
          [
            "magnetic skyrmions",
            0.014287512831949968
          ],
          [
            "spin textures",
            0.013768971799049772
          ],
          [
            "Moriya",
            0.011215349422457822
          ]
        ],
        "count": 405
      },
      "21": {
        "name": "21_CDW_1T_charge density_density wave",
        "keywords": [
          [
            "CDW",
            0.03911115098462898
          ],
          [
            "1T",
            0.031906697778701955
          ],
          [
            "charge density",
            0.02225391902210792
          ],
          [
            "density wave",
            0.020323872819155705
          ],
          [
            "charge",
            0.020090146673953053
          ],
          [
            "phase",
            0.020010994649498716
          ],
          [
            "charge density wave",
            0.019759073276440248
          ],
          [
            "density",
            0.017660284279744476
          ],
          [
            "transition",
            0.017377760351548525
          ],
          [
            "wave",
            0.016051152126189735
          ]
        ],
        "count": 398
      },
      "22": {
        "name": "22_reaction_hydrogen_HER_activity",
        "keywords": [
          [
            "reaction",
            0.026493361390465493
          ],
          [
            "hydrogen",
            0.02594959284936955
          ],
          [
            "HER",
            0.024156004022811678
          ],
          [
            "activity",
            0.022692459696111868
          ],
          [
            "photocatalytic",
            0.021080553352358897
          ],
          [
            "catalysts",
            0.01773268233642391
          ],
          [
            "water",
            0.01759875903366572
          ],
          [
            "catalyst",
            0.017212367895799205
          ],
          [
            "catalytic",
            0.01715248009745412
          ],
          [
            "water splitting",
            0.014721273985224957
          ]
        ],
        "count": 353
      },
      "23": {
        "name": "23_2D_MoS2_growth_metal",
        "keywords": [
          [
            "2D",
            0.0286121999868074
          ],
          [
            "MoS2",
            0.025748958737070924
          ],
          [
            "growth",
            0.015366115018387987
          ],
          [
            "metal",
            0.015123052400585788
          ],
          [
            "monolayer",
            0.013646045225238511
          ],
          [
            "transition metal",
            0.01211014615709889
          ],
          [
            "layer",
            0.011852796256744508
          ],
          [
            "dimensional",
            0.011380061452105478
          ],
          [
            "dichalcogenides",
            0.01091365074607572
          ],
          [
            "metal dichalcogenides",
            0.010703265331838865
          ]
        ],
        "count": 322
      },
      "24": {
        "name": "24_spin_altermagnetic_altermagnets_altermagnetism",
        "keywords": [
          [
            "spin",
            0.043134261656151536
          ],
          [
            "altermagnetic",
            0.03875995483090288
          ],
          [
            "altermagnets",
            0.034551027571637145
          ],
          [
            "altermagnetism",
            0.029449308724438364
          ],
          [
            "symmetry",
            0.024783989856429677
          ],
          [
            "spin splitting",
            0.023767287131602494
          ],
          [
            "splitting",
            0.0228444959027362
          ],
          [
            "magnetic",
            0.018451473624269025
          ],
          [
            "altermagnet",
            0.016665600344224166
          ],
          [
            "MnTe",
            0.015948397962116695
          ]
        ],
        "count": 288
      },
      "25": {
        "name": "25_magnetic_Fe_magnetocaloric_Heusler",
        "keywords": [
          [
            "magnetic",
            0.03323003422058635
          ],
          [
            "Fe",
            0.0279489772167752
          ],
          [
            "magnetocaloric",
            0.02542991535244526
          ],
          [
            "Heusler",
            0.023523316387309836
          ],
          [
            "temperature",
            0.01884371964350758
          ],
          [
            "Co",
            0.017129087078914886
          ],
          [
            "alloys",
            0.016261754508654084
          ],
          [
            "Mn",
            0.016177577532340594
          ],
          [
            "properties",
            0.012874503418556452
          ],
          [
            "phase",
            0.012350749208638066
          ]
        ],
        "count": 283
      },
      "26": {
        "name": "26_Ni_nickelates_superconductivity_nickelate",
        "keywords": [
          [
            "Ni",
            0.038317870039014594
          ],
          [
            "nickelates",
            0.03702774591286624
          ],
          [
            "superconductivity",
            0.033867044132367186
          ],
          [
            "nickelate",
            0.02934991316512698
          ],
          [
            "infinite",
            0.025979647582689322
          ],
          [
            "La",
            0.025777259255087493
          ],
          [
            "layer",
            0.01985666803801241
          ],
          [
            "superconducting",
            0.017694159248524514
          ],
          [
            "pressure",
            0.01710510364820016
          ],
          [
            "Nd",
            0.0167721905527235
          ]
        ],
        "count": 257
      },
      "27": {
        "name": "27_pressure_GPa_transition_phase",
        "keywords": [
          [
            "pressure",
            0.07611721881786121
          ],
          [
            "GPa",
            0.041071290697921065
          ],
          [
            "transition",
            0.022752767024530683
          ],
          [
            "phase",
            0.021119138053807808
          ],
          [
            "high pressure",
            0.01937716781585595
          ],
          [
            "superconductivity",
            0.017817620268136422
          ],
          [
            "high",
            0.014307516603742793
          ],
          [
            "Pressure",
            0.014022187349872732
          ],
          [
            "structural",
            0.01348163844112435
          ],
          [
            "structure",
            0.012588434505144864
          ]
        ],
        "count": 246
      },
      "28": {
        "name": "28_pressure_GPa_superconductivity_high",
        "keywords": [
          [
            "pressure",
            0.04290613705076678
          ],
          [
            "GPa",
            0.03596258378634669
          ],
          [
            "superconductivity",
            0.02730998644127261
          ],
          [
            "high",
            0.024689615443355305
          ],
          [
            "hydrides",
            0.023929885742285616
          ],
          [
            "superconducting",
            0.02338754976124848
          ],
          [
            "hydrogen",
            0.022170976675772346
          ],
          [
            "hydride",
            0.02167213237950303
          ],
          [
            "pressures",
            0.020030155150245442
          ],
          [
            "temperature",
            0.019617256734656984
          ]
        ],
        "count": 229
      },
      "29": {
        "name": "29_kagome_CDW_charge_density wave",
        "keywords": [
          [
            "kagome",
            0.05629756188354636
          ],
          [
            "CDW",
            0.04716458926665566
          ],
          [
            "charge",
            0.026288974510517704
          ],
          [
            "density wave",
            0.02246557160389639
          ],
          [
            "superconductivity",
            0.021863415428583114
          ],
          [
            "Kagome",
            0.021473455616852075
          ],
          [
            "charge density",
            0.02104263142273172
          ],
          [
            "charge density wave",
            0.01991096069417929
          ],
          [
            "order",
            0.0197641705309061
          ],
          [
            "wave",
            0.019759449694380017
          ]
        ],
        "count": 208
      }
    },
    "correlations": [
      [
        1.0,
        -0.7099381026591793,
        -0.7627119646781607,
        -0.7559173775358483,
        -0.7616445973327155,
        -0.7547738861746103,
        -0.7564834079310397,
        -0.7476795964801081,
        -0.7201323896861844,
        -0.7598109813999676,
        -0.7623506231630776,
        -0.760283774713105,
        -0.7576957284102998,
        -0.7572003407829058,
        -0.7570182817588949,
        -0.7557150641062991,
        -0.7640356929766677,
        -0.7543182319027513,
        -0.7485145463581884,
        -0.7613433716231324,
        -0.7646447458638497,
        -0.7590639174210336,
        -0.7552937364313157,
        -0.7582791387097361,
        -0.7599189410433901,
        -0.7525174166265141,
        -0.7582947998722934,
        -0.7418430939258625,
        -0.748785574490517,
        -0.7620271838998176
      ],
      [
        -0.7099381026591793,
        1.0,
        -0.752621584973421,
        -0.7514167974904471,
        -0.7541008044684168,
        -0.7531836112449105,
        -0.731879728040409,
        -0.7113998110854528,
        -0.7125110737595828,
        -0.7495788116287999,
        -0.754607759871523,
        -0.751127174699155,
        -0.7564006900493735,
        -0.7412123253795371,
        -0.7495391594253686,
        -0.7488747132895188,
        -0.7615390002693139,
        -0.7305327320711523,
        -0.7194905151694595,
        -0.7413692552398108,
        -0.7614414031833449,
        -0.7449022877466474,
        -0.7414417684213587,
        -0.750286425451784,
        -0.7595056048291442,
        -0.7060396380168777,
        -0.7334812912521871,
        -0.7306255395764047,
        -0.7169965294758585,
        -0.7579081461003903
      ],
      [
        -0.7627119646781607,
        -0.752621584973421,
        1.0,
        -0.728802633599456,
        -0.7469375061495603,
        -0.7577851470695233,
        -0.7211215387987389,
        -0.7416744393607699,
        -0.7224937936448099,
        -0.7419824733048983,
        -0.7502887829020781,
        -0.7309483684253085,
        -0.7613743649682053,
        -0.7527571346089155,
        -0.7451405892454185,
        -0.7487437417261218,
        -0.6993305359316919,
        -0.7420735646865019,
        -0.740699769377505,
        -0.7394604248390293,
        -0.7593278679267804,
        -0.7411472138918519,
        -0.7356744044889983,
        -0.7454365593327673,
        -0.7453273629668926,
        -0.7433242340876403,
        -0.7502765422596631,
        -0.7296403512781295,
        -0.7353325314368303,
        -0.7256659532056182
      ],
      [
        -0.7559173775358483,
        -0.7514167974904471,
        -0.728802633599456,
        1.0,
        -0.7016194047105754,
        -0.7296552390367368,
        -0.7270627732457651,
        -0.727416575058808,
        -0.728078324054912,
        -0.7503333671321737,
        -0.711138612842508,
        -0.7200265808518441,
        -0.7347694687731767,
        -0.7454610432647804,
        -0.7357153994210803,
        -0.7450604294893444,
        -0.7468319967100033,
        -0.7470009453005413,
        -0.7490752910344456,
        -0.7476116322097164,
        -0.7231468328739223,
        -0.710710912698551,
        -0.7547101063319359,
        -0.7206643206873575,
        -0.7171037000652631,
        -0.7248778886112797,
        -0.7488608281904829,
        -0.7188656628250312,
        -0.7421794219556459,
        -0.731167251053421
      ],
      [
        -0.7616445973327155,
        -0.7541008044684168,
        -0.7469375061495603,
        -0.7016194047105754,
        1.0,
        -0.665635871403248,
        -0.7069772833369198,
        -0.7383219911171462,
        -0.7304451041588278,
        -0.7541447054848092,
        -0.5445097174889207,
        -0.4452445320741053,
        -0.7266078241589813,
        -0.742377111915415,
        -0.6866526423315797,
        -0.7390791440205566,
        -0.7352193118761269,
        -0.7457104234983769,
        -0.7559665107545233,
        -0.7418458906866885,
        -0.5760187161657856,
        -0.7199224366406949,
        -0.7486382096909379,
        -0.7098206948136299,
        -0.25945352857614923,
        -0.5330796247430898,
        -0.7256034976550674,
        -0.7285371353076557,
        -0.736492923916729,
        -0.7214062508084791
      ],
      [
        -0.7547738861746103,
        -0.7531836112449105,
        -0.7577851470695233,
        -0.7296552390367368,
        -0.665635871403248,
        1.0,
        -0.7098156489796061,
        -0.7457961887752746,
        -0.7213353623543688,
        -0.7545889430605645,
        -0.7058171767700256,
        -0.6794631896891601,
        -0.7215925020138265,
        -0.7390677640589787,
        -0.3212140233901528,
        -0.7272561648623508,
        -0.7420697154812146,
        -0.738616535255201,
        -0.753851380430859,
        -0.7266280775834556,
        -0.6932946020698437,
        -0.6984378181516702,
        -0.7467133316857927,
        -0.712296848824068,
        -0.6624689747886805,
        -0.7107099412186926,
        -0.7347031518265135,
        -0.7206151029654589,
        -0.731651837105362,
        -0.6995912860600646
      ],
      [
        -0.7564834079310397,
        -0.731879728040409,
        -0.7211215387987389,
        -0.7270627732457651,
        -0.7069772833369198,
        -0.7098156489796061,
        1.0,
        -0.7144766160430512,
        -0.6814159628364181,
        -0.7241940323578815,
        -0.6927521371776049,
        -0.6787173167717588,
        -0.7265443344987287,
        -0.704043337562848,
        -0.7073951145983968,
        -0.6876017885164933,
        -0.7157400476270424,
        -0.7250542627912981,
        -0.6681646386507303,
        -0.7189406452490805,
        -0.7469140371286886,
        -0.6979682982374089,
        -0.7026776130626059,
        -0.6787560634896825,
        -0.6998430228362763,
        -0.6935686287958513,
        -0.7219275741515686,
        -0.7109469770070214,
        -0.7082761089687244,
        -0.7059390489701679
      ],
      [
        -0.7476795964801081,
        -0.7113998110854528,
        -0.7416744393607699,
        -0.727416575058808,
        -0.7383219911171462,
        -0.7457961887752746,
        -0.7144766160430512,
        1.0,
        -0.602042771087655,
        -0.7305118507446138,
        -0.7336079793207257,
        -0.726852087546829,
        -0.7428670870010095,
        -0.7308850138568076,
        -0.731110857273154,
        -0.7301228019257293,
        -0.7465216853160483,
        -0.7097252373252496,
        -0.6905638808017768,
        -0.734491260347341,
        -0.7494597357073044,
        -0.7275928208933826,
        -0.7322589736958485,
        -0.7213881006102129,
        -0.7462117287273161,
        -0.7178045660493861,
        -0.7356921679909634,
        -0.7254244812293791,
        -0.7232290579241438,
        -0.7434409888748384
      ],
      [
        -0.7201323896861844,
        -0.7125110737595828,
        -0.7224937936448099,
        -0.728078324054912,
        -0.7304451041588278,
        -0.7213353623543688,
        -0.6814159628364181,
        -0.602042771087655,
        1.0,
        -0.7188125812250736,
        -0.7198699636827668,
        -0.7186441115950466,
        -0.7456276666874478,
        -0.7358025827144223,
        -0.7237150030490218,
        -0.7257231632081946,
        -0.7417859300166638,
        -0.7412709732764191,
        -0.40638437716628584,
        -0.722586577342915,
        -0.7508711661138262,
        -0.7265166644907592,
        -0.7289128983333634,
        -0.707703597007615,
        -0.7262474785498365,
        -0.7190012357667401,
        -0.7373189978241546,
        -0.7177750070742503,
        -0.7125942676687356,
        -0.7394786682414151
      ],
      [
        -0.7598109813999676,
        -0.7495788116287999,
        -0.7419824733048983,
        -0.7503333671321737,
        -0.7541447054848092,
        -0.7545889430605645,
        -0.7241940323578815,
        -0.7305118507446138,
        -0.7188125812250736,
        1.0,
        -0.7482943142037728,
        -0.735713876358623,
        -0.7577358582723523,
        -0.746306860739623,
        -0.7472060498172064,
        -0.7349536201414637,
        -0.7553671938024683,
        -0.7464097110752715,
        -0.7225536377528083,
        -0.7395651233038811,
        -0.7601370659498015,
        -0.7373823857734021,
        -0.7350297150212737,
        -0.7409219746301415,
        -0.7566587695804967,
        -0.7407271705043856,
        -0.7405068319698267,
        -0.7335402193125873,
        -0.7332319931061116,
        -0.7496918704072733
      ],
      [
        -0.7623506231630776,
        -0.754607759871523,
        -0.7502887829020781,
        -0.711138612842508,
        -0.5445097174889207,
        -0.7058171767700256,
        -0.6927521371776049,
        -0.7336079793207257,
        -0.7198699636827668,
        -0.7482943142037728,
        1.0,
        -0.4235431340550402,
        -0.6710090194798561,
        -0.7242577278761115,
        -0.6938379504442136,
        -0.699018038964719,
        -0.677009788976352,
        -0.7445861750092571,
        -0.7523726313868668,
        -0.7379717466684121,
        -0.5893451698552434,
        -0.6976506664758739,
        -0.7432185363471343,
        -0.3434974515237892,
        -0.6838696890349105,
        -0.4635475170420419,
        -0.7316648338793624,
        -0.7166838692825899,
        -0.7274431871280238,
        -0.7205938476307341
      ],
      [
        -0.760283774713105,
        -0.751127174699155,
        -0.7309483684253085,
        -0.7200265808518441,
        -0.4452445320741053,
        -0.6794631896891601,
        -0.6787173167717588,
        -0.726852087546829,
        -0.7186441115950466,
        -0.735713876358623,
        -0.4235431340550402,
        1.0,
        -0.7325973119646125,
        -0.7262620708322901,
        -0.6910151046812852,
        -0.7349043301899838,
        -0.7300787719889241,
        -0.7351448417051724,
        -0.7539541844490962,
        -0.7329742206060972,
        -0.5446554911652108,
        -0.6232349163448451,
        -0.6906877683405603,
        -0.6579370385929777,
        -0.5694909623783306,
        -0.4020845169392857,
        -0.6962476113467646,
        -0.6929790342128179,
        -0.7104511672868017,
        -0.6828165547936953
      ],
      [
        -0.7576957284102998,
        -0.7564006900493735,
        -0.7613743649682053,
        -0.7347694687731767,
        -0.7266078241589813,
        -0.7215925020138265,
        -0.7265443344987287,
        -0.7428670870010095,
        -0.7456276666874478,
        -0.7577358582723523,
        -0.6710090194798561,
        -0.7325973119646125,
        1.0,
        -0.7314089189925799,
        -0.7294324016940782,
        -0.4307810886856714,
        -0.6949884521580676,
        -0.7566034246931139,
        -0.751489678302713,
        -0.7442840253161287,
        -0.7395871749220368,
        -0.7294750759627098,
        -0.7548407330914908,
        -0.6748116437916818,
        -0.7302203454451752,
        -0.742720980797219,
        -0.7445465778515172,
        -0.7482114950924463,
        -0.7475925492428555,
        -0.7235812127944968
      ],
      [
        -0.7572003407829058,
        -0.7412123253795371,
        -0.7527571346089155,
        -0.7454610432647804,
        -0.742377111915415,
        -0.7390677640589787,
        -0.704043337562848,
        -0.7308850138568076,
        -0.7358025827144223,
