{
  "topics": {
    "data": {
      "0": {
        "name": "0_topological_non_Hermitian_edge",
        "keywords": [
          [
            "topological",
            0.04267565473938137
          ],
          [
            "non",
            0.02761926895621489
          ],
          [
            "Hermitian",
            0.02518600219127437
          ],
          [
            "edge",
            0.018428714247380157
          ],
          [
            "states",
            0.016591690614734
          ],
          [
            "systems",
            0.014940756887925306
          ],
          [
            "boundary",
            0.014736720257580885
          ],
          [
            "band",
            0.014573109476430307
          ],
          [
            "Chern",
            0.013711066451190891
          ],
          [
            "Hall",
            0.013331133950209819
          ]
        ],
        "count": 649
      },
      "1": {
        "name": "1_quantum_systems_body_dynamics",
        "keywords": [
          [
            "quantum",
            0.02559671030360715
          ],
          [
            "systems",
            0.021048022168804675
          ],
          [
            "body",
            0.01978439078833089
          ],
          [
            "dynamics",
            0.01758410849332675
          ],
          [
            "time",
            0.014122165421640886
          ],
          [
            "model",
            0.013187247637186008
          ],
          [
            "non",
            0.012654703830410133
          ],
          [
            "entanglement",
            0.012464405140977554
          ],
          [
            "states",
            0.01049388131012452
          ],
          [
            "state",
            0.010358597846879071
          ]
        ],
        "count": 607
      },
      "2": {
        "name": "2_atoms_molecules_optical_cooling",
        "keywords": [
          [
            "atoms",
            0.030068116897863515
          ],
          [
            "molecules",
            0.028392570633927264
          ],
          [
            "optical",
            0.026907543499837216
          ],
          [
            "cooling",
            0.019079128097274512
          ],
          [
            "atom",
            0.018819676040074836
          ],
          [
            "quantum",
            0.018325578743049714
          ],
          [
            "ultracold",
            0.0163553957936283
          ],
          [
            "laser",
            0.015447385176805564
          ],
          [
            "state",
            0.015072556990258
          ],
          [
            "trap",
            0.013431946081404696
          ]
        ],
        "count": 436
      },
      "3": {
        "name": "3_solitons_Einstein_spin_Bose",
        "keywords": [
          [
            "solitons",
            0.03326385343251631
          ],
          [
            "Einstein",
            0.027918707020206143
          ],
          [
            "spin",
            0.02632604027383772
          ],
          [
            "Bose",
            0.02547629986817084
          ],
          [
            "soliton",
            0.022889425967916693
          ],
          [
            "condensates",
            0.02095885234259576
          ],
          [
            "orbit",
            0.018237871704116473
          ],
          [
            "spin orbit",
            0.017969798654501594
          ],
          [
            "condensate",
            0.016930914942613
          ],
          [
            "coupling",
            0.014725315289636375
          ]
        ],
        "count": 367
      },
      "4": {
        "name": "4_body_energy_scattering_gas",
        "keywords": [
          [
            "body",
            0.025174953963594867
          ],
          [
            "energy",
            0.01823595301870002
          ],
          [
            "scattering",
            0.01722176274685411
          ],
          [
            "gas",
            0.01512792409171224
          ],
          [
            "density",
            0.014039766297815476
          ],
          [
            "range",
            0.013815426153995511
          ],
          [
            "systems",
            0.012339138332100251
          ],
          [
            "interaction",
            0.012310962982969626
          ],
          [
            "fermions",
            0.012114235014347049
          ],
          [
            "function",
            0.011692993191348372
          ]
        ],
        "count": 319
      },
      "5": {
        "name": "5_droplets_droplet_dipolar_supersolid",
        "keywords": [
          [
            "droplets",
            0.0447177543604015
          ],
          [
            "droplet",
            0.04305291891366781
          ],
          [
            "dipolar",
            0.030816450230279333
          ],
          [
            "supersolid",
            0.023155811138035658
          ],
          [
            "quantum droplets",
            0.02195437073036575
          ],
          [
            "quantum",
            0.02045210780765325
          ],
          [
            "Bose",
            0.01943123137245399
          ],
          [
            "self",
            0.015183111630332896
          ],
          [
            "dimensional",
            0.013687531074040698
          ],
          [
            "density",
            0.012922369288439508
          ]
        ],
        "count": 305
      },
      "6": {
        "name": "6_exciton_polariton_polaritons_excitons",
        "keywords": [
          [
            "exciton",
            0.03899514642589765
          ],
          [
            "polariton",
            0.03888775143883102
          ],
          [
            "polaritons",
            0.024061810474014473
          ],
          [
            "excitons",
            0.023897542905507545
          ],
          [
            "condensate",
            0.01521843166063664
          ],
          [
            "light",
            0.014356850687472373
          ],
          [
            "quantum",
            0.013990044216517434
          ],
          [
            "condensation",
            0.013987607621107366
          ],
          [
            "condensates",
            0.013764596378629928
          ],
          [
            "Bose",
            0.012176265919926078
          ]
        ],
        "count": 297
      },
      "7": {
        "name": "7_time_cavity_driven_quantum",
        "keywords": [
          [
            "time",
            0.029373230600668758
          ],
          [
            "cavity",
            0.018965375415262765
          ],
          [
            "driven",
            0.018244843085154255
          ],
          [
            "quantum",
            0.017042045743850272
          ],
          [
            "Floquet",
            0.015895419971943693
          ],
          [
            "phase",
            0.015193163204058103
          ],
          [
            "systems",
            0.014575419817329375
          ],
          [
            "crystal",
            0.013588724254199611
          ],
          [
            "driving",
            0.013350292419903651
          ],
          [
            "crystals",
            0.013347570328069564
          ]
        ],
        "count": 278
      },
      "8": {
        "name": "8_quantum_learning_states_neural",
        "keywords": [
          [
            "quantum",
            0.04092626962167318
          ],
          [
            "learning",
            0.023089396615986173
          ],
          [
            "states",
            0.01795149016237371
          ],
          [
            "neural",
            0.017323445543457962
          ],
          [
            "state",
            0.016599872698464784
          ],
          [
            "data",
            0.015864997810447735
          ],
          [
            "entanglement",
            0.015598455141729693
          ],
          [
            "systems",
            0.015409320875318
          ],
          [
            "measurement",
            0.015317824432078034
          ],
          [
            "measurements",
            0.014613266520393499
          ]
        ],
        "count": 225
      },
      "9": {
        "name": "9_impurity_polaron_polarons_Fermi",
        "keywords": [
          [
            "impurity",
            0.05448121444450762
          ],
          [
            "polaron",
            0.050065253363499554
          ],
          [
            "polarons",
            0.026142225724554723
          ],
          [
            "Fermi",
            0.026020618812132273
          ],
          [
            "impurities",
            0.024849993524116185
          ],
          [
            "Bose",
            0.020220745105964975
          ],
          [
            "bath",
            0.018066466393882305
          ],
          [
            "interactions",
            0.015986876285148416
          ],
          [
            "body",
            0.01502688481829635
          ],
          [
            "gas",
            0.014865380091955937
          ]
        ],
        "count": 184
      },
      "10": {
        "name": "10_vortex_superfluid_vortices_turbulence",
        "keywords": [
          [
            "vortex",
            0.07096056490741258
          ],
          [
            "superfluid",
            0.04370766333901743
          ],
          [
            "vortices",
            0.03666663278460321
          ],
          [
            "turbulence",
            0.02831337174750121
          ],
          [
            "fluid",
            0.023453909836703955
          ],
          [
            "velocity",
            0.01819072089750358
          ],
          [
            "superfluids",
            0.017493442515256856
          ],
          [
            "fluids",
            0.015856235038582415
          ],
          [
            "quantum",
            0.014367220866470668
          ],
          [
            "obstacle",
            0.014246699661910283
          ]
        ],
        "count": 124
      },
      "11": {
        "name": "11_black_black hole_spacetime_analogue",
        "keywords": [
          [
            "black",
            0.04289746289729129
          ],
          [
            "black hole",
            0.030107389193158977
          ],
          [
            "spacetime",
            0.027392374922646904
          ],
          [
            "analogue",
            0.02724676724923193
          ],
          [
            "hole",
            0.02617802009422237
          ],
          [
            "quantum",
            0.023167726058027967
          ],
          [
            "Hawking",
            0.021694997716708707
          ],
          [
            "gravity",
            0.021380798999147126
          ],
          [
            "Einstein",
            0.020901469905979228
          ],
          [
            "horizon",
            0.01941295238442288
          ]
        ],
        "count": 118
      },
      "12": {
        "name": "12_Hubbard_spin_hole_model",
        "keywords": [
          [
            "Hubbard",
            0.02472996968798339
          ],
          [
            "spin",
            0.0228355823629969
          ],
          [
            "hole",
            0.022368365018938848
          ],
          [
            "model",
            0.02156710260960395
          ],
          [
            "magnetic",
            0.020027890057475354
          ],
          [
            "doping",
            0.019687061661725815
          ],
          [
            "charge",
            0.015988603311519623
          ],
          [
            "pairing",
            0.01477169073457455
          ],
          [
            "triangular",
            0.01394620303718453
          ],
          [
            "superconductivity",
            0.01381367371389771
          ]
        ],
        "count": 118
      },
      "13": {
        "name": "13_Fermi_BCS_pairing_superfluid",
        "keywords": [
          [
            "Fermi",
            0.0410466710577394
          ],
          [
            "BCS",
            0.033868453794894636
          ],
          [
            "pairing",
            0.03247124223179473
          ],
          [
            "superfluid",
            0.03060252370955817
          ],
          [
            "crossover",
            0.018481844885512258
          ],
          [
            "pair",
            0.01758479434387249
          ],
          [
            "phase",
            0.01742368611248216
          ],
          [
            "BEC",
            0.017239054991223596
          ],
          [
            "gas",
            0.014925185129146376
          ],
          [
            "state",
            0.0148130337203738
          ]
        ],
        "count": 114
      }
    },
    "correlations": [
      [
        1.0,
        -0.655088036428262,
        -0.7099234944705363,
        -0.706919071928486,
        -0.6799131738038395,
        -0.7502262046306104,
        -0.7315414558044326,
        -0.7085203827207647,
        -0.7168133905285476,
        -0.741677138991818,
        -0.7418876785856742,
        -0.7397462126682856,
        -0.7061427778582847,
        -0.7333022538343512
      ],
      [
        -0.655088036428262,
        1.0,
        -0.644356132999089,
        -0.6501309939085387,
        0.024340293344549967,
        -0.6760707286934764,
        -0.6880775007613043,
        -0.6130603119800404,
        -0.2401743366184668,
        -0.6878147567613904,
        -0.6996020335127537,
        -0.6762678572841146,
        -0.6089581304214647,
        -0.6688853214489576
      ],
      [
        -0.7099234944705363,
        -0.644356132999089,
        1.0,
        -0.694852617440622,
        -0.6433513567299971,
        -0.7043098017161826,
        -0.711697919212863,
        -0.6820490751988862,
        -0.6844421702006477,
        -0.724724486839405,
        -0.741768086993271,
        -0.7148977145670606,
        -0.7006664177944733,
        -0.7146109174688329
      ],
      [
        -0.706919071928486,
        -0.6501309939085387,
        -0.694852617440622,
        1.0,
        -0.644217233828603,
        -0.40257430047219456,
        -0.3807025007339501,
        -0.6985533091397909,
        -0.7076559988493303,
        -0.7122798518301894,
        -0.5837340315979384,
        0.08912347053947857,
        -0.6581380935744853,
        -0.6952834743809584
      ],
      [
        -0.6799131738038395,
        0.024340293344549967,
        -0.6433513567299971,
        -0.644217233828603,
        1.0,
        -0.651743843831567,
        -0.6809429287741612,
        -0.6527461982516757,
        -0.6117031156790862,
        -0.6545090846589908,
        -0.6949471524964268,
        -0.6802189486135533,
        -0.6346349830910379,
        -0.6356908063862151
      ],
      [
        -0.7502262046306104,
        -0.6760707286934764,
        -0.7043098017161826,
        -0.40257430047219456,
        -0.651743843831567,
        1.0,
        -0.5432189860901437,
        -0.7090456152524324,
        -0.7275850105995232,
        -0.7149649396852553,
        -0.6562733229265931,
        -0.40829101132601986,
        -0.7405184664279293,
        -0.7249985484965635
      ],
      [
        -0.7315414558044326,
        -0.6880775007613043,
        -0.711697919212863,
        -0.3807025007339501,
        -0.6809429287741612,
        -0.5432189860901437,
        1.0,
        -0.7071701386774193,
        -0.7234714005576117,
        -0.6962822784028271,
        -0.6642829922379496,
        -0.4321114608827419,
        -0.7394051256931141,
        -0.728753533244098
      ],
      [
        -0.7085203827207647,
        -0.6130603119800404,
        -0.6820490751988862,
        -0.6985533091397909,
        -0.6527461982516757,
        -0.7090456152524324,
        -0.7071701386774193,
        1.0,
        -0.6856224943972463,
        -0.7221783849607711,
        -0.7304183462894072,
        -0.7153005124549139,
        -0.7196291420294421,
        -0.7190382044896981
      ],
      [
        -0.7168133905285476,
        -0.2401743366184668,
        -0.6844421702006477,
        -0.7076559988493303,
        -0.6117031156790862,
        -0.7275850105995232,
        -0.7234714005576117,
        -0.6856224943972463,
        1.0,
        -0.7332212967760829,
        -0.7336583146292288,
        -0.7114703567017922,
        -0.6864049672476182,
        -0.7312600844566828
      ],
      [
        -0.741677138991818,
        -0.6878147567613904,
        -0.724724486839405,
        -0.7122798518301894,
        -0.6545090846589908,
        -0.7149649396852553,
        -0.6962822784028271,
        -0.7221783849607711,
        -0.7332212967760829,
        1.0,
        -0.738372901528876,
        -0.7143150294576046,
        -0.725064171897518,
        -0.5836923028116004
      ],
      [
        -0.7418876785856742,
        -0.6996020335127537,
        -0.741768086993271,
        -0.5837340315979384,
        -0.6949471524964268,
        -0.6562733229265931,
        -0.6642829922379496,
        -0.7304183462894072,
        -0.7336583146292288,
        -0.738372901528876,
        1.0,
        -0.6106271127919953,
        -0.7215996527545517,
        -0.5918814633273857
      ],
      [
        -0.7397462126682856,
        -0.6762678572841146,
        -0.7148977145670606,
        0.08912347053947857,
        -0.6802189486135533,
        -0.40829101132601986,
        -0.4321114608827419,
        -0.7153005124549139,
        -0.7114703567017922,
        -0.7143150294576046,
        -0.6106271127919953,
        1.0,
        -0.7143566851357309,
        -0.7226471585435643
      ],
      [
        -0.7061427778582847,
        -0.6089581304214647,
        -0.7006664177944733,
        -0.6581380935744853,
        -0.6346349830910379,
        -0.7405184664279293,
        -0.7394051256931141,
        -0.7196291420294421,
        -0.6864049672476182,
        -0.725064171897518,
        -0.7215996527545517,
        -0.7143566851357309,
        1.0,
        -0.666695176046598
      ],
      [
        -0.7333022538343512,
        -0.6688853214489576,
        -0.7146109174688329,
        -0.6952834743809584,
        -0.6356908063862151,
        -0.7249985484965635,
        -0.728753533244098,
        -0.7190382044896981,
        -0.7312600844566828,
        -0.5836923028116004,
        -0.5918814633273857,
        -0.7226471585435643,
        -0.666695176046598,
        1.0
      ]
    ],
    "series": {
      "2020-01": [
        17,
        19,
        11,
        20,
        10,
        3,
        6,
        2,
        1,
        6,
        4,
        1,
        10,
        7
      ],
      "2020-02": [
        18,
        13,
        13,
        21,
        8,
        4,
        2,
        3,
        1,
        5,
        6,
        1,
        13,
        3
      ],
      "2020-03": [
        15,
        24,
        13,
        22,
        10,
        5,
        3,
        8,
        4,
        3,
        7,
        0,
        6,
        10
      ],
      "2020-04": [
        20,
        13,
        12,
        21,
        15,
        3,
        10,
        5,
        1,
        7,
        6,
        1,
        6,
        3
      ],
      "2020-05": [
        24,
        20,
        10,
        20,
        8,
        6,
        4,
        8,
        4,
        3,
        8,
        1,
        8,
        9
      ],
      "2020-06": [
        23,
        19,
        8,
        27,
        10,
        3,
        3,
        4,
        5,
        1,
        11,
        3,
        8,
        4
      ],
      "2020-07": [
        25,
        22,
        9,
        33,
        11,
        10,
        4,
        4,
        1,
        5,
        6,
        4,
        8,
        7
      ],
      "2020-08": [
        28,
        13,
        8,
        18,
        7,
        2,
        5,
        5,
        1,
        2,
        6,
        1,
        5,
        6
      ],
      "2020-09": [
        27,
        18,
        10,
        22,
        6,
        4,
        4,
        1,
        3,
        7,
        5,
        1,
        3,
        5
      ],
      "2020-10": [
        18,
        7,
        5,
        24,
        9,
        4,
        3,
        3,
        5,
        3,
        12,
        2,
        8,
        7
      ],
      "2020-11": [
        29,
        24,
        14,
        25,
        9,
        4,
        6,
        2,
        5,
        8,
        4,
        1,
        7,
        7
      ],
      "2020-12": [
        22,
        25,
        16,
        22,
        7,
        6,
        3,
        5,
        7,
        7,
        8,
        1,
        6,
        8
      ],
      "2021-01": [
        24,
        14,
        12,
        20,
        5,
        4,
        2,
        1,
        8,
        8,
        4,
        1,
        6,
        1
      ],
      "2021-02": [
        15,
        13,
        7,
        17,
        8,
        6,
        4,
        5,
        4,
        7,
        5,
        2,
        3,
        8
      ],
      "2021-03": [
        19,
        19,
        15,
        21,
        10,
        3,
        3,
        5,
        5,
        7,
        8,
        2,
        6,
        9
      ],
      "2021-04": [
        18,
        25,
        9,
        27,
        4,
        4,
        4,
        1,
        7,
        3,
        3,
        1,
        2,
        6
      ],
      "2021-05": [
        16,
        17,
        14,
        23,
        10,
        4,
        3,
        3,
        3,
        8,
        9,
        0,
        5,
        11
      ],
      "2021-06": [
        30,
        25,
        10,
        23,
        10,
        5,
        6,
        4,
        3,
        1,
        2,
        0,
        9,
        8
      ],
      "2021-07": [
        23,
        20,
        5,
        18,
        9,
        4,
        3,
        8,
        6,
        5,
        5,
        3,
        7,
        6
      ],
      "2021-08": [
        27,
        18,
        8,
        19,
        9,
        4,
        5,
        8,
        4,
        4,
        3,
        0,
        7,
        4
      ],
      "2021-09": [
        22,
        12,
        9,
        24,
        9,
        3,
        3,
        6,
        6,
        5,
        4,
        1,
        10,
        4
      ],
      "2021-10": [
        17,
        16,
        7,
        29,
        10,
        3,
        5,
        6,
        5,
        3,
        5,
        0,
        5,
        9
      ],
      "2021-11": [
        21,
        17,
        8,
        17,
        7,
        5,
        2,
        2,
        0,
        8,
        9,
        0,
        5,
        10
      ],
      "2021-12": [
        25,
        21,
        11,
        25,
        5,
        6,
        7,
        5,
        2,
        5,
        4,
        1,
        6,
        10
      ],
      "2022-01": [
        27,
        11,
        11,
        20,
        11,
        1,
        1,
        0,
        1,
        5,
        6,
        1,
        4,
        8
      ],
      "2022-02": [
        16,
        19,
        9,
        14,
        12,
        8,
        5,
        5,
        3,
        4,
        11,
        3,
        4,
        8
      ],
      "2022-03": [
        30,
        24,
        6,
        20,
        9,
        2,
        3,
        1,
        2,
        4,
        4,
        1,
        7,
        8
      ],
      "2022-04": [
        20,
        25,
        11,
        24,
        4,
        2,
        1,
        1,
        0,
        7,
        6,
        4,
        8,
        5
      ],
      "2022-05": [
        20,
        17,
        5,
        20,
        10,
        1,
        2,
        9,
        6,
        5,
        4,
        0,
        7,
        11
      ],
      "2022-06": [
        19,
        17,
        4,
        26,
        9,
        5,
        1,
        4,
        2,
        6,
        4,
        1,
        4,
        10
      ],
      "2022-07": [
        25,
        14,
        10,
        11,
        11,
        4,
        2,
        6,
        7,
        4,
        9,
        2,
        7,
        4
      ],
      "2022-08": [
        23,
        7,
        16,
        19,
        8,
        2,
        5,
        6,
        1,
        1,
        7,
        2,
        10,
        6
      ],
      "2022-09": [
        29,
        11,
        12,
        20,
        6,
        8,
        7,
        0,
        6,
        4,
        4,
        1,
        8,
        5
      ],
      "2022-10": [
        18,
        21,
        12,
        21,
        9,
        5,
        1,
        5,
        5,
        3,
        7,
        0,
        8,
        9
      ],
      "2022-11": [
        29,
        11,
        7,
        25,
        9,
        4,
        3,
        1,
        3,
        9,
        8,
        2,
        4,
        11
      ],
      "2022-12": [
        31,
        10,
        7,
        23,
        7,
        6,
        6,
        4,
        2,
        9,
        11,
        1,
        6,
        7
      ],
      "2023-01": [
        26,
        11,
        7,
        17,
        5,
        3,
        2,
        6,
        2,
        2,
        4,
        0,
        4,
        2
      ],
      "2023-02": [
        18,
        9,
        8,
        13,
        9,
        7,
        5,
        4,
        3,
        1,
        2,
        2,
        8,
        5
      ],
      "2023-03": [
        20,
        29,
        17,
        18,
        4,
        7,
        2,
        3,
        5,
        4,
        2,
        2,
        4,
        6
      ],
      "2023-04": [
        22,
        15,
        10,
        23,
        4,
        5,
        2,
        2,
        5,
        4,
        9,
        1,
        2,
        3
      ],
      "2023-05": [
        24,
        23,
        7,
        23,
        5,
        7,
        3,
        7,
        8,
        10,
        7,
        2,
        10,
        9
      ],
      "2023-06": [
        24,
        16,
        14,
        18,
        5,
        7,
        7,
        3,
        6,
        7,
        8,
        4,
        6,
        7
      ],
      "2023-07": [
        21,
        27,
        8,
        17,
        6,
        2,
        5,
        7,
        5,
        4,
        5,
        0,
        3,
        5
      ],
      "2023-08": [
        22,
        22,
        4,
        10,
        6,
        4,
        8,
        5,
        3,
        5,
        5,
        0,
        13,
        7
      ],
      "2023-09": [
        26,
        23,
        7,
        18,
        4,
        6,
        3,
        4,
        5,
        1,
        7,
        1,
        9,
        7
      ],
      "2023-10": [
        31,
        18,
        7,
        27,
        4,
        3,
        5,
        3,
        2,
        7,
        7,
        0,
        9,
        9
      ],
      "2023-11": [
        24,
        20,
        8,
        20,
        11,
        4,
        6,
        4,
        3,
        7,
        8,
        2,
        10,
        12
      ],
      "2023-12": [
        21,
        17,
        7,
        22,
        6,
        7,
        2,
        2,
        3,
        3,
        6,
        2,
        12,
        11
      ],
      "2024-01": [
        29,
        16,
        8,
        20,
        3,
        6,
        3,
        4,
        3,
        7,
        6,
        1,
        5,
        8
      ],
      "2024-02": [
        16,
        16,
        10,
        13,
        13,
        7,
        2,
        5,
        7,
        3,
        8,
        5,
        6,
        5
      ],
      "2024-03": [
        27,
        32,
        4,
        15,
        5,
        6,
        2,
        5,
        2,
        6,
        6,
        0,
        8,
        9
      ],
      "2024-04": [
        34,
        26,
        6,
        17,
        7,
        4,
        4,
        4,
        5,
        4,
        10,
        1,
        7,
        2
      ],
      "2024-05": [
        23,
        16,
        9,
        11,
        9,
        10,
        0,
        8,
        7,
        2,
        6,
        0,
        4,
        6
      ],
      "2024-06": [
        23,
        23,
        13,
        20,
        4,
        2,
        5,
        6,
        4,
        5,
        10,
        2,
        6,
        4
      ],
      "2024-07": [
        27,
        26,
        6,
        20,
        10,
        11,
        5,
        2,
        7,
        3,
        9,
        2,
        9,
        10
      ],
      "2024-08": [
        18,
        18,
        5,
        18,
        5,
        2,
        1,
        3,
        2,
        6,
        4,
        1,
        7,
        8
      ],
      "2024-09": [
        26,
        24,
        8,
        16,
        7,
        7,
        3,
        2,
        7,
        4,
        8,
        2,
        7,
        9
      ],
      "2024-10": [
        29,
        27,
        9,
        18,
        7,
        6,
        2,
        9,
        2,
        4,
        15,
        4,
        6,
        7
      ],
      "2024-11": [
        24,
        18,
        7,
        25,
        6,
        4,
        3,
        6,
        9,
        8,
        12,
        2,
        6,
        3
      ],
      "2024-12": [
        28,
        28,
        8,
        18,
        7,
        2,
        4,
        1,
        5,
        7,
        8,
        6,
        5,
        4
      ],
      "2025-01": [
        17,
        14,
        13,
        24,
        3,
        5,
        4,
        4,
        3,
        6,
        6,
        2,
        7,
        0
      ],
      "2025-02": [
        18,
        18,
        5,
        17,
        2,
        4,
        1,
        4,
        5,
        4,
        5,
        2,
        12,
        7
      ],
      "2025-03": [
        21,
        22,
        7,
        15,
        8,
        4,
        3,
        5,
        2,
        5,
        14,
        2,
        11,
        9
      ],
      "2025-04": [
        28,
        18,
        2,
        23,
        2,
        8,
        1,
        4,
        2,
        8,
        9,
        5,
        6,
        7
      ],
      "2025-05": [
        23,
        24,
        12,
        17,
        5,
        3,
        5,
        6,
        1,
        2,
        4,
        0,
        4,
        3
      ],
      "2025-06": [
        33,
        24,
        15,
        28,
        7,
        11,
        2,
        2,
        9,
        2,
        7,
        1,
        10,
        2
      ],
      "2025-07": [
        21,
        18,
        13,
        25,
        6,
        13,
        7,
        7,
        6,
        8,
        7,
        1,
        8,
        4
      ],
      "2025-08": [
        30,
        25,
        9,
        20,
        4,
        4,
        3,
        4,
        2,
        5,
        8,
        2,
        5,
        6
      ],
      "2025-09": [
        14,
        12,
        6,
        10,
        6,
        0,
        0,
        0,
        3,
        2,
        5,
        2,
        7,
        5
      ]
    },
    "papers": {
      "0": [
        {
          "title": "Quantum anomaly, non-Hermitian skin effects, and entanglement entropy in open systems",
          "year": "2020-11",
          "abstract": "We investigate the roles of non-Hermitian topology in spectral properties and\nentanglement structures of open systems. In terms of spectral theory, we give a\nunified understanding of two interpretations of non-Hermitian topology: quantum\nanomaly and non-Hermitian skin effects, in which the bulk spectra extremely\ndepend on the boundary conditions. In this context, the fact that the intrinsic\nhigher-dimensional skin effects under the full open boundary condition need the\npresence of the topological defects is understood in terms of the anomalous\nfermion production such as the Rubakov-Callan effect in the presence of the\nmagnetic monopole. In terms of the entanglement structure, we investigate\nsteady states of fermionic open systems whose Liouvillian (rapidity) spectra\nhost non-Hermitian topology. We analyze dissipation-driven Majorana steady\nstates in zero-dimensional open systems and relate them to the Majorana edge\nmodes of topological superconductors by using the entanglement entropy. We also\nanalyze a steady state of a one-dimensional open Fermi system with a\nnon-Hermitian topological spectrum and relate it to the chiral edge states of\nthe Chern insulator on the basis of the trace index defined from the\nentanglement spectrum. These correspondences indicate that the entanglement\ngenerates circular nonreciprocal currents under the periodic boundary condition\nand the skin-effect voltage with fermion accumulation under the open boundary\ncondition. Finally, we discuss several related topics such as pseudospectral\nbehaviors of Liouvillian dynamics and skin effects in interacting systems.",
          "arxiv_id": "2011.08175v3"
        },
        {
          "title": "Universal theory for geometry-dependent non-Hermitian bands",
          "year": "2025-06",
          "abstract": "The non-Hermitian skin effect (NHSE), characterized by the boundary-localized\neigenstates under open boundary conditions, has revealed the breakdown of Bloch\nband theory in non-Hermitian lattices. While one-dimensional non-Hermitian\nbands are well-described by the non-Bloch band theory, its extension to higher\ndimensions is challenged by the geometry-dependent skin effect (GDSE), where\nthe energy spectra and the boundary localization of the eigenstates depend on\nthe system's geometry. This work addresses this challenge by introducing a\nuniversal theoretical framework based on the strip generalized Brillouin zone\n(SGBZ). Our framework provides a systematic description of the GDSE, explains\nits origin through the competition between incompatible SGBZs, and provides for\nthe first time a clear criterion for its emergence. We also unify our SGBZ\nframework with the Amoeba formulation by showing that the Amoeba spectrum is\nthe superset of all possible SGBZ spectra, thereby clarifying its domain of\nvalidity. This work establishes a foundation for studying higher-dimensional\nnon-Hermitian systems, paving the way for the future investigation of novel\nhigher-dimensional non-Hermitian physics, such as hybrid skin-topological\neffects and non-Hermitian Chern bands.",
          "arxiv_id": "2506.22743v2"
        },
        {
          "title": "Non-Hermitian topological phenomena: A review",
          "year": "2022-05",
          "abstract": "The past decades have witnessed an explosion of interest in topological\nmaterials, and a lot of mathematical concepts have been introduced in condensed\nmatter physics. Among them, the bulk-boundary correspondence is the central\ntopic in topological physics, which has inspired researchers to focus on\nboundary physics. Recently, the concepts of topological phases have been\nextended to non-Hermitian Hamiltonians, whose eigenvalues can be complex.\nBesides the topology, non-Hermiticity can also cause a boundary phenomenon\ncalled the non-Hermitian skin effect, which is an extreme sensitivity of the\nspectrum to the boundary condition. In this article, we review developments in\nnon-Hermitian topological physics by focusing mainly on the boundary problem.\nAs well as the competition between non-Hermitian and topological boundary\nphenomena, we discuss the topological nature inherent in non-Hermiticity\nitself.",
          "arxiv_id": "2205.10379v1"
        }
      ],
      "1": [
        {
          "title": "Quantum scarring enhances non-Markovianity of subsystem dynamics",
          "year": "2025-07",
          "abstract": "Given that any subsystem of a closed out-of-equilibrium quantum system is an\nopen quantum system, its dynamics (reduced from the full system's unitary\nevolution) can be either Markovian (memory-less) or non-Markovian, with the\nlatter necessarily impeding the process of relaxation and thermalization.\nSeemingly independently, such non-ergodic dynamics occurs when an initial state\nhas spectral weight on the so-called quantum many-body scar states, which are\nnon-thermalizing eigenstates embedded deep in the spectrum of otherwise thermal\neigenstates. In this article, we present numerical evidence that the presence\nof quantum scars is a microscopic ingredient that enables and enhances\nnon-Markovianity of the dynamics of subsystems, particular to systems which\nexhibit scars-induced entanglement oscillations. We exemplify this with the PXP\nmodel and its deformations which either enhance or erase the signatures of\nscarred dynamics when quenched from a simple product state that is known to\nhave significant overlaps with the scarred subspace in the spectrum. By probing\ninformation backflows with the dynamical behaviour of the distances between\ntemporally-separated transient states of small subsystems, systematic\nsignatures of subsystem non-Markovianity in these models are presented, and it\nis seen that scarring-enhancing (erasing) deformations also exhibit enhanced\n(diminished) subsystem non-Markovianity. The retention of memory and revivals\nbetween transient subsystem states is a finer form of memory effect than\ncaptured by the revivals of full system's fidelity with the initial states.\nThis sheds new light on the dynamical memories associated with quantum\nscarring, and opens interesting new questions at the interface of quantum\nscarring and an open quantum systems approach to investigating\nfar-from-equilibrium and non-thermalizing isolated quantum many-body systems.",
          "arxiv_id": "2507.23757v2"
        },
        {
          "title": "Unconventional Transport in a System with a Tower of Quantum Many-Body Scars",
          "year": "2025-02",
          "abstract": "We report the observation of unconventional transport phenomena in a spin-1\nmodel that supports a tower of quantum many-body scars, and we discuss their\nproperties uncovering their peculiar nature. In quantum many-body systems, the\nlate-time dynamics of local observables are typically governed by conserved\noperators with local densities, such as energy and magnetization. In the model\nunder investigation, however, there is an additional dynamical symmetry\nrestricted to the subspace of the Hilbert space spanned by the quantum\nmany-body scars. That significantly slows the decay of autocorrelation\nfunctions of certain coherent states and is responsible for an unconventional\nform of transport. We show that excited states with energy close to that of the\nquantum many-body scars play a crucial role in sustaining the transport;\ncounterintuitively, quantum many-body scars are completely irrelevant for the\naforementioned mechanism. Finally, we propose a generalized eigenstate\nthermalization hypothesis to describe specific properties of states with energy\nclose to the scars.",
          "arxiv_id": "2502.10387v1"
        },
        {
          "title": "Many-Body Localization in the Age of Classical Computing",
          "year": "2024-03",
