{
  "topics": {
    "data": {
      "0": {
        "name": "0_magnetic_spin_temperature_field",
        "keywords": [
          [
            "magnetic",
            0.02537921918332301
          ],
          [
            "spin",
            0.01705452031237756
          ],
          [
            "temperature",
            0.01214859908870399
          ],
          [
            "field",
            0.011531623934325918
          ],
          [
            "phase",
            0.010103123808515283
          ],
          [
            "state",
            0.009961256881223696
          ],
          [
            "order",
            0.009590937575631812
          ],
          [
            "structure",
            0.00949094392141197
          ],
          [
            "transition",
            0.009063668334435874
          ],
          [
            "electronic",
            0.009043209437087326
          ]
        ],
        "count": 4839
      },
      "1": {
        "name": "1_quantum_systems_method_methods",
        "keywords": [
          [
            "quantum",
            0.0248293868266227
          ],
          [
            "systems",
            0.014524524379421363
          ],
          [
            "method",
            0.014134981540066177
          ],
          [
            "methods",
            0.011821309419236816
          ],
          [
            "state",
            0.011785335808505975
          ],
          [
            "states",
            0.011523658572475415
          ],
          [
            "body",
            0.011520653801215835
          ],
          [
            "approach",
            0.010876732819302522
          ],
          [
            "algorithm",
            0.010462457993769039
          ],
          [
            "network",
            0.010456756402445982
          ]
        ],
        "count": 1731
      },
      "2": {
        "name": "2_quantum_body_dynamics_systems",
        "keywords": [
          [
            "quantum",
            0.025516985375629866
          ],
          [
            "body",
            0.021396698458144115
          ],
          [
            "dynamics",
            0.020241150082843933
          ],
          [
            "systems",
            0.01913047650494463
          ],
          [
            "time",
            0.01702995862955578
          ],
          [
            "entanglement",
            0.01675055038275031
          ],
          [
            "model",
            0.013458626140470473
          ],
          [
            "non",
            0.012997265884682951
          ],
          [
            "states",
            0.011609212815874684
          ],
          [
            "state",
            0.009607994755311289
          ]
        ],
        "count": 1249
      },
      "3": {
        "name": "3_graphene_twisted_bilayer_bilayer graphene",
        "keywords": [
          [
            "graphene",
            0.029798388778572694
          ],
          [
            "twisted",
            0.024318441364935824
          ],
          [
            "bilayer",
            0.020717468479083623
          ],
          [
            "bilayer graphene",
            0.017268515098648695
          ],
          [
            "twisted bilayer",
            0.015386321820798405
          ],
          [
            "bands",
            0.014873988656399733
          ],
          [
            "angle",
            0.014472558567041237
          ],
          [
            "valley",
            0.014157904845945094
          ],
          [
            "states",
            0.013481961276243511
          ],
          [
            "twisted bilayer graphene",
            0.012953574557836196
          ]
        ],
        "count": 1206
      },
      "4": {
        "name": "4_symmetry_topological_symmetries_invertible",
        "keywords": [
          [
            "symmetry",
            0.03557203636162408
          ],
          [
            "topological",
            0.02790683141423535
          ],
          [
            "symmetries",
            0.027655023161193514
          ],
          [
            "invertible",
            0.020273533228031736
          ],
          [
            "theory",
            0.01963523793907655
          ],
          [
            "theories",
            0.017921418370535017
          ],
          [
            "gauge",
            0.017404570224537546
          ],
          [
            "fusion",
            0.01718185121865007
          ],
          [
            "phases",
            0.017066632078747354
          ],
          [
            "non",
            0.016871684349668327
          ]
        ],
        "count": 851
      },
      "5": {
        "name": "5_cuprates_cuprate_pseudogap_charge",
        "keywords": [
          [
            "cuprates",
            0.025848586952397456
          ],
          [
            "cuprate",
            0.019757459358957147
          ],
          [
            "pseudogap",
            0.016599458372736155
          ],
          [
            "charge",
            0.016324521242250988
          ],
          [
            "doping",
            0.01526413707512819
          ],
          [
            "superconducting",
            0.014724149441272212
          ],
          [
            "wave",
            0.013583476872272682
          ],
          [
            "superconductivity",
            0.013416399599913564
          ],
          [
            "high",
            0.013104532544577618
          ],
          [
            "temperature",
            0.012937756660122198
          ]
        ],
        "count": 776
      },
      "6": {
        "name": "6_Ni_La_nickelates_superconductivity",
        "keywords": [
          [
            "Ni",
            0.043969135777266896
          ],
          [
            "La",
            0.029373742257837437
          ],
          [
            "nickelates",
            0.02614710484926261
          ],
          [
            "superconductivity",
            0.024937834238086577
          ],
          [
            "nickelate",
            0.020578228568403124
          ],
          [
            "layer",
            0.01945345511098283
          ],
          [
            "pressure",
            0.01836218618751073
          ],
          [
            "high",
            0.016878521984200562
          ],
          [
            "infinite layer",
            0.016246973867481012
          ],
          [
            "infinite",
            0.01338263975197076
          ]
        ],
        "count": 526
      },
      "7": {
        "name": "7_spin_Kitaev_phase_model",
        "keywords": [
          [
            "spin",
            0.03362203197620221
          ],
          [
            "Kitaev",
            0.026494206766444164
          ],
          [
            "phase",
            0.021224726692534255
          ],
          [
            "model",
            0.021085703831695547
          ],
          [
            "Heisenberg",
            0.020251836906238246
          ],
          [
            "spin liquid",
            0.015717812250759546
          ],
          [
            "quantum",
            0.015096897615976738
          ],
          [
            "liquid",
            0.014862027282844754
          ],
          [
            "lattice",
            0.014570254576561893
          ],
          [
            "state",
            0.014223084573525311
          ]
        ],
        "count": 508
      },
      "8": {
        "name": "8_Hubbard_model_phase_Mott",
        "keywords": [
          [
            "Hubbard",
            0.02729857287903943
          ],
          [
            "model",
            0.02324505908287285
          ],
          [
            "phase",
            0.017403363924719237
          ],
          [
            "Mott",
            0.016467589162241243
          ],
          [
            "lattice",
            0.0145995702130119
          ],
          [
            "spin",
            0.01416369827320667
          ],
          [
            "transition",
            0.012572298099414217
          ],
          [
            "interaction",
            0.011924173537316935
          ],
          [
            "half",
            0.011720962503171468
          ],
          [
            "insulator",
            0.011609230292190137
          ]
        ],
        "count": 484
      },
      "9": {
        "name": "9_CDW_1T_charge_charge density",
        "keywords": [
          [
            "CDW",
            0.03172651191422796
          ],
          [
            "1T",
            0.02394107884424711
          ],
          [
            "charge",
            0.017446983187200792
          ],
          [
            "charge density",
            0.016940659623235384
          ],
          [
            "density",
            0.01635831956802637
          ],
          [
            "electronic",
            0.016302919534611063
          ],
          [
            "transition",
            0.015470513039925103
          ],
          [
            "phase",
            0.015281782432615536
          ],
          [
            "density wave",
            0.014570022080508912
          ],
          [
            "wave",
            0.0124269477359321
          ]
        ],
        "count": 457
      },
      "10": {
        "name": "10_Hall_fractional_fractional quantum_quantum",
        "keywords": [
          [
            "Hall",
            0.040678531621743876
          ],
          [
            "fractional",
            0.03589669899728277
          ],
          [
            "fractional quantum",
            0.026533370901313576
          ],
          [
            "quantum",
            0.025763584843628354
          ],
          [
            "states",
            0.020247198517880934
          ],
          [
            "edge",
            0.018785568823694716
          ],
          [
            "nu",
            0.017981807314958947
          ],
          [
            "state",
            0.01702609603395714
          ],
          [
            "topological",
            0.01448432613366678
          ],
          [
            "composite",
            0.014462865643634675
          ]
        ],
        "count": 427
      },
      "11": {
        "name": "11_holographic_black_gravity_AdS",
        "keywords": [
          [
            "holographic",
            0.042156782056232904
          ],
          [
            "black",
            0.022802533622597546
          ],
          [
            "gravity",
            0.020062633156991125
          ],
          [
            "AdS",
            0.019855872542661062
          ],
          [
            "dual",
            0.017813978484276332
          ],
          [
            "theory",
            0.01772510206015729
          ],
          [
            "SYK",
            0.016097514429168788
          ],
          [
            "black hole",
            0.015478916083421357
          ],
          [
            "entanglement",
            0.015025769526901918
          ],
          [
            "field",
            0.01482375736036285
          ]
        ],
        "count": 387
      },
      "12": {
        "name": "12_Weyl_topological_semimetals_surface",
        "keywords": [
          [
            "Weyl",
            0.03869439731835243
          ],
          [
            "topological",
            0.03659798149788056
          ],
          [
            "semimetals",
            0.024542589969699928
          ],
          [
            "surface",
            0.016393185098879427
          ],
          [
            "Fermi",
            0.012679360375535603
          ],
          [
            "band",
            0.01230885089149331
          ],
          [
            "symmetry",
            0.01214641207639006
          ],
          [
            "states",
            0.011903471909000395
          ],
          [
            "Dirac",
            0.011842518929284885
          ],
          [
            "semimetal",
            0.011165824088987687
          ]
        ],
        "count": 312
      },
      "13": {
        "name": "13_skyrmion_skyrmions_magnetic_spin",
        "keywords": [
          [
            "skyrmion",
            0.0662273542736955
          ],
          [
            "skyrmions",
            0.0371730193461713
          ],
          [
            "magnetic",
            0.03460245511138738
          ],
          [
            "spin",
            0.023212431628059478
          ],
          [
            "textures",
            0.020777024028003122
          ],
          [
            "topological",
            0.017708813343645907
          ],
          [
            "field",
            0.017548489889491845
          ],
          [
            "skyrmion crystal",
            0.01693059219177762
          ],
          [
            "crystal",
            0.014649106530890028
          ],
          [
            "magnets",
            0.014100623825551233
          ]
        ],
        "count": 293
      },
      "14": {
        "name": "14_topological_edge_boundary_bulk",
        "keywords": [
          [
            "topological",
            0.038835877787729206
          ],
          [
            "edge",
            0.03759089953768697
          ],
          [
            "boundary",
            0.02444345305299118
          ],
          [
            "bulk",
            0.019302650221746775
          ],
          [
            "states",
            0.018051694220600864
          ],
          [
            "non",
            0.018049942027835626
          ],
          [
            "modes",
            0.016354265494321975
          ],
          [
            "edge states",
            0.015954550163748818
          ],
          [
            "Hermitian",
            0.015858960607212855
          ],
          [
            "phase",
            0.014783588576491044
          ]
        ],
        "count": 198
      },
      "15": {
        "name": "15_topological_code_quantum_codes",
        "keywords": [
          [
            "topological",
            0.03582938448149954
          ],
          [
            "code",
            0.032546678382214055
          ],
          [
            "quantum",
            0.02689331800705196
          ],
          [
            "codes",
            0.024550745830314035
          ],
          [
            "states",
            0.021477156232187572
          ],
          [
            "state",
            0.02087046645844883
          ],
          [
            "entanglement",
            0.018914243281345066
          ],
          [
            "topological order",
            0.018452000301565526
          ],
          [
            "toric",
            0.018381252188839146
          ],
          [
            "error",
            0.01726804925945786
          ]
        ],
        "count": 174
      },
      "16": {
        "name": "16_phonon_pulse_time_electron",
        "keywords": [
          [
            "phonon",
            0.020655597236446076
          ],
          [
            "pulse",
            0.019299438466169286
          ],
          [
            "time",
            0.01725564047861305
          ],
          [
            "electron",
            0.01660169569543884
          ],
          [
            "dynamics",
            0.01594071289257841
          ],
          [
            "THz",
            0.01472953261079329
          ],
          [
            "light",
            0.013836359142435892
          ],
          [
            "ultrafast",
            0.013290549271865515
          ],
          [
            "induced",
            0.013201574562096951
          ],
          [
            "laser",
            0.012896760985311435
          ]
        ],
        "count": 160
      }
    },
    "correlations": [
      [
        1.0,
        -0.7350527542192788,
        -0.6932099030596001,
        -0.7372564780133755,
        -0.6933574105642303,
        -0.7149166743324018,
        -0.6496038608714431,
        -0.4854162053265002,
        -0.681716089980765,
        -0.6673723726620635,
        -0.6956205050573303,
        -0.6973159418940587,
        -0.7097917723237006,
        -0.28439325893094347,
        -0.73109107039658,
        -0.7270814037226927,
        -0.7486729335112685
      ],
      [
        -0.7350527542192788,
        1.0,
        -0.36019124204947434,
        -0.7475279278581025,
        -0.65498361369973,
        -0.7271443420121759,
        -0.752273934086751,
        -0.6594980794477646,
        -0.6520001506251323,
        -0.7336840340817736,
        -0.6493458943051176,
        -0.6452668273414082,
        -0.74176773020783,
        -0.7401941595067839,
        -0.7163519735587345,
        -0.6010499369365665,
        -0.7559348408888653
      ],
      [
        -0.6932099030596001,
        -0.36019124204947434,
        1.0,
        -0.7227779047858685,
        -0.3602731862825681,
        -0.7029054512612225,
        -0.732886612992999,
        -0.5924241000193575,
        -0.6006848657460055,
        -0.7058923321489092,
        -0.6474972939736983,
        -0.23657814923939346,
        -0.7043318576756972,
        -0.7048307495750782,
        -0.6620388038216889,
        -0.6100395124527263,
        -0.7277426960690276
      ],
      [
        -0.7372564780133755,
        -0.7475279278581025,
        -0.7227779047858685,
        1.0,
        -0.7157533504672383,
        -0.7395559842232398,
        -0.7375081921724882,
        -0.7209465423008625,
        -0.716268875616906,
        -0.7301460630149226,
        -0.675169044906886,
        -0.7252060459001577,
        -0.7272576466005065,
        -0.724842586476392,
        -0.7294789141972493,
        -0.7307598985055694,
        -0.75144970313277
      ],
      [
        -0.6933574105642303,
        -0.65498361369973,
        -0.3602731862825681,
        -0.7157533504672383,
        1.0,
        -0.7096196832808616,
        -0.7306932221165694,
        -0.6210021974739032,
        -0.6379537839495347,
        -0.7105808047689885,
        -0.6792858492232274,
        -0.22856226876378938,
        -0.6351322840638177,
        -0.7017910482389778,
        -0.5576170039429511,
        -0.5049345891456937,
        -0.743320222964347
      ],
      [
        -0.7149166743324018,
        -0.7271443420121759,
        -0.7029054512612225,
        -0.7395559842232398,
        -0.7096196832808616,
        1.0,
        -0.6155963819672259,
        -0.6789707562161346,
        -0.5257983423615935,
        -0.4703221423358295,
        -0.7243496681522297,
        -0.7035026946400769,
        -0.7222383049090171,
        -0.7349778271326246,
        -0.7378710837870088,
        -0.7378333161894804,
        -0.7251669699866943
      ],
      [
        -0.6496038608714431,
        -0.752273934086751,
        -0.732886612992999,
        -0.7375081921724882,
        -0.7306932221165694,
        -0.6155963819672259,
        1.0,
        -0.7099350534004927,
        -0.7097535338446586,
        -0.6677954403590258,
        -0.7467669352564015,
        -0.7328427350526248,
        -0.7341453299642324,
        -0.7286342148363129,
        -0.7483515190660726,
        -0.7473773862921884,
        -0.7279936984915747
      ],
      [
        -0.4854162053265002,
        -0.6594980794477646,
        -0.5924241000193575,
        -0.7209465423008625,
        -0.6210021974739032,
        -0.6789707562161346,
        -0.7099350534004927,
        1.0,
        -0.4100577800666555,
        -0.6791128692496813,
        -0.6735510244750627,
        -0.6197068131099308,
        -0.708032985269454,
        -0.5156410210163442,
        -0.6704913243207742,
        -0.6531607220988387,
        -0.745777285318705
      ],
      [
        -0.681716089980765,
        -0.6520001506251323,
        -0.6006848657460055,
        -0.716268875616906,
        -0.6379537839495347,
        -0.5257983423615935,
        -0.7097535338446586,
        -0.4100577800666555,
        1.0,
        -0.5848442639665755,
        -0.706585094196712,
        -0.6150235601164536,
        -0.714339665807443,
        -0.7066609871293756,
        -0.6841628025828947,
        -0.6883142138685305,
        -0.7291737558451898
      ],
      [
        -0.6673723726620635,
        -0.7336840340817736,
        -0.7058923321489092,
        -0.7301460630149226,
        -0.7105808047689885,
        -0.4703221423358295,
        -0.6677954403590258,
        -0.6791128692496813,
        -0.5848442639665755,
        1.0,
        -0.7204321536214088,
        -0.7120344587742924,
        -0.702817748074748,
        -0.7284089635936165,
        -0.7242906851746808,
        -0.725577467302795,
        -0.7008602338103704
      ],
      [
        -0.6956205050573303,
        -0.6493458943051176,
        -0.6474972939736983,
        -0.675169044906886,
        -0.6792858492232274,
        -0.7243496681522297,
        -0.7467669352564015,
        -0.6735510244750627,
        -0.706585094196712,
        -0.7204321536214088,
        1.0,
        -0.6846049464576459,
        -0.6707075999669938,
        -0.6777622119312992,
        -0.6501895125875123,
        -0.4207354792383601,
        -0.7551660997734991
      ],
      [
        -0.6973159418940587,
        -0.6452668273414082,
        -0.23657814923939346,
        -0.7252060459001577,
        -0.22856226876378938,
        -0.7035026946400769,
        -0.7328427350526248,
        -0.6197068131099308,
        -0.6150235601164536,
        -0.7120344587742924,
        -0.6846049464576459,
        1.0,
        -0.6963883839758993,
        -0.7039399928409422,
        -0.6758880560807004,
        -0.665505123319164,
        -0.7401416294108938
      ],
      [
        -0.7097917723237006,
        -0.74176773020783,
        -0.7043318576756972,
        -0.7272576466005065,
        -0.6351322840638177,
        -0.7222383049090171,
        -0.7341453299642324,
        -0.708032985269454,
        -0.714339665807443,
        -0.702817748074748,
        -0.6707075999669938,
        -0.6963883839758993,
        1.0,
        -0.7138279533619354,
        -0.5115510151702118,
        -0.5666756192868819,
        -0.7501614799844686
      ],
      [
        -0.28439325893094347,
        -0.7401941595067839,
        -0.7048307495750782,
        -0.724842586476392,
        -0.7017910482389778,
        -0.7349778271326246,
        -0.7286342148363129,
        -0.5156410210163442,
        -0.7066609871293756,
        -0.7284089635936165,
        -0.6777622119312992,
        -0.7039399928409422,
        -0.7138279533619354,
        1.0,
        -0.7191500629195335,
        -0.7277811249392778,
        -0.7563106670354316
      ],
      [
        -0.73109107039658,
        -0.7163519735587345,
        -0.6620388038216889,
        -0.7294789141972493,
        -0.5576170039429511,
        -0.7378710837870088,
        -0.7483515190660726,
        -0.6704913243207742,
        -0.6841628025828947,
        -0.7242906851746808,
        -0.6501895125875123,
        -0.6758880560807004,
        -0.5115510151702118,
        -0.7191500629195335,
        1.0,
        -0.4600562339735583,
        -0.7485635301671064
      ],
      [
        -0.7270814037226927,
        -0.6010499369365665,
        -0.6100395124527263,
        -0.7307598985055694,
        -0.5049345891456937,
        -0.7378333161894804,
        -0.7473773862921884,
        -0.6531607220988387,
        -0.6883142138685305,
        -0.725577467302795,
        -0.4207354792383601,
        -0.665505123319164,
        -0.5666756192868819,
        -0.7277811249392778,
        -0.4600562339735583,
        1.0,
        -0.7537607423546857
      ],
      [
        -0.7486729335112685,
        -0.7559348408888653,
        -0.7277426960690276,
        -0.75144970313277,
        -0.743320222964347,
        -0.7251669699866943,
        -0.7279936984915747,
        -0.745777285318705,
        -0.7291737558451898,
        -0.7008602338103704,
        -0.7551660997734991,
        -0.7401416294108938,
        -0.7501614799844686,
        -0.7563106670354316,
        -0.7485635301671064,
        -0.7537607423546857,
        1.0
      ]
    ],
    "series": {
      "2020-01": [
        58,
        4,
        44,
        8,
        6,
        9,
        7,
        46,
        28,
        15,
        23,
        12,
        10,
        9,
        16,
        9,
        3
      ],
      "2020-02": [
        59,
        4,
        34,
        13,
        12,
        8,
        5,
        43,
        38,
        12,
        17,
        12,
        16,
        10,
        12,
        15,
        2
      ],
      "2020-03": [
        79,
        4,
        54,
        12,
        10,
        5,
        8,
        45,
        27,
        14,
        16,
        15,
        19,
        18,
        10,
        7,
        1
      ],
      "2020-04": [
        63,
        3,
        61,
        17,
        13,
        5,
        13,
        48,
        22,
        10,
        19,
        16,
        15,
        21,
        20,
        5,
        3
      ],
      "2020-05": [
        51,
        1,
        42,
        11,
        15,
        7,
        10,
        52,
        31,
        15,
        17,
        15,
        18,
        25,
        8,
        8,
        3
      ],
      "2020-06": [
        83,
        4,
        47,
        10,
        8,
        7,
        12,
        39,
        29,
        16,
        22,
        10,
        11,
        9,
        13,
        7,
        2
      ],
      "2020-07": [
        67,
        3,
        57,
        14,
        14,
        10,
        21,
        47,
        42,
        17,
        13,
        13,
        22,
        18,
        13,
        7,
        6
      ],
      "2020-08": [
        71,
        2,
        41,
        27,
        17,
        8,
        14,
        52,
        33,
        15,
        9,
        11,
        16,
        14,
        16,
        9,
        1
      ],
      "2020-09": [
        60,
        1,
        50,
        18,
        14,
        10,
        12,
        58,
        28,
        13,
        13,
        4,
        12,
        15,
        15,
        8,
        1
      ],
      "2020-10": [
        78,
        2,
        49,
        11,
        17,
        8,
        9,
        53,
        38,
        7,
        14,
        16,
        12,
        12,
        11,
        13,
        5
      ],
      "2020-11": [
        44,
        1,
        50,
        7,
        16,
        5,
        9,
        44,
        35,
        17,
        12,
        10,
        17,
        18,
        13,
        12,
        4
      ],
      "2020-12": [
        72,
        5,
        56,
        18,
        15,
        16,
        20,
        55,
        29,
        18,
        20,
        16,
        23,
        12,
        17,
        13,
        3
      ],
      "2021-01": [
        50,
        6,
        46,
        12,
        11,
        8,
        7,
        32,
        26,
        22,
        7,
        17,
        17,
        7,
        15,
        4,
        6
      ],
      "2021-02": [
        60,
        2,
        42,
        15,
        7,
        8,
        7,
        34,
        31,
        17,
        17,
        12,
        14,
        19,
        11,
        10,
        1
      ],
      "2021-03": [
        69,
        5,
        64,
        18,
        19,
        13,
        12,
        53,
        40,
        25,
        8,
        11,
        19,
        15,
        16,
        6,
        3
      ],
      "2021-04": [
        54,
        5,
        54,
        16,
        11,
        6,
        12,
        34,
        27,
        33,
        13,
        7,
        10,
        15,
        12,
        5,
        3
      ],
      "2021-05": [
        68,
        6,
        58,
        15,
        8,
        6,
        9,
        36,
        32,
        22,
        18,
        14,
        18,
        9,
        17,
        4,
        5
      ],
      "2021-06": [
        54,
        3,
        47,
        21,
        17,
        8,
        12,
        47,
        33,
        15,
        19,
        3,
        21,
        14,
        14,
        13,
        2
      ],
      "2021-07": [
        70,
        7,
        55,
        6,
        11,
        5,
        11,
        46,
        42,
        21,
        16,
        15,
        14,
        17,
        18,
        12,
        2
      ],
      "2021-08": [
        72,
        4,
        37,
        15,
        13,
        5,
        14,
        49,
        24,
        23,
        13,
        11,
        15,
        11,
        12,
        8,
        2
      ],
      "2021-09": [
        55,
        3,
        41,
        19,
        11,
        13,
        10,
        42,
        42,
        22,
        18,
        7,
        11,
        20,
        11,
        10,
        0
      ],
      "2021-10": [
        55,
        5,
        48,
        20,
        17,
        10,
        12,
        37,
        27,
        29,
        18,
        17,
        16,
        14,
        14,
        13,
        5
      ],
      "2021-11": [
        83,
        2,
        40,
        15,
        18,
        8,
        12,
        48,
        29,
        15,
        19,
        9,
        14,
        22,
        15,
        13,
        3
      ],
      "2021-12": [
        63,
        6,
        50,
        23,
        20,
        6,
        12,
        58,
        43,
        15,
        16,
        20,
        19,
        15,
        14,
        18,
        2
      ],
      "2022-01": [
        57,
        2,
        53,
        12,
        8,
        3,
        15,
        43,
        24,
        14,
        14,
        4,
        14,
        14,
        18,
        9,
        4
      ],
      "2022-02": [
        62,
        7,
        42,
        10,
        9,
        5,
        17,
        62,
        33,
        10,
        10,
        10,
        12,
        13,
        16,
        11,
        3
      ],
      "2022-03": [
        68,
        9,
        61,
        7,
        8,
        11,
        13,
        42,
        25,
        29,
        12,
        12,
        17,
        15,
        19,
        10,
        4
      ],
      "2022-04": [
        68,
        5,
        36,
        13,
        17,
        5,
        10,
        48,
        28,
        16,
        15,
        9,
        15,
        11,
        11,
        8,
        2
      ],
      "2022-05": [
        64,
        3,
        44,
        12,
        10,
        9,
        9,
        48,
        27,
        18,
        16,
        14,
        11,
        9,
        8,
        11,
        2
      ],
      "2022-06": [
        50,
        5,
        46,
        18,
        13,
        5,
        10,
        47,
        20,
        15,
        16,
        10,
        20,
        13,
        24,
        14,
        5
      ],
      "2022-07": [
        61,
        4,
        39,
        11,
        12,
        9,
        14,
        56,
        28,
        17,
        14,
        10,
        21,
        13,
        18,
        5,
        2
      ],
      "2022-08": [
        60,
        4,
        42,
        13,
        19,
        4,
        14,
        37,
        30,
        21,
        17,
        11,
        15,
        20,
        20,
        10,
        3
      ],
      "2022-09": [
        73,
        3,
        57,
        15,
        12,
        3,
        8,
        46,
        35,
        21,
        12,
        7,
        12,
        20,
        19,
        9,
        4
      ],
      "2022-10": [
        64,
        9,
        54,
        21,
        19,
        7,
        13,
        57,
        39,
        24,
        14,
        18,
        17,
        7,
        19,
        20,
        2
      ],
      "2022-11": [
        74,
        4,
        41,
        14,
        16,
        8,
        6,
        57,
        33,
        21,
        16,
        13,
        13,
        14,
        14,
        12,
        3
      ],
      "2022-12": [
        42,
        2,
        36,
        11,
        23,
        5,
        9,
        50,
        35,
        13,
        22,
        13,
        11,
        14,
        14,
        8,
        6
      ],
      "2023-01": [
        68,
        2,
        55,
        10,
        10,
        7,
        8,
        37,
        21,
        15,
        13,
        7,
        16,
        7,
        20,
        14,
        3
      ],
      "2023-02": [
        65,
        4,
        40,
        9,
        16,
        5,
        9,
        44,
        22,
        21,
        17,
        8,
        15,
        7,
        12,
        13,
        1
      ],
      "2023-03": [
        75,
        4,
        55,
        20,
        16,
        12,
        13,
        50,
        33,
        28,
        16,
        9,
        15,
        16,
        20,
        12,
        3
      ],
      "2023-04": [
        44,
        1,
        39,
        10,
        13,
        6,
        14,
        50,
        29,
        30,
        10,
        13,
        11,
        23,
        14,
        9,
        2
      ],
      "2023-05": [
        70,
        4,
        47,
        22,
        18,
        7,
        12,
        41,
        31,
        26,
        18,
        10,
        13,
        14,
        19,
        15,
        1
      ],
      "2023-06": [
        49,
        6,
        36,
        15,
        19,
        17,
        17,
        44,
        28,
        15,
        18,
        12,
        13,
        13,
        9,
        10,
        3
      ],
      "2023-07": [
        55,
        8,
        43,
        15,
        20,
        9,
        21,
        39,
        34,
        21,
        13,
        13,
        13,
        14,
        25,
        11,
        3
      ],
      "2023-08": [
        87,
        6,
        42,
        24,
        15,
        11,
        18,
        53,
        26,
        31,
        18,
        7,
        15,
        9,
        19,
        8,
        1
      ],
      "2023-09": [
        52,
        3,
        47,
        12,
        21,
        10,
        16,
        52,
        26,
        31,
        27,
        8,
        13,
        9,
        10,
        8,
        2
      ],
      "2023-10": [
        64,
        3,
        62,
        17,
        22,
        13,
        9,
        66,
        48,
        21,
        17,
        13,
        20,
        14,
        14,
        25,
        3
      ],
      "2023-11": [
        60,
        7,
        41,
        14,
        22,
        8,
        22,
        54,
        46,
        11,
        19,
        6,
        16,
        15,
        10,
        13,
        5
      ],
      "2023-12": [
        74,
        3,
        64,
        13,
        15,
        17,
        19,
        42,
        39,
        20,
        26,
        9,
        15,
        13,
        23,
        10,
        6
      ],
      "2024-01": [
        54,
        4,
        45,
        11,
        12,
        4,
        13,
        44,
        24,
        11,
        20,
        13,
        14,
        13,
        16,
        9,
        4
      ],
      "2024-02": [
        52,
        5,
        37,
        12,
        10,
        9,
        22,
        46,
        32,
        18,
        19,
        8,
        11,
        12,
        15,
        14,
        6
      ],
      "2024-03": [
        60,
        6,
        65,
        21,
        17,
        8,
        12,
        55,
        29,
        24,
        23,
        15,
        11,
        17,
        24,
        15,
        1
      ],
      "2024-04": [
        50,
        3,
        62,
        10,
        11,
        5,
        8,
        34,
        34,
        14,
        10,
        12,
        9,
        15,
        17,
        9,
        2
      ],
      "2024-05": [
        68,
        4,
        65,
        15,
        27,
        9,
        12,
        46,
        17,
        24,
        13,
        6,
        17,
        9,
        20,
        19,
        4
      ],
      "2024-06": [
        68,
        5,
        60,
        26,
        19,
        11,
        12,
        45,
        34,
        25,
        26,
        15,
        12,
        16,
        18,
        9,
        3
      ],
      "2024-07": [
        74,
        4,
        40,
        17,
        15,
        8,
        11,
        54,
        24,
        22,
        28,
        11,
        12,
        12,
        16,
        10,
        1
      ],
      "2024-08": [
        74,
        5,
        44,
        22,
        17,
        8,
        17,
        48,
        31,
        19,
        18,
        13,
        6,
        12,
        16,
        10,
        3
      ],
      "2024-09": [
        66,
        8,
        59,
        12,
        11,
        4,
        9,
        40,
        37,
        17,
        21,
        7,
        17,
        15,
        8,
        8,
        5
      ],
      "2024-10": [
        61,
        3,
        54,
        15,
        23,
        8,
        13,
        44,
        28,
        21,
        22,
        11,
        10,
        12,
        22,
        19,
        3
      ],
      "2024-11": [
        53,
        6,
        50,
        11,
        17,
        7,
        8,
        39,
        38,
        31,
        16,
        8,
        13,
        10,
        20,
        20,
        1
      ],
      "2024-12": [
        72,
        4,
        55,
        18,
        30,
        10,
        13,
        52,
        31,
        24,
        22,
        20,
        12,
        22,
        18,
        12,
        2
      ],
      "2025-01": [
        63,
        4,
        42,
        12,
        12,
        8,
        19,
        46,
        34,
        13,
        15,
        3,
        11,
        12,
        15,
        4,
        6
      ],
      "2025-02": [
        56,
        2,
        53,
        18,
        15,
        10,
        20,
        47,
        24,
        18,
        24,
        12,
        7,
        12,
        16,
        13,
        3
      ],
      "2025-03": [
        73,
        3,
        56,
        27,
        19,
        10,
        25,
        74,
        43,
        20,
        23,
        7,
        19,
        20,
        13,
        19,
        2
      ],
      "2025-04": [
        62,
        4,
        48,
        13,
        11,
        9,
        11,
        42,
        29,
        24,
        12,
        5,
        15,
        15,
        17,
        14,
        2
      ],
      "2025-05": [
        87,
        7,
        42,
        11,
        14,
        12,
        14,
        58,
        29,
        28,
        26,
        10,
        8,
        16,
        10,
        17,
        8
      ],
      "2025-06": [
        55,
        3,
        45,
        14,
        19,
        4,
        18,
        48,
        32,
        16,
        23,
        7,
        13,
        8,
        23,
        12,
        5
      ],
      "2025-07": [
        78,
        10,
        64,
        21,
        24,
        10,
        16,
        56,
        43,
        26,
        25,
        18,
        13,
        18,
        18,
        9,
        4
      ],
      "2025-08": [
        57,
        4,
        47,
        13,
        24,
        7,
        18,
        36,
        30,
        20,
        26,
        8,
        25,
        8,
        23,
        13,
        6
      ],
      "2025-09": [
        48,
        1,
        22,
        14,
        16,
        8,
        10,
        29,
        15,
        15,
        20,
        8,
        2,
        9,
