{
  "topics": {
    "data": {
      "0": {
        "name": "0_topological_Hermitian_non_states",
        "keywords": [
          [
            "topological",
            0.038513664746460674
          ],
          [
            "Hermitian",
            0.028982960172018134
          ],
          [
            "non",
            0.026040641385093346
          ],
          [
            "states",
            0.016996589372221114
          ],
          [
            "systems",
            0.016832690106591875
          ],
          [
            "boundary",
            0.016227241994014385
          ],
          [
            "edge",
            0.015259095562438747
          ],
          [
            "symmetry",
            0.013888588202194779
          ],
          [
            "phases",
            0.013630775546353538
          ],
          [
            "bulk",
            0.013150439606304654
          ]
        ],
        "count": 2204
      },
      "1": {
        "name": "1_graphene_twisted_bilayer_bilayer graphene",
        "keywords": [
          [
            "graphene",
            0.02831096643085563
          ],
          [
            "twisted",
            0.02532441962959135
          ],
          [
            "bilayer",
            0.02075360661900789
          ],
          [
            "bilayer graphene",
            0.01819548441245742
          ],
          [
            "angle",
            0.017613593295465423
          ],
          [
            "bands",
            0.016097485246070572
          ],
          [
            "twisted bilayer",
            0.015818821144043274
          ],
          [
            "twist",
            0.01428998524122988
          ],
          [
            "flat",
            0.013881272600554983
          ],
          [
            "twisted bilayer graphene",
            0.013509954322422284
          ]
        ],
        "count": 1926
      },
      "2": {
        "name": "2_graphene_thermal_2D_properties",
        "keywords": [
          [
            "graphene",
            0.017266643951941534
          ],
          [
            "thermal",
            0.013936849052775348
          ],
          [
            "2D",
            0.013274178278372451
          ],
          [
            "properties",
            0.01276001467564547
          ],
          [
            "materials",
            0.010790245969037653
          ],
          [
            "electronic",
            0.010372368151822077
          ],
          [
            "high",
            0.010247113209437088
          ],
          [
            "carbon",
            0.010060831225777101
          ],
          [
            "conductivity",
            0.008901495180346157
          ],
          [
            "transport",
            0.008842316989208818
          ]
        ],
        "count": 1555
      },
      "3": {
        "name": "3_plasmonic_optical_plasmon_surface",
        "keywords": [
          [
            "plasmonic",
            0.020187650272367824
          ],
          [
            "optical",
            0.017082130494224877
          ],
          [
            "plasmon",
            0.016876040706540585
          ],
          [
            "surface",
            0.011658481167275072
          ],
          [
            "electron",
            0.011355399017545995
          ],
          [
            "field",
            0.01118834468617027
          ],
          [
            "near",
            0.010034034411085725
          ],
          [
            "graphene",
            0.009909735724003992
          ],
          [
            "plasmons",
            0.0095598120230098
          ],
          [
            "nanoparticles",
            0.008577438715969126
          ]
        ],
        "count": 1106
      },
      "4": {
        "name": "4_water_molecular_simulations_surface",
        "keywords": [
          [
            "water",
            0.0211263541805436
          ],
          [
            "molecular",
            0.012891692626663655
          ],
          [
            "simulations",
            0.012385602610221216
          ],
          [
            "surface",
            0.011717430682571538
          ],
          [
            "model",
            0.011317146493906843
          ],
          [
            "dynamics",
            0.011033716133704638
          ],
          [
            "liquid",
            0.009799923654121974
          ],
          [
            "pore",
            0.00840459868445495
          ],
          [
            "molecular dynamics",
            0.008286011982642822
          ],
          [
            "materials",
            0.008167059866741083
          ]
        ],
        "count": 886
      },
      "5": {
        "name": "5_exciton_excitons_monolayer_valley",
        "keywords": [
          [
            "exciton",
            0.04061273119026874
          ],
          [
            "excitons",
            0.03670848754330136
          ],
          [
            "monolayer",
            0.01757925855063268
          ],
          [
            "valley",
            0.016992910098026403
          ],
          [
            "transition metal",
            0.015450836642285465
          ],
          [
            "excitonic",
            0.01507606974902469
          ],
          [
            "optical",
            0.01399571219162178
          ],
          [
            "metal",
            0.013774260800258757
          ],
          [
            "transition",
            0.013359620490380787
          ],
          [
            "dichalcogenides",
            0.012565635570711534
          ]
        ],
        "count": 703
      },
      "6": {
        "name": "6_qubit_quantum_qubits_spin",
        "keywords": [
          [
            "qubit",
            0.040997576929223366
          ],
          [
            "quantum",
            0.03392599714330597
          ],
          [
            "qubits",
            0.03216799289613531
          ],
          [
            "spin",
            0.028023703827899083
          ],
          [
            "dot",
            0.024522141875736418
          ],
          [
            "silicon",
            0.02279738960140943
          ],
          [
            "spin qubits",
            0.020808258272017873
          ],
          [
            "quantum dot",
            0.020363496154609348
          ],
          [
            "gate",
            0.019972666894917133
          ],
          [
            "dots",
            0.019667188050372535
          ]
        ],
        "count": 677
      },
      "7": {
        "name": "7_Majorana_topological_modes_states",
        "keywords": [
          [
            "Majorana",
            0.07673103729829714
          ],
          [
            "topological",
            0.025072564761980685
          ],
          [
            "modes",
            0.024745608041775825
          ],
          [
            "states",
            0.01956341945730055
          ],
          [
            "superconductor",
            0.01627582376911461
          ],
          [
            "conductance",
            0.013091002376272053
          ],
          [
            "nanowire",
            0.01299595874138801
          ],
          [
            "quantum",
            0.012589699047989733
          ],
          [
            "superconducting",
            0.012159093312000492
          ],
          [
            "phase",
            0.01079035704361188
          ]
        ],
        "count": 628
      },
      "8": {
        "name": "8_skyrmion_skyrmions_magnetic_textures",
        "keywords": [
          [
            "skyrmion",
            0.0736337490960963
          ],
          [
            "skyrmions",
            0.05655752810069176
          ],
          [
            "magnetic",
            0.02898822082245085
          ],
          [
            "textures",
            0.017599788345420347
          ],
          [
            "spin",
            0.014931108091134468
          ],
          [
            "topological",
            0.014800418181482774
          ],
          [
            "chiral",
            0.012968334443122944
          ],
          [
            "Skyrmion",
            0.012572366558399849
          ],
          [
            "motion",
            0.012446470329502685
          ],
          [
            "field",
            0.012326009962534676
          ]
        ],
        "count": 626
      },
      "9": {
        "name": "9_quantum_systems_time_bath",
        "keywords": [
          [
            "quantum",
            0.03019948836236125
          ],
          [
            "systems",
            0.01985359334777931
          ],
          [
            "time",
            0.017827419401653572
          ],
          [
            "bath",
            0.01645756526234042
          ],
          [
            "dynamics",
            0.01602314136074958
          ],
          [
            "state",
            0.015742024399591683
          ],
          [
            "heat",
            0.014086641798617126
          ],
          [
            "quantum systems",
            0.013826974512762158
          ],
          [
            "open",
            0.01250097633495799
          ],
          [
            "open quantum",
            0.012270677861396715
          ]
        ],
        "count": 614
      },
      "10": {
        "name": "10_Weyl_semimetals_semimetal_Fermi",
        "keywords": [
          [
            "Weyl",
            0.07144014709904203
          ],
          [
            "semimetals",
            0.036748246594161
          ],
          [
            "semimetal",
            0.0233614156622979
          ],
          [
            "Fermi",
            0.01791560667911164
          ],
          [
            "magnetic",
            0.01664901341160422
          ],
          [
            "nodal",
            0.014843457553579537
          ],
          [
            "nodes",
            0.014353275397587108
          ],
          [
            "chiral",
            0.014009618533323005
          ],
          [
            "Hall",
            0.013554906763169691
          ],
          [
            "effect",
            0.013301784007920278
          ]
        ],
        "count": 537
      },
      "11": {
        "name": "11_spin_magnetic_torque_magnetization",
        "keywords": [
          [
            "spin",
            0.03605872942800376
          ],
          [
            "magnetic",
            0.029179164176131603
          ],
          [
            "torque",
            0.02535385234762911
          ],
          [
            "magnetization",
            0.019922738160208286
          ],
          [
            "orbit",
            0.018917060992956564
          ],
          [
            "spin orbit",
            0.017801940863271127
          ],
          [
            "Pt",
            0.0177162116515376
          ],
          [
            "orbital",
            0.01561871689278445
          ],
          [
            "SOT",
            0.014927751858390117
          ],
          [
            "current",
            0.01486369989181849
          ]
        ],
        "count": 501
      },
      "12": {
        "name": "12_Hall_fractional_edge_quantum",
        "keywords": [
          [
            "Hall",
            0.041048042271261215
          ],
          [
            "fractional",
            0.03108700459342161
          ],
          [
            "edge",
            0.030968365737180224
          ],
          [
            "quantum",
            0.02658503822148954
          ],
          [
            "fractional quantum",
            0.024514996135352296
          ],
          [
            "states",
            0.017699468967739423
          ],
          [
            "state",
            0.014970989039158672
          ],
          [
            "filling",
            0.012655709539367843
          ],
          [
            "composite",
            0.010646491178241962
          ],
          [
            "FQH",
            0.010214397036598797
          ]
        ],
        "count": 497
      },
      "13": {
        "name": "13_Josephson_superconducting_junction_junctions",
        "keywords": [
          [
            "Josephson",
            0.059905946051115336
          ],
          [
            "superconducting",
            0.034717954213002174
          ],
          [
            "junction",
            0.028726538619156475
          ],
          [
            "junctions",
            0.027277954787632827
          ],
          [
            "diode",
            0.024452438974723757
          ],
          [
            "current",
            0.021693605911259045
          ],
          [
            "supercurrent",
            0.01912694792531939
          ],
          [
            "diode effect",
            0.017721029509875957
          ],
          [
            "phase",
            0.01674414984322575
          ],
          [
            "Andreev",
            0.016077527593569143
          ]
        ],
        "count": 486
      },
      "14": {
        "name": "14_NV_diamond_centers_vacancy",
        "keywords": [
          [
            "NV",
            0.06118908070391051
          ],
          [
            "diamond",
            0.04227436847550724
          ],
          [
            "centers",
            0.03507561753330765
          ],
          [
            "vacancy",
            0.02741631968252869
          ],
          [
            "nitrogen",
            0.024473792983398104
          ],
          [
            "spin",
            0.023821783754909873
          ],
          [
            "nitrogen vacancy",
            0.022465471316774965
          ],
          [
            "center",
            0.018460646209835334
          ],
          [
            "nuclear",
            0.017802699347159456
          ],
          [
            "magnetic",
            0.01748884822527609
          ]
        ],
        "count": 444
      },
      "15": {
        "name": "15_topological_surface_insulator_topological insulator",
        "keywords": [
          [
            "topological",
            0.032043738439586376
          ],
          [
            "surface",
            0.023120253790775196
          ],
          [
            "insulator",
            0.02078698856532827
          ],
          [
            "topological insulator",
            0.01703664982123614
          ],
          [
            "states",
            0.016754665166298366
          ],
          [
            "magnetic",
            0.015112228267896778
          ],
          [
            "surface states",
            0.013441137964374421
          ],
          [
            "Hall",
            0.013255662051213358
          ],
          [
            "MnBi2Te4",
            0.011627173969171423
          ],
          [
            "insulators",
            0.010831975358138207
          ]
        ],
        "count": 428
      },
      "16": {
        "name": "16_magnon_magnons_spin_magnonic",
        "keywords": [
          [
            "magnon",
            0.04552616333690419
          ],
          [
            "magnons",
            0.022299990219509413
          ],
          [
            "spin",
            0.02188439630385911
          ],
          [
            "magnonic",
            0.02031135977259779
          ],
          [
            "waves",
            0.020083261257979275
          ],
          [
            "wave",
            0.019873212526629564
          ],
          [
            "cavity",
            0.01974331808982057
          ],
          [
            "spin wave",
            0.019016312756853247
          ],
          [
            "spin waves",
            0.0173211921949786
          ],
          [
            "coupling",
            0.017051390050589796
          ]
        ],
        "count": 410
      },
      "17": {
        "name": "17_magnetic_der_der Waals_Waals",
        "keywords": [
          [
            "magnetic",
            0.03471155972062831
          ],
          [
            "der",
            0.022853214343900738
          ],
          [
            "der Waals",
            0.0227407068696557
          ],
          [
            "Waals",
            0.022729951664352707
          ],
          [
            "van",
            0.02198099515368827
          ],
          [
            "2D",
            0.02116155796130081
          ],
          [
            "vdW",
            0.01810305050441391
          ],
          [
            "spin",
            0.015728855623852827
          ],
          [
            "temperature",
            0.013552199117556786
          ],
          [
            "magnets",
            0.012220010038911532
          ]
        ],
        "count": 359
      },
      "18": {
        "name": "18_polariton_exciton_polaritons_condensate",
        "keywords": [
          [
            "polariton",
            0.05366438881683037
          ],
          [
            "exciton",
            0.028483973388747336
          ],
          [
            "polaritons",
            0.026310552051323387
          ],
          [
            "condensate",
            0.020695844299741428
          ],
          [
            "condensates",
            0.017647510125254385
          ],
          [
            "light",
            0.01760530562660719
          ],
          [
            "coupling",
            0.016083991019489787
          ],
          [
            "cavity",
            0.01465514442069943
          ],
          [
            "optical",
            0.013649851512516617
          ],
          [
            "matter",
            0.013165715702540987
          ]
        ],
        "count": 317
      },
      "19": {
        "name": "19_computing_devices_neuromorphic_switching",
        "keywords": [
          [
            "computing",
            0.023557934978765887
          ],
          [
            "devices",
            0.01734178456564322
          ],
          [
            "neuromorphic",
            0.017192329256068083
          ],
          [
            "switching",
            0.016886181341797774
          ],
          [
            "stochastic",
            0.016778880185673806
          ],
          [
            "neural",
            0.01656910773609112
          ],
          [
            "memory",
            0.015889905707305838
          ],
          [
            "device",
            0.01516495814632486
          ],
          [
            "memristive",
            0.015163052702043753
          ],
          [
            "hardware",
            0.014258644261813173
          ]
        ],
        "count": 264
      },
      "20": {
        "name": "20_resonators_mechanical_nanomechanical_frequency",
        "keywords": [
          [
            "resonators",
            0.042835317845306455
          ],
          [
            "mechanical",
            0.03548091027340267
          ],
          [
            "nanomechanical",
            0.027328887291418098
          ],
          [
            "frequency",
            0.023110502699458243
          ],
          [
            "resonator",
            0.021520251643521112
          ],
          [
            "acoustic",
            0.01783531047521691
          ],
          [
            "optomechanical",
            0.01622182326955012
          ],
          [
            "mode",
            0.01586834233354416
          ],
          [
            "nanomechanical resonators",
            0.0152150926604934
          ],
          [
            "high",
            0.01452985920351706
          ]
        ],
        "count": 248
      },
      "21": {
        "name": "21_dot_quantum_heat_quantum dot",
        "keywords": [
          [
            "dot",
            0.031766695694144226
          ],
          [
            "quantum",
            0.028192430454263354
          ],
          [
            "heat",
            0.02479231925210501
          ],
          [
            "quantum dot",
            0.02443000014621622
          ],
          [
            "thermoelectric",
            0.023361429986203046
          ],
          [
            "transport",
            0.02161137342402553
          ],
          [
            "Kondo",
            0.020319231006618036
          ],
          [
            "current",
            0.01608745994648697
          ],
          [
            "Coulomb",
            0.014862185263557495
          ],
          [
            "noise",
            0.014514035972074343
          ]
        ],
        "count": 239
      },
      "22": {
        "name": "22_hydrodynamic_electron_flow_viscosity",
        "keywords": [
          [
            "hydrodynamic",
            0.05404581414981987
          ],
          [
            "electron",
            0.042229976032714805
          ],
          [
            "flow",
            0.030459359034863298
          ],
          [
            "viscosity",
            0.027720230303892045
          ],
          [
            "fluid",
            0.026916749340063592
          ],
          [
            "viscous",
            0.02554407061857251
          ],
          [
            "transport",
            0.022479520141782422
          ],
          [
            "hydrodynamics",
            0.01881569361626977
          ],
          [
            "regime",
            0.015168953187992194
          ],
          [
            "graphene",
            0.015029379180569555
          ]
        ],
        "count": 231
      },
      "23": {
        "name": "23_photon_quantum_single_dots",
        "keywords": [
          [
            "photon",
            0.04483559865002437
          ],
          [
            "quantum",
            0.042960559079012535
          ],
          [
            "single",
            0.026481318131169388
          ],
          [
            "dots",
            0.024269431784596764
          ],
          [
            "emission",
            0.024069927238693598
          ],
          [
            "single photon",
            0.023496353218269896
          ],
          [
            "quantum dots",
            0.02347014308893575
          ],
          [
            "photons",
            0.023085914307528054
          ],
          [
            "sources",
            0.01777911496448907
          ],
          [
            "dot",
            0.016783813338045742
          ]
        ],
        "count": 213
      },
      "24": {
        "name": "24_spin_altermagnets_altermagnetic_altermagnetism",
        "keywords": [
          [
            "spin",
            0.03826470015991066
          ],
          [
            "altermagnets",
            0.03727961658230385
          ],
          [
            "altermagnetic",
            0.03538197731096369
          ],
          [
            "altermagnetism",
            0.020150890678371676
          ],
          [
            "altermagnet",
            0.020006575262906383
          ],
          [
            "wave",
            0.019486757899536425
          ],
          [
            "symmetry",
            0.017400302639484694
          ],
          [
            "magnetic",
            0.016939722344839772
          ],
          [
            "spin splitting",
            0.01688316989051644
          ],
          [
            "splitting",
            0.016458077257774633
          ]
        ],
        "count": 212
      },
      "25": {
        "name": "25_perovskite_halide_nanocrystals_exciton",
        "keywords": [
          [
            "perovskite",
            0.02969870177796624
          ],
          [
            "halide",
            0.02830838036017338
          ],
          [
            "nanocrystals",
            0.027036565334625576
          ],
          [
            "exciton",
            0.026844675735673437
          ],
          [
            "perovskites",
            0.024670900567320662
          ],
          [
            "emission",
            0.019748546862125457
          ],
          [
            "CdSe",
            0.016809269582624884
          ],
          [
            "optical",
            0.01449383813487205
          ],
          [
            "quantum",
            0.014335211219275156
          ],
          [
            "halide perovskite",
            0.014333795843716432
          ]
        ],
        "count": 188
      }
    },
    "correlations": [
      [
        1.0,
        -0.7281008604242118,
        -0.749178495767705,
        -0.7478171453996609,
        -0.7598412472812106,
        -0.7501682317364262,
        -0.7437264107123649,
        -0.6252005937934229,
        -0.7384817600207854,
        -0.6617092593720424,
        -0.701163034007616,
        -0.7114345690546162,
        -0.5938078683426959,
        -0.7378340037857855,
        -0.7505909486037246,
        -0.4760960598137398,
        -0.735173723896485,
        -0.7338974171663967,
        -0.7415103219214156,
        -0.7550109989952881,
        -0.7417833625143863,
        -0.7407361401359389,
        -0.7404694131336815,
        -0.7417321619569999,
        -0.7228169533671314,
        -0.7620068852648667
      ],
      [
        -0.7281008604242118,
        1.0,
        -0.5336183669263993,
        -0.7376253517834332,
        -0.7533055364665824,
        -0.6887528808926424,
        -0.7465635894642898,
        -0.7378572720025508,
        -0.733904187367084,
        -0.7063590563688973,
        -0.7396738765796125,
        -0.714099623765863,
        -0.6934828795261283,
        -0.7372054619495545,
        -0.7510589909526406,
        -0.7206741257501089,
        -0.7510011366511796,
        -0.6664977014729256,
        -0.7454648035482175,
        -0.7583219089930336,
        -0.74943577293897,
        -0.7379067300333573,
        -0.7055664536605971,
        -0.7386190711901378,
        -0.7283863280641908,
        -0.7591984874658573
      ],
      [
        -0.749178495767705,
        -0.5336183669263993,
        1.0,
        -0.7395155078766616,
        -0.7145939075357163,
        -0.7212266050328887,
        -0.7550289647016928,
        -0.7491062107129088,
        -0.7559339064035979,
        -0.7211168890572524,
        -0.7488511543873062,
        -0.738594288954987,
        -0.7411320348172077,
        -0.7483258516573136,
        -0.7510856341875229,
        -0.734162007639273,
        -0.7570632149169101,
        -0.691038115281105,
        -0.7551328803818862,
        -0.755026591660523,
        -0.7333644514042313,
        -0.723569447796456,
        -0.7226558801046478,
        -0.7483263956872682,
        -0.7459175770177875,
        -0.7554307817557349
      ],
      [
        -0.7478171453996609,
        -0.7376253517834332,
        -0.7395155078766616,
        1.0,
        -0.7593058965249476,
        -0.72722653469646,
        -0.7558552622177084,
        -0.7518328266955143,
        -0.75908317269668,
        -0.7239846202916739,
        -0.7489571582950616,
        -0.7474351732083975,
        -0.7522390122856915,
        -0.7523967508778812,
        -0.7556511748420529,
        -0.7417565810762607,
        -0.7491079383476394,
        -0.7455774773358712,
        -0.6798978491330776,
        -0.7579823149996228,
        -0.730467854608913,
        -0.7419546043181313,
        -0.7221770083827903,
        -0.7178252710568838,
        -0.7545060393377856,
        -0.7413573534458495
      ],
      [
        -0.7598412472812106,
        -0.7533055364665824,
        -0.7145939075357163,
        -0.7593058965249476,
        1.0,
        -0.759031582798017,
        -0.7618342185665489,
        -0.7625621814348202,
        -0.7636523328921969,
        -0.7385206466514179,
        -0.7640206712815835,
        -0.7631117515285957,
        -0.7633816989968912,
        -0.7598612002029544,
        -0.7561458021554923,
        -0.747606080523711,
        -0.7632712087615967,
        -0.7460770500945322,
        -0.760531208843215,
        -0.7580392628897582,
        -0.7331211773458082,
        -0.7497721813060446,
        -0.7375080897143853,
        -0.7589743942896829,
        -0.763133449772775,
        -0.7522495050664681
      ],
      [
        -0.7501682317364262,
        -0.6887528808926424,
        -0.7212266050328887,
        -0.72722653469646,
        -0.759031582798017,
        1.0,
        -0.7385844859821475,
        -0.7518036040251745,
        -0.7507315724691512,
        -0.7210641369055528,
        -0.7507959840901854,
        -0.7189161480132868,
        -0.7368542544773905,
        -0.752036631952125,
        -0.7523548125747468,
        -0.7060495092258416,
        -0.753055677695853,
        -0.6548586183390965,
        -0.582758942371188,
        -0.7570362452627242,
        -0.7534196139804277,
        -0.7395302421581056,
        -0.7166719558871757,
        -0.7005054483750014,
        -0.7252758673867814,
        -0.6171133786369114
      ],
      [
        -0.7437264107123649,
        -0.7465635894642898,
        -0.7550289647016928,
        -0.7558552622177084,
        -0.7618342185665489,
        -0.7385844859821475,
        1.0,
        -0.7129982757295236,
        -0.7419405605527764,
        -0.6500628848276657,
        -0.7477207885203294,
        -0.6524701550488361,
        -0.6936227661357681,
        -0.7067776362495275,
        -0.6592739584972778,
        -0.7401840579778368,
        -0.6874570213518534,
        -0.7382114706219207,
        -0.7499177661670677,
        -0.7569917153069561,
        -0.715176554135415,
        -0.24540176381605966,
        -0.7157193814164409,
        -0.34079354657107913,
        -0.636962198956023,
        -0.7399201039589988
      ],
      [
        -0.6252005937934229,
        -0.7378572720025508,
        -0.7491062107129088,
        -0.7518328266955143,
        -0.7625621814348202,
        -0.7518036040251745,
        -0.7129982757295236,
        1.0,
        -0.7390138273421871,
        -0.7057760845429593,
        -0.7316548957338298,
        -0.7173237101339216,
        -0.6979985732564853,
        -0.6727511387339756,
        -0.753112911133665,
        -0.6560718734062647,
        -0.7411903314139823,
        -0.7404685117097398,
        -0.7443416969023988,
        -0.7577815671391227,
        -0.7358546040881375,
        -0.7058884910638867,
        -0.7428870018484786,
        -0.7218408420134683,
        -0.7205868290259894,
        -0.7606273521384934
      ],
      [
        -0.7384817600207854,
        -0.733904187367084,
        -0.7559339064035979,
        -0.75908317269668,
        -0.7636523328921969,
        -0.7507315724691512,
        -0.7419405605527764,
        -0.7390138273421871,
        1.0,
        -0.7328750473854303,
        -0.6299312409791846,
        -0.546995138993379,
        -0.7144884185405487,
        -0.7387548491888835,
        -0.7437662712874262,
        -0.7252381139538888,
        -0.7165145432489315,
        -0.5777245694605251,
        -0.7575693829021379,
        -0.7405675994866188,
        -0.7558345903050186,
        -0.7483429690661474,
        -0.7398136065908738,
        -0.7472794527098384,
        -0.7196819911223598,
        -0.7596869755664195
      ],
      [
        -0.6617092593720424,
        -0.7063590563688973,
        -0.7211168890572524,
        -0.7239846202916739,
        -0.7385206466514179,
        -0.7210641369055528,
        -0.6500628848276657,
        -0.7057760845429593,
        -0.7328750473854303,
        1.0,
        -0.7252757541700883,
        -0.6860497017939199,
        -0.6644250711506654,
        -0.707834338095382,
        -0.7335435317811221,
        -0.6991884463721201,
        -0.7122346013277483,
        -0.7057485898555063,
        -0.7321741396290529,
        -0.7372376091625443,
        -0.7093700888799126,
        -0.6437323450655914,
        -0.6889176598772021,
        -0.6473228972227976,
        -0.716926170730049,
        -0.7437330204653924
      ],
      [
        -0.701163034007616,
        -0.7396738765796125,
        -0.7488511543873062,
        -0.7489571582950616,
        -0.7640206712815835,
        -0.7507959840901854,
        -0.7477207885203294,
        -0.7316548957338298,
        -0.6299312409791846,
        -0.7252757541700883,
        1.0,
        -0.6218371200646462,
        -0.7077059009084908,
        -0.7363217042402701,
        -0.7500219007938758,
        -0.6811467904514581,
        -0.7471447006925307,
        -0.6522389846285432,
        -0.7574200289803819,
        -0.762530016631062,
        -0.7554871808694584,
        -0.7453061878977713,
        -0.7274992307242263,
        -0.7457047498822678,
        -0.7179919934646335,
        -0.7618182260293482
      ],
      [
        -0.7114345690546162,
        -0.714099623765863,
        -0.738594288954987,
        -0.7474351732083975,
        -0.7631117515285957,
        -0.7189161480132868,
        -0.6524701550488361,
        -0.7173237101339216,
        -0.546995138993379,
        -0.6860497017939199,
        -0.6218371200646462,
        1.0,
        -0.6495338442376234,
        -0.6979625751354489,
        -0.6642246775317794,
        -0.6709873493005237,
        -0.6188716452629447,
        -0.528484890865489,
        -0.7519700831215115,
        -0.7295373803424459,
        -0.7419859984454958,
        -0.7182281517221036,
        -0.7090363169764371,
        -0.7280705297697632,
        -0.19538568748742255,
        -0.752933830256775
      ],
      [
        -0.5938078683426959,
        -0.6934828795261283,
        -0.7411320348172077,
        -0.7522390122856915,
        -0.7633816989968912,
        -0.7368542544773905,
        -0.6936227661357681,
        -0.6979985732564853,
        -0.7144884185405487,
        -0.6644250711506654,
        -0.7077059009084908,
        -0.6495338442376234,
        1.0,
        -0.7323354371441118,
        -0.7453192670734587,
        -0.6422214248443892,
        -0.7339712376822491,
        -0.7160718743557083,
        -0.7471334431477941,
        -0.7572899396254462,
        -0.7499261772224086,
        -0.6861885706350239,
        -0.7001960378646206,
        -0.6937073336729501,
        -0.674973941777643,
        -0.7597839998671962
      ],
      [
        -0.7378340037857855,
        -0.7372054619495545,
        -0.7483258516573136,
        -0.7523967508778812,
        -0.7598612002029544,
        -0.752036631952125,
        -0.7067776362495275,
        -0.6727511387339756,
        -0.7387548491888835,
        -0.707834338095382,
        -0.7363217042402701,
        -0.6979625751354489,
        -0.7323354371441118,
        1.0,
        -0.7559427535569,
        -0.7260304695935252,
        -0.7483616654268052,
        -0.7281708081050497,
        -0.756397072428385,
        -0.7534907061177849,
        -0.7350478814929612,
        -0.7086612253951577,
        -0.7238314178902991,
        -0.7260606850473199,
        -0.7201829912243596,
        -0.7614050685085483
      ],
      [
        -0.7505909486037246,
        -0.7510589909526406,
        -0.7510856341875229,
        -0.7556511748420529,
        -0.7561458021554923,
        -0.7523548125747468,
        -0.6592739584972778,
        -0.753112911133665,
        -0.7437662712874262,
        -0.7335435317811221,
        -0.7500219007938758,
        -0.6642246775317794,
        -0.7453192670734587,
        -0.7559427535569,
        1.0,
        -0.7460732185734207,
        -0.6724603723643652,
        -0.7280032968890291,
        -0.7592550238526731,
        -0.7610667757839229,
        -0.7464710866366226,
        -0.7445558837784562,
        -0.743331256935513,
        -0.7242833801383106,
        -0.6313781773040659,
        -0.7572616482398077
      ],
      [
        -0.4760960598137398,
        -0.7206741257501089,
        -0.734162007639273,
        -0.7417565810762607,
        -0.747606080523711,
        -0.7060495092258416,
        -0.7401840579778368,
        -0.6560718734062647,
        -0.7252381139538888,
        -0.6991884463721201,
        -0.6811467904514581,
        -0.6709873493005237,
        -0.6422214248443892,
        -0.7260304695935252,
        -0.7460732185734207,
        1.0,
        -0.7395226185263537,
        -0.6878210957186821,
        -0.7532320911929644,
        -0.7547256094857755,
        -0.7474563254071571,
        -0.7379033976701106,
        -0.7253148551239292,
        -0.7375585923646505,
        -0.693818117279152,
        -0.7532397157723186
      ],
      [
        -0.735173723896485,
        -0.7510011366511796,
        -0.7570632149169101,
        -0.7491079383476394,
        -0.7632712087615967,
        -0.753055677695853,
        -0.6874570213518534,
        -0.7411903314139823,
        -0.7165145432489315,
        -0.7122346013277483,
        -0.7471447006925307,
        -0.6188716452629447,
        -0.7339712376822491,
        -0.7483616654268052,
        -0.6724603723643652,
        -0.7395226185263537,
        1.0,
        -0.7055738367898615,
        -0.7323101628568194,
        -0.7529556593978253,
        -0.7226413200072329,
        -0.7415717726169471,
        -0.7424833103228395,
        -0.7281564743114588,
        -0.5491842582152255,
        -0.7557577714030492
      ],
      [
        -0.7338974171663967,
        -0.6664977014729256,
        -0.691038115281105,
        -0.7455774773358712,
        -0.7460770500945322,
        -0.6548586183390965,
        -0.7382114706219207,
        -0.7404685117097398,
        -0.5777245694605251,
        -0.7057485898555063,
        -0.6522389846285432,
        -0.528484890865489,
        -0.7160718743557083,
        -0.7281708081050497,
        -0.7280032968890291,
        -0.6878210957186821,
        -0.7055738367898615,
        1.0,
        -0.732961239513743,
        -0.7499094814770694,
        -0.7380406161999622,
        -0.740050017231737,
        -0.7239958100256048,
        -0.7322976714834128,
        -0.6952003412432493,
        -0.742203640349561
      ],
      [
        -0.7415103219214156,
        -0.7454648035482175,
        -0.7551328803818862,
        -0.6798978491330776,
        -0.760531208843215,
        -0.582758942371188,
        -0.7499177661670677,
        -0.7443416969023988,
        -0.7575693829021379,
        -0.7321741396290529,
        -0.7574200289803819,
        -0.7519700831215115,
        -0.7471334431477941,
        -0.756397072428385,
        -0.7592550238526731,
        -0.7532320911929644,
        -0.7323101628568194,
        -0.732961239513743,
        1.0,
        -0.7622479649580369,
        -0.7362508870516737,
        -0.7515563028206524,
        -0.7425839196189445,
        -0.7088634554391735,
        -0.7540039559763763,
        -0.6729609957483222
      ],
      [
        -0.7550109989952881,
        -0.7583219089930336,
        -0.755026591660523,
        -0.7579823149996228,
        -0.7580392628897582,
        -0.7570362452627242,
        -0.7569917153069561,
        -0.7577815671391227,
        -0.7405675994866188,
        -0.7372376091625443,
        -0.762530016631062,
        -0.7295373803424459,
        -0.7572899396254462,
        -0.7534907061177849,
        -0.7610667757839229,
        -0.7547256094857755,
        -0.7529556593978253,
        -0.7499094814770694,
        -0.7622479649580369,
        1.0,
        -0.7571760664643763,
        -0.7549819075790477,
        -0.7592053942011056,
        -0.7566974393075014,
        -0.758034030142596,
        -0.7578282361335928
      ],
      [
        -0.7417833625143863,
        -0.74943577293897,
        -0.7333644514042313,
        -0.730467854608913,
        -0.7331211773458082,
        -0.7534196139804277,
        -0.715176554135415,
        -0.7358546040881375,
        -0.7558345903050186,
        -0.7093700888799126,
