{
  "topics": {
    "data": {
      "0": {
        "name": "0_students_learning_student_education",
        "keywords": [
          [
            "students",
            0.03388562523599357
          ],
          [
            "learning",
            0.025624614864380547
          ],
          [
            "student",
            0.01813894305646108
          ],
          [
            "education",
            0.017931887045059165
          ],
          [
            "AI",
            0.014150068493994342
          ],
          [
            "educational",
            0.01385274224070147
          ],
          [
            "programming",
            0.01112907146074355
          ],
          [
            "course",
            0.010955580267853654
          ],
          [
            "study",
            0.010601008769921576
          ],
          [
            "teaching",
            0.00928287096121176
          ]
        ],
        "count": 2039
      },
      "1": {
        "name": "1_media_social_news_social media",
        "keywords": [
          [
            "media",
            0.023175300683027037
          ],
          [
            "social",
            0.021221303462812428
          ],
          [
            "news",
            0.020116248655314327
          ],
          [
            "social media",
            0.017927783818016206
          ],
          [
            "content",
            0.0170215614117544
          ],
          [
            "online",
            0.015054388087701947
          ],
          [
            "users",
            0.014897401975114338
          ],
          [
            "Twitter",
            0.013793072024177898
          ],
          [
            "misinformation",
            0.012535337497249091
          ],
          [
            "political",
            0.012090924078628265
          ]
        ],
        "count": 1453
      },
      "2": {
        "name": "2_fairness_bias_fair_Fairness",
        "keywords": [
          [
            "fairness",
            0.04745558497717849
          ],
          [
            "bias",
            0.01498106152835404
          ],
          [
            "fair",
            0.014840715532271025
          ],
          [
            "Fairness",
            0.014012289931111565
          ],
          [
            "learning",
            0.013696796912963228
          ],
          [
            "decision",
            0.013123787017651494
          ],
          [
            "algorithmic",
            0.012895705270857578
          ],
          [
            "data",
            0.011832414432435025
          ],
          [
            "model",
            0.011573864404502643
          ],
          [
            "algorithms",
            0.010649633041249168
          ]
        ],
        "count": 1215
      },
      "3": {
        "name": "3_AI_systems_risks_ethical",
        "keywords": [
          [
            "AI",
            0.06448982917829704
          ],
          [
            "systems",
            0.02023275245047315
          ],
          [
            "risks",
            0.013848205723629029
          ],
          [
            "ethical",
            0.0135115778641109
          ],
          [
            "governance",
            0.012739362351837659
          ],
          [
            "risk",
            0.011743513702709348
          ],
          [
            "human",
            0.011415465815568928
          ],
          [
            "ethics",
            0.011294768746142289
          ],
          [
            "intelligence",
            0.01104111396088142
          ],
          [
            "safety",
            0.010804074608609571
          ]
        ],
        "count": 1029
      },
      "4": {
        "name": "4_LLMs_language_models_LLM",
        "keywords": [
          [
            "LLMs",
            0.03224723193144935
          ],
          [
            "language",
            0.021242787913103724
          ],
          [
            "models",
            0.020231445474544845
          ],
          [
            "LLM",
            0.018265138478096396
          ],
          [
            "Language",
            0.015126793229981715
          ],
          [
            "human",
            0.014535501537437514
          ],
          [
            "language models",
            0.013836444646044286
          ],
          [
            "Large",
            0.013691770370650821
          ],
          [
            "bias",
            0.01325351497711516
          ],
          [
            "Models",
            0.012526809009194315
          ]
        ],
        "count": 1010
      },
      "5": {
        "name": "5_urban_data_traffic_mobility",
        "keywords": [
          [
            "urban",
            0.025499323950515265
          ],
          [
            "data",
            0.01908504678787946
          ],
          [
            "traffic",
            0.01753905421533733
          ],
          [
            "mobility",
            0.01744791648641795
          ],
          [
            "cities",
            0.011115580809216935
          ],
          [
            "transportation",
            0.010899832076694035
          ],
          [
            "spatial",
            0.010643933566773085
          ],
          [
            "vehicle",
            0.010426717506315372
          ],
          [
            "road",
            0.01023769718409955
          ],
          [
            "vehicles",
            0.009738352114312577
          ]
        ],
        "count": 739
      },
      "6": {
        "name": "6_healthcare_health_clinical_data",
        "keywords": [
          [
            "healthcare",
            0.01925096253804795
          ],
          [
            "health",
            0.01906376437594288
          ],
          [
            "clinical",
            0.01778782768124925
          ],
          [
            "data",
            0.01701728103658824
          ],
          [
            "medical",
            0.01542455895882576
          ],
          [
            "patient",
            0.01475692999623282
          ],
          [
            "patients",
            0.014051059172842235
          ],
          [
            "AI",
            0.011811072292582539
          ],
          [
            "learning",
            0.01160437554163068
          ],
          [
            "model",
            0.01128876814341734
          ]
        ],
        "count": 739
      },
      "7": {
        "name": "7_privacy_security_data_cyber",
        "keywords": [
          [
            "privacy",
            0.028945847691180394
          ],
          [
            "security",
            0.024475819298288223
          ],
          [
            "data",
            0.02258839774153624
          ],
          [
            "cyber",
            0.01852782947885776
          ],
          [
            "cybersecurity",
            0.012751497773399486
          ],
          [
            "online",
            0.012066230848454432
          ],
          [
            "information",
            0.011121121662832308
          ],
          [
            "research",
            0.010673583431101476
          ],
          [
            "Privacy",
            0.010485173690313486
          ],
          [
            "users",
            0.01025489464478591
          ]
        ],
        "count": 566
      },
      "8": {
        "name": "8_blockchain_Blockchain_digital_decentralized",
        "keywords": [
          [
            "blockchain",
            0.04412958745979309
          ],
          [
            "Blockchain",
            0.02272429650995014
          ],
          [
            "digital",
            0.014431013553474387
          ],
          [
            "decentralized",
            0.01402347912419458
          ],
          [
            "technology",
            0.013213644793422921
          ],
          [
            "transactions",
            0.011583724154161285
          ],
          [
            "Bitcoin",
            0.011499953361687581
          ],
          [
            "contracts",
            0.010817895512172038
          ],
          [
            "NFT",
            0.010658449314771858
          ],
          [
            "data",
            0.010476918450484561
          ]
        ],
        "count": 496
      },
      "9": {
        "name": "9_AI_generative_models_image",
        "keywords": [
          [
            "AI",
            0.029644398597670554
          ],
          [
            "generative",
            0.024451614569888324
          ],
          [
            "models",
            0.02143032383044
          ],
          [
            "image",
            0.02022231243225381
          ],
          [
            "images",
            0.020040894178416282
          ],
          [
            "Generative",
            0.015790502501650906
          ],
          [
            "generated",
            0.011357294582385234
          ],
          [
            "art",
            0.010144105282409867
          ],
          [
            "human",
            0.010091313711048572
          ],
          [
            "text",
            0.009682703686777953
          ]
        ],
        "count": 464
      },
      "10": {
        "name": "10_energy_carbon_data_environmental",
        "keywords": [
          [
            "energy",
            0.03038125380294275
          ],
          [
            "carbon",
            0.02898453992915915
          ],
          [
            "data",
            0.018973217679336934
          ],
          [
            "environmental",
            0.018460868680936438
          ],
          [
            "computing",
            0.016220497709390522
          ],
          [
            "emissions",
            0.014600335739941165
          ],
          [
            "research",
            0.012636451960525387
          ],
          [
            "footprint",
            0.012581973641237712
          ],
          [
            "digital",
            0.01227182400992767
          ],
          [
            "consumption",
            0.011590825399119823
          ]
        ],
        "count": 225
      },
      "11": {
        "name": "11_health_LLMs_mental_mental health",
        "keywords": [
          [
            "health",
            0.027669232012228217
          ],
          [
            "LLMs",
            0.024731786632949088
          ],
          [
            "mental",
            0.021912316728793846
          ],
          [
            "mental health",
            0.02108140687768447
          ],
          [
            "medical",
            0.01944992883599468
          ],
          [
            "models",
            0.013216295162956597
          ],
          [
            "language",
            0.013179088552766815
          ],
          [
            "LLM",
            0.013134481291884404
          ],
          [
            "patient",
            0.013129243718560885
          ],
          [
            "clinical",
            0.013100944876328294
          ]
        ],
        "count": 222
      },
      "12": {
        "name": "12_pandemic_model_spread_data",
        "keywords": [
          [
            "pandemic",
            0.023367738595249578
          ],
          [
            "model",
            0.017488405444782452
          ],
          [
            "spread",
            0.01706826930171943
          ],
          [
            "data",
            0.01667541862761512
          ],
          [
            "disease",
            0.015888949184668447
          ],
          [
            "cases",
            0.013704361183242164
          ],
          [
            "transmission",
            0.013608606169435478
          ],
          [
            "models",
            0.012376572158663867
          ],
          [
            "infection",
            0.012337377836901505
          ],
          [
            "health",
            0.01178178093568375
          ]
        ],
        "count": 193
      },
      "13": {
        "name": "13_research_scientific_software_papers",
        "keywords": [
          [
            "research",
            0.02762723819954464
          ],
          [
            "scientific",
            0.021035002164757424
          ],
          [
            "software",
            0.020672446659464806
          ],
          [
            "papers",
            0.01817913527504037
          ],
          [
            "citations",
            0.014625357144652655
          ],
          [
            "researchers",
            0.014546072434784146
          ],
          [
            "citation",
            0.0144766765343148
          ],
          [
            "science",
            0.014207440724523613
          ],
          [
            "academic",
            0.013981907063065574
          ],
          [
            "publications",
            0.013062812036642179
          ]
        ],
        "count": 191
      },
      "14": {
        "name": "14_contact_tracing_contact tracing_privacy",
        "keywords": [
          [
            "contact",
            0.07414312879765299
          ],
          [
            "tracing",
            0.07036551017767567
          ],
          [
            "contact tracing",
            0.06691663374583698
          ],
          [
            "privacy",
            0.03338655416338556
          ],
          [
            "apps",
            0.023227892744659178
          ],
          [
            "Contact",
            0.02272141769965587
          ],
          [
            "app",
            0.02255112470394087
          ],
          [
            "Tracing",
            0.017526320233167202
          ],
          [
            "Bluetooth",
            0.015412346322844266
          ],
          [
            "pandemic",
            0.01534841953974575
          ]
        ],
        "count": 161
      },
      "15": {
        "name": "15_VR_virtual_Reality_reality",
        "keywords": [
          [
            "VR",
            0.05267480522909429
          ],
          [
            "virtual",
            0.029858619703596937
          ],
          [
            "Reality",
            0.029710770802647148
          ],
          [
            "reality",
            0.02721267436690405
          ],
          [
            "Metaverse",
            0.023463539872317293
          ],
          [
            "immersive",
            0.020086461403644288
          ],
          [
            "Virtual",
            0.019103927879291733
          ],
          [
            "AR",
            0.01796459277752112
          ],
          [
            "metaverse",
            0.016828976826830343
          ],
          [
            "virtual reality",
            0.014992172044554846
          ]
        ],
        "count": 157
      },
      "16": {
        "name": "16_energy_electricity_consumption_data",
        "keywords": [
          [
            "energy",
            0.049307417556588705
          ],
          [
            "electricity",
            0.020340330095694685
          ],
          [
            "consumption",
            0.01815438008364296
          ],
          [
            "data",
            0.01790044702930027
          ],
          [
            "demand",
            0.014924116952909044
          ],
          [
            "grid",
            0.014801983416942544
          ],
          [
            "The",
            0.014789801072394665
          ],
          [
            "water",
            0.014481843573131122
          ],
          [
            "power",
            0.012763109168981643
          ],
          [
            "Energy",
            0.012614345421589141
          ]
        ],
        "count": 152
      },
      "17": {
        "name": "17_privacy_data_DP_synthetic",
        "keywords": [
          [
            "privacy",
            0.0644540101863996
          ],
          [
            "data",
            0.03766190061592236
          ],
          [
            "DP",
            0.034676737376083046
          ],
          [
            "synthetic",
            0.0244971443078865
          ],
          [
            "differential privacy",
            0.02189379054707494
          ],
          [
            "Census",
            0.021858997613914986
          ],
          [
            "synthetic data",
            0.02126485041178085
          ],
          [
            "differential",
            0.020365276068981388
          ],
          [
            "private",
            0.019605728364831442
          ],
          [
            "Privacy",
            0.017692398979237352
          ]
        ],
        "count": 132
      },
      "18": {
        "name": "18_XAI_explanations_AI_explainability",
        "keywords": [
          [
            "XAI",
            0.056989402951353366
          ],
          [
            "explanations",
            0.04093249322370585
          ],
          [
            "AI",
            0.034510055985525166
          ],
          [
            "explainability",
            0.025392860084735812
          ],
          [
            "explanation",
            0.02329183832556541
          ],
          [
            "systems",
            0.018246538689757605
          ],
          [
            "Explainable",
            0.017185870021466123
          ],
          [
            "explainable",
            0.0169391335446668
          ],
          [
            "decision",
            0.016730228985814152
          ],
          [
            "human",
            0.013813969073903965
          ]
        ],
        "count": 132
      }
    },
    "correlations": [
      [
        1.0,
        -0.7441869420880088,
        -0.7279575822219451,
        -0.7099373220989033,
        -0.7098839456760513,
        -0.7501819829372622,
        -0.7290307065960031,
        -0.739083832103669,
        -0.7572697884947106,
        -0.697996226595412,
        -0.7470971270779752,
        -0.7245776059454201,
        -0.7285912967861101,
        -0.7265581141190599,
        -0.7186858776086947,
        -0.7390182407013097,
        -0.7609191943926403,
        -0.7407451163421616,
        -0.737054805746008
      ],
      [
        -0.7441869420880088,
        1.0,
        -0.7211877877670143,
        -0.7353258221329635,
        -0.7162219946208378,
        -0.7402632774165716,
        -0.7338476358496078,
        -0.731885910302382,
        -0.7574320833060291,
        -0.7212594005967612,
        -0.7438600154453405,
        -0.7113436262351929,
        -0.5840310574087155,
        -0.7256309979089826,
        -0.6287191961996066,
        -0.7540132069780829,
        -0.7561104116675295,
        -0.7285532935355528,
        -0.7463903823838502
      ],
      [
        -0.7279575822219451,
        -0.7211877877670143,
        1.0,
        -0.6947440579967711,
        -0.7040853506218152,
        -0.7162899427000438,
        -0.5212701707647756,
        -0.7095111166154446,
        -0.7616134422573171,
        -0.6966099431499004,
        -0.7231147374165112,
        -0.7287246154860414,
        -0.7465853080932534,
        -0.7314105684440875,
        -0.749590121842145,
        -0.7578318117913279,
        -0.7542344591022012,
        -0.6869775686632846,
        -0.6518000829045965
      ],
      [
        -0.7099373220989033,
        -0.7353258221329635,
        -0.6947440579967711,
        1.0,
        -0.671192378976603,
        -0.7438154761866447,
        -0.7037755062093551,
        -0.7129195077023969,
        -0.7542733844756284,
        -0.40102255743827564,
        -0.7260337678366022,
        -0.6930929417954452,
        -0.7553189409060392,
        -0.7177485653223294,
        -0.751993445941023,
        -0.7495912807877063,
        -0.7420991041466782,
        -0.7066931129509907,
        -0.41053593392754495
      ],
      [
        -0.7098839456760513,
        -0.7162219946208378,
        -0.7040853506218152,
        -0.671192378976603,
        1.0,
        -0.7404935855007853,
        -0.726379939929354,
        -0.7320598226234905,
        -0.7632887633284331,
        -0.5270602081599312,
        -0.7344691073555792,
        0.09664569128269743,
        -0.7543786582807906,
        -0.7310393741743373,
        -0.7491998177697621,
        -0.7582136038808907,
        -0.7547762187048721,
        -0.7250825610151637,
        -0.7116876117881846
      ],
      [
        -0.7501819829372622,
        -0.7402632774165716,
        -0.7162899427000438,
        -0.7438154761866447,
        -0.7404935855007853,
        1.0,
        -0.5095415602842084,
        -0.5038395065243918,
        -0.7553964800969901,
        -0.7389853526436118,
        -0.44385108368417114,
        -0.7381341432946611,
        -0.7279002435782995,
        -0.7475482562568679,
        -0.7404507231722532,
        -0.7557511394977261,
        -0.7445947489316656,
        -0.5244677080062349,
        -0.7448528784704811
      ],
      [
        -0.7290307065960031,
        -0.7338476358496078,
        -0.5212701707647756,
        -0.7037755062093551,
        -0.726379939929354,
        -0.5095415602842084,
        1.0,
        -0.4971022054382565,
        -0.7491148782145635,
        -0.7122534257125384,
        -0.47155251225028183,
        -0.6117196133452323,
        -0.7224629666318816,
        -0.7334640741467098,
        -0.731360971838463,
        -0.7556405299180927,
        -0.7493609193207751,
        -0.5082221016600472,
        -0.7186923713982696
      ],
      [
        -0.739083832103669,
        -0.731885910302382,
        -0.7095111166154446,
        -0.7129195077023969,
        -0.7320598226234905,
        -0.5038395065243918,
        -0.4971022054382565,
        1.0,
        -0.7292257437276402,
        -0.7245649136493568,
        -0.43877677351565747,
        -0.7321980412026489,
        -0.7287056384103243,
        -0.7257257077945356,
        -0.6950085782340483,
        -0.7430036942648702,
        -0.7402724158242859,
        -0.1544492955076553,
        -0.7371938424818825
      ],
      [
        -0.7572697884947106,
        -0.7574320833060291,
        -0.7616134422573171,
        -0.7542733844756284,
        -0.7632887633284331,
        -0.7553964800969901,
        -0.7491148782145635,
        -0.7292257437276402,
        1.0,
        -0.7620495316080658,
        -0.7425027384174113,
        -0.7609552040667443,
        -0.7519631016040627,
        -0.7548189224572779,
        -0.7490440685463438,
        -0.7394690363253482,
        -0.7450194999033187,
        -0.7372007258631952,
        -0.7619514178689777
      ],
      [
        -0.697996226595412,
        -0.7212594005967612,
        -0.6966099431499004,
        -0.40102255743827564,
        -0.5270602081599312,
        -0.7389853526436118,
        -0.7122534257125384,
        -0.7245649136493568,
        -0.7620495316080658,
        1.0,
        -0.7311258719200037,
        -0.6830663809681989,
        -0.7529647433127964,
        -0.7328863697330485,
        -0.7503185715728816,
        -0.7532808667126918,
        -0.7541013796755693,
        -0.7146192859936654,
        -0.5381199331935154
      ],
      [
        -0.7470971270779752,
        -0.7438600154453405,
        -0.7231147374165112,
        -0.7260337678366022,
        -0.7344691073555792,
        -0.44385108368417114,
        -0.47155251225028183,
        -0.43877677351565747,
        -0.7425027384174113,
        -0.7311258719200037,
        1.0,
        -0.7377699276219258,
        -0.7387679778889547,
        -0.7450932141445916,
        -0.7439511026450295,
        -0.7530964142107217,
        -0.3177272383818145,
        -0.47538001345147773,
        -0.7388641478229381
      ],
      [
        -0.7245776059454201,
        -0.7113436262351929,
        -0.7287246154860414,
        -0.6930929417954452,
        0.09664569128269743,
        -0.7381341432946611,
        -0.6117196133452323,
        -0.7321980412026489,
        -0.7609552040667443,
        -0.6830663809681989,
        -0.7377699276219258,
        1.0,
        -0.7275996821393944,
        -0.7382028880798956,
        -0.737518358493887,
        -0.7549185143374444,
        -0.7533720234001854,
        -0.7239636442915218,
        -0.7239947190913005
      ],
      [
        -0.7285912967861101,
        -0.5840310574087155,
        -0.7465853080932534,
        -0.7553189409060392,
        -0.7543786582807906,
        -0.7279002435782995,
        -0.7224629666318816,
        -0.7287056384103243,
        -0.7519631016040627,
        -0.7529647433127964,
        -0.7387679778889547,
        -0.7275996821393944,
        1.0,
        -0.7463960574189634,
        -0.0023425399232430144,
        -0.7552539502154905,
        -0.7571338104848548,
        -0.724299225775519,
        -0.7569484204456068
      ],
      [
        -0.7265581141190599,
        -0.7256309979089826,
        -0.7314105684440875,
        -0.7177485653223294,
        -0.7310393741743373,
        -0.7475482562568679,
        -0.7334640741467098,
        -0.7257257077945356,
        -0.7548189224572779,
        -0.7328863697330485,
        -0.7450932141445916,
        -0.7382028880798956,
        -0.7463960574189634,
        1.0,
        -0.7491751972049825,
        -0.7467221773305888,
        -0.7540958371053557,
        -0.7393165477398542,
        -0.7435047956011565
      ],
      [
        -0.7186858776086947,
        -0.6287191961996066,
        -0.749590121842145,
        -0.751993445941023,
        -0.7491998177697621,
        -0.7404507231722532,
        -0.731360971838463,
        -0.6950085782340483,
        -0.7490440685463438,
        -0.7503185715728816,
        -0.7439511026450295,
        -0.737518358493887,
        -0.0023425399232430144,
        -0.7491751972049825,
        1.0,
        -0.7580319446327872,
        -0.759675702851428,
        -0.67425815886198,
        -0.757175452192479
      ],
      [
        -0.7390182407013097,
        -0.7540132069780829,
        -0.7578318117913279,
        -0.7495912807877063,
        -0.7582136038808907,
        -0.7557511394977261,
        -0.7556405299180927,
        -0.7430036942648702,
        -0.7394690363253482,
        -0.7532808667126918,
        -0.7530964142107217,
        -0.7549185143374444,
        -0.7552539502154905,
        -0.7467221773305888,
        -0.7580319446327872,
        1.0,
        -0.7546422276889574,
        -0.7452315358057192,
        -0.7576203417463738
      ],
      [
        -0.7609191943926403,
        -0.7561104116675295,
        -0.7542344591022012,
        -0.7420991041466782,
        -0.7547762187048721,
        -0.7445947489316656,
        -0.7493609193207751,
        -0.7402724158242859,
        -0.7450194999033187,
        -0.7541013796755693,
        -0.3177272383818145,
        -0.7533720234001854,
        -0.7571338104848548,
        -0.7540958371053557,
        -0.759675702851428,
        -0.7546422276889574,
        1.0,
        -0.7410600958353534,
        -0.7499927495967713
      ],
      [
        -0.7407451163421616,
        -0.7285532935355528,
        -0.6869775686632846,
        -0.7066931129509907,
        -0.7250825610151637,
        -0.5244677080062349,
        -0.5082221016600472,
        -0.1544492955076553,
        -0.7372007258631952,
        -0.7146192859936654,
        -0.47538001345147773,
        -0.7239636442915218,
        -0.724299225775519,
        -0.7393165477398542,
        -0.67425815886198,
        -0.7452315358057192,
        -0.7410600958353534,
        1.0,
        -0.7349070623033465
      ],
      [
        -0.737054805746008,
        -0.7463903823838502,
        -0.6518000829045965,
        -0.41053593392754495,
        -0.7116876117881846,
        -0.7448528784704811,
        -0.7186923713982696,
        -0.7371938424818825,
        -0.7619514178689777,
        -0.5381199331935154,
        -0.7388641478229381,
        -0.7239947190913005,
        -0.7569484204456068,
        -0.7435047956011565,
        -0.757175452192479,
        -0.7576203417463738,
        -0.7499927495967713,
        -0.7349070623033465,
        1.0
      ]
    ],
    "series": {
      "2020-01": [
        51,
        19,
        14,
        19,
        2,
        4,
        3,
        2,
        4,
        2,
        0,
        1,
        0,
        6,
        1,
        1,
        3,
        10,
        2
      ],
      "2020-02": [
        37,
        8,
        13,
        14,
        1,
        4,
        6,
        2,
        7,
        1,
        0,
        0,
        3,
        0,
        2,
        3,
        3,
        10,
        5
      ],
      "2020-03": [
        40,
        10,
        11,
        8,
        1,
        5,
        5,
        6,
        3,
        4,
        0,
        1,
        13,
        6,
        2,
        3,
        1,
        14,
        3
      ],
      "2020-04": [
        54,
        16,
        17,
        9,
        3,
        5,
        5,
        3,
        4,
        4,
        0,
        9,
        33,
        10,
        9,
        2,
        2,
        13,
        1
      ],
      "2020-05": [
        87,
        19,
        12,
        9,
        5,
        8,
        4,
        4,
        4,
        2,
        0,
        5,
        46,
        6,
        24,
        2,
        6,
        17,
        3
      ],
      "2020-06": [
        84,
        8,
        26,
        17,
        1,
        5,
        3,
        7,
        7,
        5,
        2,
        7,
        41,
        7,
        13,
        4,
        9,
        22,
        7
      ],
      "2020-07": [
        74,
        18,
        18,
        21,
        3,
        4,
        5,
        8,
        7,
        7,
        2,
        9,
        35,
        11,
        10,
        2,
        11,
        26,
        5
      ],
      "2020-08": [
        77,
        11,
        17,
        24,
        0,
        4,
        4,
        6,
        2,
        2,
        1,
        4,
        40,
        4,
        8,
        1,
        5,
        11,
        2
      ],
      "2020-09": [
        61,
        9,
        18,
        18,
        4,
        2,
        6,
        6,
        8,
        3,
        5,
        4,
        25,
        9,
        9,
        2,
        7,
        25,
        3
      ],
      "2020-10": [
        69,
        15,
        24,
        16,
        3,
        5,
        5,
        6,
        3,
        3,
        1,
        3,
        21,
        9,
        10,
        3,
        4,
        13,
        0
      ],
      "2020-11": [
        62,
        14,
        15,
        13,
        1,
        2,
        8,
        4,
        3,
        3,
        1,
        5,
        34,
        4,
        4,
        4,
        3,
        13,
        5
      ],
      "2020-12": [
        45,
        11,
        15,
        15,
        2,
        4,
        1,
        3,
        1,
        5,
        1,
        5,
        17,
        8,
        14,
        1,
        3,
        13,
        7
      ],
      "2021-01": [
        68,
        26,
        16,
        22,
        2,
        7,
        7,
        5,
        6,
        2,
        2,
        2,
        20,
        9,
        7,
        7,
        1,
        13,
        3
      ],
      "2021-02": [
        57,
        17,
        21,
        13,
        1,
        7,
        7,
        2,
        10,
        4,
        1,
        3,
        12,
        8,
        5,
        3,
        5,
        4,
        3
      ],
      "2021-03": [
        53,
        14,
        15,
        13,
        3,
        3,
        1,
        4,
        7,
        3,
        0,
        1,
        19,
        9,
        6,
        1,
        1,
        13,
        6
      ],
      "2021-04": [
        56,
        18,
        14,
        17,
        0,
        7,
        3,
        3,
        3,
        3,
        0,
        1,
        22,
        9,
        5,
        2,
        1,
        6,
        3
      ],
      "2021-05": [
        56,
        14,
        27,
        23,
        1,
        6,
        2,
        4,
        4,
        6,
        1,
        1,
        25,
        7,
        5,
        4,
        5,
        11,
        0
      ],
      "2021-06": [
        50,
        14,
        31,
        20,
        3,
        6,
        3,
        5,
        4,
        6,
        1,
        4,
        26,
        7,
        2,
        3,
        1,
        17,
        9
      ],
      "2021-07": [
        55,
        20,
        19,
        14,
        1,
        4,
        7,
        5,
        9,
        5,
        0,
        2,
        15,
        7,
        3,
        2,
        1,
        10,
        9
      ],
      "2021-08": [
        80,
        16,
        15,
        12,
        2,
        3,
        3,
        4,
        1,
        1,
        2,
        3,
        35,
        9,
        3,
        4,
        2,
        20,
        8
      ],
      "2021-09": [
        41,
        20,
        23,
        17,
        4,
        3,
        1,
        1,
        5,
        5,
        0,
        1,
        22,
        2,
        1,
        1,
        1,
        17,
        7
      ],
      "2021-10": [
        51,
        13,
        33,
        19,
        4,
        7,
        1,
        2,
        0,
        1,
        2,
        4,
        18,
        6,
        1,
        3,
        3,
        16,
        5
      ],
      "2021-11": [
        34,
        14,
        15,
        24,
        2,
        5,
        1,
        1,
        2,
        5,
        1,
        2,
        27,
        4,
        3,
        3,
        5,
        16,
        3
      ],
      "2021-12": [
        38,
        11,
        17,
        17,
        2,
        4,
        0,
        4,
        6,
        4,
        1,
        2,
        14,
        2,
        5,
        2,
        2,
        9,
        4
      ],
      "2022-01": [
        51,
        7,
        17,
        18,
        0,
        6,
        2,
        3,
        5,
        5,
        3,
        1,
        18,
        4,
        2,
        4,
        0,
        19,
        0
      ],
      "2022-02": [
        61,
        14,
        29,
        18,
        2,
        3,
        1,
        4,
        2,
        5,
        0,
        3,
        19,
        2,
        5,
        4,
        2,
        7,
        1
      ],
      "2022-03": [
        56,
        16,
        15,
        8,
        3,
        5,
        6,
        5,
        8,
        3,
        1,
        0,
        13,
        4,
        1,
        3,
        2,
        9,
        4
      ],
      "2022-04": [
        56,
        9,
        17,
        17,
        2,
        2,
        3,
        0,
        6,
        4,
        0,
        0,
        16,
        3,
        0,
        3,
        3,
        12,
        4
      ],
      "2022-05": [
        50,
        13,
        34,
        25,
        10,
        4,
        1,
        5,
        4,
        11,
        3,
        2,
        13,
        12,
        0,
        2,
        5,
        13,
        5
      ],
      "2022-06": [
        53,
        13,
        32,
        28,
        10,
        0,
        3,
        1,
        2,
        3,
        2,
        4,
        14,
        8,
        6,
        4,
        4,
        16,
        3
      ],
      "2022-07": [
        55,
        16,
        32,
        13,
        3,
        7,
        6,
        3,
        5,
        5,
        2,
        7,
        10,
        6,
        2,
        2,
        5,
        16,
        4
      ],
      "2022-08": [
        49,
        12,
        30,
        18,
        4,
        3,
        3,
        4,
        1,
        3,
        0,
        3,
        9,
        5,
        2,
        2,
        4,
        21,
        5
      ],
      "2022-09": [
        38,
        7,
        30,
        15,
        7,
        5,
        3,
        4,
        6,
        7,
        2,
        2,
        14,
        7,
        1,
        4,
        3,
        9,
        3
      ],
      "2022-10": [
        58,
        18,
        27,
        15,
        1,
        4,
        3,
        7,
        4,
        9,
        0,
        4,
        13,
        6,
        2,
        6,
        8,
        11,
        2
      ],
      "2022-11": [
        51,
        16,
        28,
        22,
        6,
        5,
        3,
        0,
        7,
        6,
        1,
        5,
        15,
        5,
        2,
        4,
        3,
        17,
        6
      ],
      "2022-12": [
        80,
        12,
        19,
        14,
        4,
        2,
        1,
        6,
        4,
        6,
        2,
        1,
        10,
        2,
        3,
        2,
        5,
        15,
        5
      ],
      "2023-01": [
        57,
        21,
        22,
        18,
        10,
        7,
        2,
        4,
        7,
        7,
        2,
        1,
        8,
        4,
        1,
        6,
        7,
        12,
        1
      ],
      "2023-02": [
        38,
        22,
        26,
        19,
        9,
        3,
        4,
        7,
        3,
        8,
        2,
        1,
        5,
        4,
        1,
        3,
        3,
        19,
        7
      ],
      "2023-03": [
        60,
        12,
        43,
        38,
        16,
        3,
        5,
        4,
        7,
        11,
        1,
        3,
        9,
        10,
        3,
        7,
        5,
        13,
        6
      ],
      "2023-04": [
        53,
        21,
        28,
        27,
        24,
        6,
        4,
        3,
        2,
        13,
        2,
        5,
        9,
        3,
        1,
        4,
        6,
        11,
        3
      ],
      "2023-05": [
        71,
        27,
        55,
        54,
        26,
        3,
        5,
        5,
        6,
        19,
        4,
        2,
        6,
        8,
        3,
        4,
        5,
        28,
        5
      ],
      "2023-06": [
        67,
        14,
        41,
        40,
        29,
        4,
        10,
        5,
        9,
        13,
        4,
        4,
        8,
        9,
        1,
        4,
        4,
        23,
        7
      ],
      "2023-07": [
        60,
        13,
        31,
        42,
        31,
        4,
        2,
        5,
        5,
        15,
        0,
        3,
        6,
        8,
        0,
        6,
        3,
        16,
        4
      ],
      "2023-08": [
        60,
        15,
        30,
        24,
        28,
        4,
        0,
        12,
        7,
        14,
        1,
        2,
        8,
        6,
        2,
        2,
        2,
        18,
        8
      ],
      "2023-09": [
        65,
        11,
        28,
        29,
        31,
        9,
        5,
        7,
        1,
        17,
        4,
        4,
        9,
        7,
        1,
        1,
        5,
        15,
        5
      ],
      "2023-10": [
        73,
        23,
        23,
        29,
        44,
        4,
        1,
        7,
        5,
        19,
        3,
        2,
        7,
        6,
        3,
        5,
        3,
        17,
        3
      ],
      "2023-11": [
        73,
        11,
        28,
        36,
        35,
        5,
        5,
        1,
        1,
        20,
        1,
        5,
        7,
        7,
        1,
        4,
        2,
        15,
        4
      ],
      "2023-12": [
        80,
        24,
        33,
        31,
        38,
        1,
        5,
        3,
        8,
        16,
        2,
        3,
        6,
        3,
        1,
        4,
        2,
        27,
        4
      ],
      "2024-01": [
