{
  "topics": {
    "data": {
      "0": {
        "name": "0_data_neural_model_learning",
        "keywords": [
          [
            "data",
            0.018556841050098947
          ],
          [
            "neural",
            0.01783498990522692
          ],
          [
            "model",
            0.017164574755024673
          ],
          [
            "learning",
            0.013806300006833515
          ],
          [
            "models",
            0.01376132943156966
          ],
          [
            "physics",
            0.012221078268231548
          ],
          [
            "network",
            0.011514948687770594
          ],
          [
            "training",
            0.011298809664640745
          ],
          [
            "networks",
            0.010962701346474707
          ],
          [
            "method",
            0.010296288111040542
          ]
        ],
        "count": 865
      },
      "1": {
        "name": "1_model_energy_data_study",
        "keywords": [
          [
            "model",
            0.01563737206674825
          ],
          [
            "energy",
            0.015385441519047232
          ],
          [
            "data",
            0.014060694584768087
          ],
          [
            "study",
            0.010732003809780382
          ],
          [
            "power",
            0.010560882010145085
          ],
          [
            "traffic",
            0.010418890787287458
          ],
          [
            "approach",
            0.010334661814327474
          ],
          [
            "time",
            0.010297514240342935
          ],
          [
            "models",
            0.010102809719735562
          ],
          [
            "real",
            0.01008859359334123
          ]
        ],
        "count": 524
      },
      "2": {
        "name": "2_method_order_numerical_time",
        "keywords": [
          [
            "method",
            0.021390814471089453
          ],
          [
            "order",
            0.0162029016209167
          ],
          [
            "numerical",
            0.014744198010533192
          ],
          [
            "time",
            0.014181940783147112
          ],
          [
            "mesh",
            0.013086570884982787
          ],
          [
            "fluid",
            0.012515036150479934
          ],
          [
            "finite",
            0.01242944118259089
          ],
          [
            "element",
            0.011829853141637942
          ],
          [
            "high",
            0.011523302438902297
          ],
          [
            "problems",
            0.011499205484800391
          ]
        ],
        "count": 461
      },
      "3": {
        "name": "3_protein_molecular_data_models",
        "keywords": [
          [
            "protein",
            0.022447319624222868
          ],
          [
            "molecular",
            0.02055742165096358
          ],
          [
            "data",
            0.015767199951484595
          ],
          [
            "models",
            0.015410126272311248
          ],
          [
            "drug",
            0.015111470535848383
          ],
          [
            "model",
            0.01502192010443991
          ],
          [
            "learning",
            0.014807782281605996
          ],
          [
            "prediction",
            0.014063482304749983
          ],
          [
            "methods",
            0.012530960697946946
          ],
          [
            "molecules",
            0.01175695803444921
          ]
        ],
        "count": 407
      },
      "4": {
        "name": "4_market_stock_financial_trading",
        "keywords": [
          [
            "market",
            0.03448679597770959
          ],
          [
            "stock",
            0.03358074335117439
          ],
          [
            "financial",
            0.025034570052776994
          ],
          [
            "trading",
            0.023314221203122355
          ],
          [
            "data",
            0.021127274171886465
          ],
          [
            "price",
            0.017296467365372003
          ],
          [
            "model",
            0.01639296129366912
          ],
          [
            "series",
            0.01588123410401186
          ],
          [
            "time",
            0.01585021551253182
          ],
          [
            "learning",
            0.015253920647025519
          ]
        ],
        "count": 339
      },
      "5": {
        "name": "5_optimization_design_topology_topology optimization",
        "keywords": [
          [
            "optimization",
            0.043764689681314466
          ],
          [
            "design",
            0.03810211747715881
          ],
          [
            "topology",
            0.034754450130461786
          ],
          [
            "topology optimization",
            0.0319346722035241
          ],
          [
            "structures",
            0.01885352919877872
          ],
          [
            "method",
            0.018840649774384998
          ],
          [
            "material",
            0.01772522749336777
          ],
          [
            "designs",
            0.0141273376465594
          ],
          [
            "Topology",
            0.012860222386837714
          ],
          [
            "approach",
            0.012681080983857618
          ]
        ],
        "count": 276
      },
      "6": {
        "name": "6_fracture_crack_field_phase field",
        "keywords": [
          [
            "fracture",
            0.04072683808757937
          ],
          [
            "crack",
            0.03283257056393941
          ],
          [
            "field",
            0.02976517665564625
          ],
          [
            "phase field",
            0.028104984278887222
          ],
          [
            "phase",
            0.026759175146719483
          ],
          [
            "model",
            0.02268973677445507
          ],
          [
            "damage",
            0.01844031205302394
          ],
          [
            "material",
            0.016501113792517317
          ],
          [
            "hydrogen",
            0.015391953054213309
          ],
          [
            "numerical",
            0.014851129891039705
          ]
        ],
        "count": 256
      },
      "7": {
        "name": "7_model_patient_brain_clinical",
        "keywords": [
          [
            "model",
            0.02497972528979244
          ],
          [
            "patient",
            0.018823948884090884
          ],
          [
            "brain",
            0.016523303146407254
          ],
          [
            "clinical",
            0.016371449335773523
          ],
          [
            "models",
            0.015689481214866543
          ],
          [
            "data",
            0.013972909333014679
          ],
          [
            "specific",
            0.013712542392400105
          ],
          [
            "tumor",
            0.01301353562685817
          ],
          [
            "blood",
            0.010953353045948652
          ],
          [
            "flow",
            0.010939649177966955
          ]
        ],
        "count": 253
      },
      "8": {
        "name": "8_blockchain_liquidity_market_transaction",
        "keywords": [
          [
            "blockchain",
            0.03619208114153766
          ],
          [
            "liquidity",
            0.022861537590174598
          ],
          [
            "market",
            0.02112616687091651
          ],
          [
            "transaction",
            0.02033710789379515
          ],
          [
            "DeFi",
            0.017460324948575176
          ],
          [
            "Ethereum",
            0.016832834354159106
          ],
          [
            "security",
            0.015404129412302082
          ],
          [
            "decentralized",
            0.015015769986785416
          ],
          [
            "transactions",
            0.014764321114188147
          ],
          [
            "paper",
            0.014450479977629174
          ]
        ],
        "count": 206
      },
      "9": {
        "name": "9_financial_LLMs_models_language",
        "keywords": [
          [
            "financial",
            0.04591826154888744
          ],
          [
            "LLMs",
            0.03629042475342917
          ],
          [
            "models",
            0.024841167455072536
          ],
          [
            "language",
            0.02281341666066895
          ],
          [
            "Financial",
            0.01992857057346021
          ],
          [
            "tasks",
            0.01971616456724036
          ],
          [
            "data",
            0.016618539842510664
          ],
          [
            "Language",
            0.01652713308727497
          ],
          [
            "domain",
            0.01538967968585929
          ],
          [
            "fine",
            0.015123061018417847
          ]
        ],
        "count": 152
      },
      "10": {
        "name": "10_method_FDTD_proposed_time",
        "keywords": [
          [
            "method",
            0.03024004570132026
          ],
          [
            "FDTD",
            0.02118161705722783
          ],
          [
            "proposed",
            0.02070925910217195
          ],
          [
            "time",
            0.02006973877271061
          ],
          [
            "electromagnetic",
            0.01865085410741963
          ],
          [
            "numerical",
            0.017920644390140933
          ],
          [
            "matrix",
            0.017198546166741158
          ],
          [
            "equation",
            0.016729427114853118
          ],
          [
            "formulation",
            0.01604846658190018
          ],
          [
            "frequency",
            0.01586377258118354
          ]
        ],
        "count": 127
      },
      "11": {
        "name": "11_quantum_Quantum_classical_algorithms",
        "keywords": [
          [
            "quantum",
            0.12445326716975717
          ],
          [
            "Quantum",
            0.04277029669833994
          ],
          [
            "classical",
            0.024848249186004975
          ],
          [
            "algorithms",
            0.024594572776841347
          ],
          [
            "computing",
            0.022733961314065274
          ],
          [
            "quantum computing",
            0.02091247024886967
          ],
          [
            "optimization",
            0.018367545904188685
          ],
          [
            "problem",
            0.017075535708219312
          ],
          [
            "computers",
            0.016878927886408022
          ],
          [
            "problems",
            0.016364648586340062
          ]
        ],
        "count": 83
      }
    },
    "correlations": [
      [
        1.0,
        -0.3826188436665349,
        -0.6420546563650724,
        -0.7248328472604757,
        -0.506146363727623,
        -0.6633134157966134,
        -0.5296920053289347,
        -0.4450067073033408,
        -0.748897549661206,
        -0.6908629794125309,
        -0.643361043693951,
        -0.757384213705963
      ],
      [
        -0.3826188436665349,
        1.0,
        -0.5829667531995526,
        -0.7222378126284825,
        -0.6889328536141682,
        -0.6732196767260814,
        -0.3813227358861545,
        -0.15169454682937453,
        -0.6658289940467467,
        -0.6971617891944215,
        -0.6050055365094718,
        -0.7572933589977933
      ],
      [
        -0.6420546563650724,
        -0.5829667531995526,
        1.0,
        -0.7464633789151984,
        -0.7265038183195237,
        -0.6623399795512173,
        -0.6544839375801693,
        -0.705563007423366,
        -0.7509995501792337,
        -0.7370991185687914,
        -0.07639883106949986,
        -0.7547791572737674
      ],
      [
        -0.7248328472604757,
        -0.7222378126284825,
        -0.7464633789151984,
        1.0,
        -0.7427168290185535,
        -0.7386308200313986,
        -0.7427081496278309,
        -0.7283480378299874,
        -0.7633567827187064,
        -0.6893757632784374,
        -0.7442802491077207,
        -0.748911620279028
      ],
      [
        -0.506146363727623,
        -0.6889328536141682,
        -0.7265038183195237,
        -0.7427168290185535,
        1.0,
        -0.7348298866460508,
        -0.7213964399568775,
        -0.6979570695752654,
        -0.6584049013756883,
        -0.5993507311205517,
        -0.7210121442400611,
        -0.7565528115831406
      ],
      [
        -0.6633134157966134,
        -0.6732196767260814,
        -0.6623399795512173,
        -0.7386308200313986,
        -0.7348298866460508,
        1.0,
        -0.6933635088224974,
        -0.7298005459648744,
        -0.7500367536040589,
        -0.7346554436144208,
        -0.6490665082181332,
        -0.7454855878157024
      ],
      [
        -0.5296920053289347,
        -0.3813227358861545,
        -0.6544839375801693,
        -0.7427081496278309,
        -0.7213964399568775,
        -0.6933635088224974,
        1.0,
        -0.461820060187911,
        -0.7567462691780558,
        -0.7109533250147911,
        -0.6564086799238636,
        -0.7579327866467589
      ],
      [
        -0.4450067073033408,
        -0.15169454682937453,
        -0.705563007423366,
        -0.7283480378299874,
        -0.6979570695752654,
        -0.7298005459648744,
        -0.461820060187911,
        1.0,
        -0.755903381717298,
        -0.6984201792824623,
        -0.7076065304003376,
        -0.7593483672056007
      ],
      [
        -0.748897549661206,
        -0.6658289940467467,
        -0.7509995501792337,
        -0.7633567827187064,
        -0.6584049013756883,
        -0.7500367536040589,
        -0.7567462691780558,
        -0.755903381717298,
        1.0,
        -0.737475426474598,
        -0.7505060238591543,
        -0.7557139582073248
      ],
      [
        -0.6908629794125309,
        -0.6971617891944215,
        -0.7370991185687914,
        -0.6893757632784374,
        -0.5993507311205517,
        -0.7346554436144208,
        -0.7109533250147911,
        -0.6984201792824623,
        -0.737475426474598,
        1.0,
        -0.7341574060115075,
        -0.7586583066110275
      ],
      [
        -0.643361043693951,
        -0.6050055365094718,
        -0.07639883106949986,
        -0.7442802491077207,
        -0.7210121442400611,
        -0.6490665082181332,
        -0.6564086799238636,
        -0.7076065304003376,
        -0.7505060238591543,
        -0.7341574060115075,
        1.0,
        -0.7575231451855894
      ],
      [
        -0.757384213705963,
        -0.7572933589977933,
        -0.7547791572737674,
        -0.748911620279028,
        -0.7565528115831406,
        -0.7454855878157024,
        -0.7579327866467589,
        -0.7593483672056007,
        -0.7557139582073248,
        -0.7586583066110275,
        -0.7575231451855894,
        1.0
      ]
    ],
    "series": {
      "2020-01": [
        18,
        0,
        6,
        0,
        0,
        4,
        3,
        4,
        0,
        0,
        9,
        0
      ],
      "2020-02": [
        14,
        1,
        3,
        2,
        3,
        11,
        2,
        2,
        0,
        1,
        3,
        1
      ],
      "2020-03": [
        18,
        0,
        1,
        0,
        1,
        10,
        8,
        3,
        1,
        2,
        6,
        1
      ],
      "2020-04": [
        21,
        0,
        3,
        1,
        3,
        10,
        3,
        2,
        0,
        1,
        4,
        1
      ],
      "2020-05": [
        20,
        1,
        4,
        1,
        5,
        11,
        8,
        2,
        0,
        3,
        6,
        0
      ],
      "2020-06": [
        19,
        2,
        7,
        1,
        1,
        14,
        5,
        6,
        0,
        4,
        7,
        1
      ],
      "2020-07": [
        24,
        0,
        4,
        3,
        2,
        8,
        13,
        3,
        1,
        0,
        5,
        0
      ],
      "2020-08": [
        14,
        0,
        2,
        1,
        4,
        8,
        7,
        2,
        0,
        0,
        9,
        0
      ],
      "2020-09": [
        23,
        0,
        3,
        0,
        2,
        6,
        3,
        8,
        0,
        2,
        10,
        1
      ],
      "2020-10": [
        23,
        1,
        4,
        2,
        2,
        14,
        7,
        3,
        0,
        2,
        5,
        4
      ],
      "2020-11": [
        27,
        1,
        3,
        0,
        3,
        1,
        6,
        5,
        0,
        4,
        8,
        2
      ],
      "2020-12": [
        28,
        1,
        4,
        0,
        2,
        9,
        7,
        7,
        1,
        2,
        7,
        0
      ],
      "2021-01": [
        26,
        0,
        2,
        0,
        3,
        5,
        6,
        7,
        0,
        2,
        7,
        0
      ],
      "2021-02": [
        19,
        0,
        3,
        1,
        2,
        4,
        3,
        5,
        0,
        1,
        9,
        0
      ],
      "2021-03": [
        20,
        0,
        4,
        2,
        4,
        14,
        8,
        1,
        1,
        4,
        10,
        0
      ],
      "2021-04": [
        27,
        0,
        3,
        0,
        1,
        12,
        7,
        6,
        1,
        1,
        6,
        4
      ],
      "2021-05": [
        24,
        0,
        5,
        1,
        3,
        11,
        5,
        3,
        0,
        3,
        7,
        0
      ],
      "2021-06": [
        34,
        0,
        7,
        4,
        4,
        7,
        5,
        3,
        0,
        3,
        5,
        1
      ],
      "2021-07": [
        29,
        1,
        6,
        0,
        3,
        14,
        7,
        2,
        0,
        5,
        8,
        0
      ],
      "2021-08": [
        18,
        1,
        4,
        1,
        2,
        13,
        6,
        1,
        0,
        1,
        4,
        0
      ],
      "2021-09": [
        17,
        1,
        3,
        0,
        5,
        4,
        5,
        3,
        0,
        1,
        7,
        0
      ],
      "2021-10": [
        21,
        0,
        2,
        0,
        2,
        3,
        7,
        7,
        0,
        0,
        4,
        3
      ],
      "2021-11": [
        36,
        1,
        2,
        1,
        2,
        14,
        6,
        7,
        0,
        2,
        6,
        0
      ],
      "2021-12": [
        20,
        1,
        1,
        2,
        2,
        11,
        3,
        1,
        0,
        2,
        7,
        1
      ],
      "2022-01": [
        24,
        1,
        4,
        1,
        2,
        15,
        9,
        3,
        0,
        0,
        5,
        0
      ],
      "2022-02": [
        26,
        0,
        1,
        1,
        4,
        10,
        1,
        2,
        0,
        4,
        4,
        1
      ],
      "2022-03": [
        26,
        0,
        5,
        0,
        3,
        15,
        5,
        6,
        1,
        1,
        4,
        0
      ],
      "2022-04": [
        24,
        1,
        2,
        2,
        5,
        8,
        3,
        2,
        3,
        2,
        6,
        1
      ],
      "2022-05": [
        28,
        0,
        4,
        0,
        4,
        18,
        4,
        4,
        0,
        4,
        2,
        1
      ],
      "2022-06": [
        26,
        3,
        1,
        1,
        3,
        8,
        3,
        10,
        0,
        2,
        12,
        0
      ],
      "2022-07": [
        16,
        1,
        0,
        1,
        2,
        11,
        4,
        3,
        0,
        3,
        8,
        0
      ],
      "2022-08": [
        15,
        1,
        0,
        0,
        3,
        11,
        5,
        6,
        2,
        2,
        1,
        2
      ],
      "2022-09": [
        31,
        0,
        2,
        2,
        4,
        11,
        7,
        10,
        1,
        3,
        2,
        1
      ],
      "2022-10": [
        22,
        0,
        2,
        0,
        4,
        8,
        1,
        6,
        1,
        2,
        6,
        2
      ],
      "2022-11": [
        22,
        0,
        4,
        2,
        1,
        6,
        1,
        7,
        0,
        1,
        6,
        0
      ],
      "2022-12": [
        22,
        0,
        1,
        2,
        4,
        6,
        3,
        6,
        1,
        2,
        3,
        1
      ],
      "2023-01": [
        16,
        0,
        3,
        5,
        2,
        7,
        2,
        5,
        0,
        1,
        2,
        3
      ],
      "2023-02": [
        18,
        1,
        1,
        1,
        3,
        14,
        10,
        3,
        3,
        0,
        1,
        1
      ],
      "2023-03": [
        33,
        2,
        2,
        1,
        3,
        13,
        1,
        8,
        0,
        1,
        6,
        1
      ],
      "2023-04": [
        21,
        1,
        3,
        4,
        3,
        7,
        5,
        3,
        0,
        1,
        1,
        0
      ],
      "2023-05": [
        36,
        1,
        3,
        1,
        5,
        12,
        6,
        9,
        2,
        2,
        5,
        0
      ],
      "2023-06": [
        33,
        0,
        1,
        5,
        9,
        12,
        8,
        2,
        3,
        9,
        6,
        4
      ],
      "2023-07": [
        49,
        1,
        2,
        0,
        4,
        11,
        12,
        7,
        3,
        6,
        9,
        3
      ],
      "2023-08": [
        37,
        1,
        2,
        1,
        7,
        12,
        2,
        6,
        5,
        6,
        5,
        1
      ],
      "2023-09": [
        35,
        3,
        0,
        1,
        4,
        12,
        4,
        6,
        4,
        8,
        9,
        4
      ],
      "2023-10": [
        46,
        0,
        5,
        5,
        9,
        14,
        5,
        4,
        4,
        9,
        8,
        3
      ],
      "2023-11": [
        49,
        4,
        5,
        2,
        8,
        17,
        4,
        6,
        5,
        9,
        13,
        3
      ],
      "2023-12": [
        36,
        0,
        4,
        3,
        9,
        14,
        8,
        5,
        5,
        7,
        4,
        1
      ],
      "2024-01": [
        52,
        0,
        4,
        4,
        4,
        12,
        7,
        2,
        3,
        10,
        5,
        1
      ],
      "2024-02": [
        49,
        0,
        4,
        6,
        5,
        8,
        9,
        5,
        6,
        13,
        5,
        3
      ],
      "2024-03": [
        58,
        1,
        4,
        4,
        8,
        14,
        13,
        11,
        3,
        12,
        13,
        1
      ],
      "2024-04": [
        35,
        0,
        2,
        1,
        8,
        12,
        4,
        7,
        4,
        13,
        4,
        6
      ],
      "2024-05": [
        59,
        2,
        3,
        3,
        9,
        8,
        4,
        11,
        1,
        17,
        10,
        5
      ],
      "2024-06": [
        55,
        2,
        1,
        4,
        10,
        12,
        11,
        4,
        3,
        13,
        3,
        0
      ],
      "2024-07": [
        50,
        1,
        2,
        1,
        9,
        8,
        4,
        7,
        5,
        13,
        8,
        2
      ],
      "2024-08": [
        55,
        0,
        5,
        2,
        9,
        13,
        6,
        7,
        3,
        14,
        7,
        1
      ],
      "2024-09": [
        46,
        1,
        3,
        3,
        7,
        15,
        8,
        11,
        1,
        12,
        11,
        1
      ],
      "2024-10": [
        69,
        1,
        2,
        4,
        15,
        13,
        6,
        10,
        9,
        28,
        7,
        1
      ],
      "2024-11": [
        54,
        0,
        2,
        4,
        15,
        13,
        4,
        7,
        1,
        27,
        4,
        3
      ],
      "2024-12": [
        56,
        1,
        3,
        4,
        9,
        25,
        5,
        6,
        3,
        21,
        9,
        4
      ],
      "2025-01": [
        57,
        1,
        1,
        4,
        7,
        16,
        4,
        4,
        8,
        16,
        6,
        2
      ],
      "2025-02": [
        52,
        2,
        1,
        3,
        10,
        11,
        4,
        7,
        2,
        19,
        10,
        7
      ],
      "2025-03": [
        52,
        0,
        9,
        4,
        8,
        18,
        7,
        8,
        3,
        16,
        10,
        6
      ],
      "2025-04": [
        50,
        2,
        3,
        2,
        12,
        10,
        8,
        2,
        6,
        20,
        6,
        5
      ],
      "2025-05": [
        54,
        2,
        4,
        5,
        11,
        19,
        6,
        12,
        3,
        32,
        6,
        3
      ],
      "2025-06": [
        57,
        0,
        6,
        4,
        11,
        20,
        5,
        5,
        5,
        21,
        7,
        5
      ],
      "2025-07": [
        63,
        1,
        2,
        3,
        5,
        20,
        3,
        3,
        3,
        31,
        10,
        5
      ],
      "2025-08": [
        66,
        0,
        3,
        1,
        4,
        11,
        5,
        9,
        1,
        25,
        7,
        2
      ],
      "2025-09": [
        38,
        0,
        3,
        1,
        3,
        12,
        4,
        5,
        0,
        12,
        3,
        2
      ]
    },
    "papers": {
      "0": [
        {
          "title": "Integration of physics-informed operator learning and finite element method for parametric learning of partial differential equations",
          "year": "2024-01",
          "abstract": "We present a method that employs physics-informed deep learning techniques\nfor parametrically solving partial differential equations. The focus is on the\nsteady-state heat equations within heterogeneous solids exhibiting significant\nphase contrast. Similar equations manifest in diverse applications like\nchemical diffusion, electrostatics, and Darcy flow. The neural network aims to\nestablish the link between the complex thermal conductivity profiles and\ntemperature distributions, as well as heat flux components within the\nmicrostructure, under fixed boundary conditions. A distinctive aspect is our\nindependence from classical solvers like finite element methods for data. A\nnoteworthy contribution lies in our novel approach to defining the loss\nfunction, based on the discretized weak form of the governing equation. This\nnot only reduces the required order of derivatives but also eliminates the need\nfor automatic differentiation in the construction of loss terms, accepting\npotential numerical errors from the chosen discretization method. As a result,\nthe loss function in this work is an algebraic equation that significantly\nenhances training efficiency. We benchmark our methodology against the standard\nfinite element method, demonstrating accurate yet faster predictions using the\ntrained neural network for temperature and flux profiles. We also show higher\naccuracy by using the proposed method compared to purely data-driven approaches\nfor unforeseen scenarios.",
          "arxiv_id": "2401.02363v1"
        },
        {
          "title": "Mixed formulation of physics-informed neural networks for thermo-mechanically coupled systems and heterogeneous domains",
          "year": "2023-02",
          "abstract": "Physics-informed neural networks (PINNs) are a new tool for solving boundary\nvalue problems by defining loss functions of neural networks based on governing\nequations, boundary conditions, and initial conditions. Recent investigations\nhave shown that when designing loss functions for many engineering problems,\nusing first-order derivatives and combining equations from both strong and weak\nforms can lead to much better accuracy, especially when there are heterogeneity\nand variable jumps in the domain. This new approach is called the mixed\nformulation for PINNs, which takes ideas from the mixed finite element method.\nIn this method, the PDE is reformulated as a system of equations where the\nprimary unknowns are the fluxes or gradients of the solution, and the secondary\nunknowns are the solution itself. In this work, we propose applying the mixed\nformulation to solve multi-physical problems, specifically a stationary\nthermo-mechanically coupled system of equations. Additionally, we discuss both\nsequential and fully coupled unsupervised training and compare their accuracy\nand computational cost. To improve the accuracy of the network, we incorporate\nhard boundary constraints to ensure valid predictions. We then investigate how\ndifferent optimizers and architectures affect accuracy and efficiency. Finally,\nwe introduce a simple approach for parametric learning that is similar to\ntransfer learning. This approach combines data and physics to address the\nlimitations of PINNs regarding computational cost and improves the network's\nability to predict the response of the system for unseen cases. The outcomes of\nthis work will be useful for many other engineering applications where deep\nlearning is employed on multiple coupled systems of equations for fast and\nreliable computations.",
          "arxiv_id": "2302.04954v2"
        },
        {
          "title": "Multi-Output Physics-Informed Neural Networks for Forward and Inverse PDE Problems with Uncertainties",
          "year": "2022-02",
          "abstract": "Physics-informed neural networks (PINNs) have recently been used to solve\nvarious computational problems which are governed by partial differential\nequations (PDEs). In this paper, we propose a multi-output physics-informed\nneural network (MO-PINN) which can provide solutions with uncertainty\ndistributions for both forward and inverse PDE problems with noisy data. In\nthis framework, the uncertainty arising from the noisy data is first translated\ninto multiple measurements regarding the prior noise distribution using the\nbootstrap method, and then the outputs of neural networks are designed to\nsatisfy the measurements as well as the underlying physical laws.The posterior\nestimation of target parameters can be obtained at the end of training, which\ncan be further used for uncertainty quantification and decision making. In this\npaper, MO-PINNs are demonstrated with a series of numerical experiments\nincluding both linear and nonlinear, forward and inverse problems. The results\nshow that MO-PINN is able to provide accurate predictions with noisy data.In\naddition, we also demonstrate that the prediction and posterior distributions\nfrom MO-PINNs are consistent with the solutions from traditional a finite\nelement method (FEM) solver and Monte Carlo methods given the same data and\nprior knowledge. Finally, we show that additional statistical knowledge can be\nincorporated into the training to improve the prediction if available.",
          "arxiv_id": "2202.01710v1"
        }
      ],
      "1": [
        {
          "title": "Urban Bike Lane Planning with Bike Trajectories: Models, Algorithms, and a Real-World Case Study",
          "year": "2020-08",
          "abstract": "We study an urban bike lane planning problem based on the fine-grained bike\ntrajectory data, which is made available by smart city infrastructure such as\nbike-sharing systems. The key decision is where to build bike lanes in the\nexisting road network. As bike-sharing systems become widespread in the\nmetropolitan areas over the world, bike lanes are being planned and constructed\nby many municipal governments to promote cycling and protect cyclists.\nTraditional bike lane planning approaches often rely on surveys and heuristics.\nWe develop a general and novel optimization framework to guide the bike lane\nplanning from bike trajectories. We formalize the bike lane planning problem in\nview of the cyclists' utility functions and derive an integer optimization\nmodel to maximize the utility. To capture cyclists' route choices, we develop a\nbilevel program based on the Multinomial Logit model. We derive structural\nproperties about the base model and prove that the Lagrangian dual of the bike\nlane planning model is polynomial-time solvable. Furthermore, we reformulate\nthe route choice based planning model as a mixed integer linear program using a\nlinear approximation scheme. We develop tractable formulations and efficient\nalgorithms to solve the large-scale optimization problem. Via a real-world case\nstudy with a city government, we demonstrate the efficiency of the proposed\nalgorithms and quantify the trade-off between the coverage of bike trips and\ncontinuity of bike lanes. We show how the network topology evolves according to\nthe utility functions and highlight the importance of understanding cyclists'\nroute choices. The proposed framework drives the data-driven urban planning\nscheme in smart city operations management.",
          "arxiv_id": "2008.09645v1"
        },
        {
          "title": "Energy-Efficient Green AI Architectures for Circular Economies Through Multi-Layered Sustainable Resource Optimization Framework",
          "year": "2025-03",
          "abstract": "In this research paper, we propose a new type of energy-efficient Green AI\narchitecture to support circular economies and address the contemporary\nchallenge of sustainable resource consumption in modern systems. We introduce a\nmulti-layered framework and meta-architecture that integrates state-of-the-art\nmachine learning algorithms, energy-conscious computational models, and\noptimization techniques to facilitate decision-making for resource reuse, waste\nreduction, and sustainable production.We tested the framework on real-world\ndatasets from lithium-ion battery recycling and urban waste management systems,\ndemonstrating its practical applicability. Notably, the key findings of this\nstudy indicate a 25 percent reduction in energy consumption during workflows\ncompared to traditional methods and an 18 percent improvement in resource\nrecovery efficiency. Quantitative optimization was based on mathematical models\nsuch as mixed-integer linear programming and lifecycle assessments. Moreover,\nAI algorithms improved classification accuracy on urban waste by 20 percent,\nwhile optimized logistics reduced transportation emissions by 30 percent. We\npresent graphical analyses and visualizations of the developed framework,\nillustrating its impact on energy efficiency and sustainability as reflected in\nthe simulation results. This paper combines the principles of Green AI with\npractical insights into how such architectural models contribute to circular\neconomies, presenting a fully scalable and scientifically rooted solution\naligned with applicable UN Sustainability Goals worldwide. These results open\navenues for incorporating newly developed AI technologies into sustainable\nmanagement strategies, potentially safeguarding local natural capital while\nadvancing technological progress.",
          "arxiv_id": "2506.12262v1"
        },
        {
          "title": "Multi-Objective Optimization Algorithms for Energy Management Systems in Microgrids: A Control Strategy Based on a PHIL System",
          "year": "2025-05",
          "abstract": "In this research a real time power hardware in loop configuration has been\nimplemented for an microgrid with the combination of distribution energy\nresources such as photovoltaic, grid tied inverter, battery, utility grid, and\na diesel generator. This paper introduces an unique adaptive multi-objective\noptimization approach that employs weighted optimization techniques for\nreal-time microgrid systems. The aim is to effectively balance various factors\nincluding fuel consumption, load mismatch, power quality, battery degradation,\nand the utilization of renewable energy sources. A real time experimental data\nfrom power hardware in loop system has been used for dynamically updating\nsystem states. The adaptive preference-based selection method are adjusted\nbased on state of battery charging thresholds. The technique has been\nintegrated with six technical objectives and complex constraints. This approach\nhelps to practical microgrid decision making and optimization of dynamic energy\nsystems. The energy management process were also able to maximize photovoltaic\nproduction where minimizing power mismatch, stabilizing battery state of charge\nunder different condition. The research results were also compared with the\nbaseline system without optimization techniques, and a reliable outcome was\nfound.",
          "arxiv_id": "2505.18210v1"
        }
      ],
      "2": [
        {
          "title": "Higher-Oder Splitting Schemes for Fluids with Variable Viscosity",
          "year": "2025-06",
          "abstract": "This article investigates matrix-free higher-order discontinuous Galerkin\n(DG) discretizations of the Navier-Stokes equations for incompressible flows\nwith variable viscosity. The viscosity field may be prescribed analytically or\ngoverned by a rheological law, as often found in biomedical or industrial\napplications. The DG discretization of the adapted second-order viscous terms\nis carried out via the symmetric interior penalty Galerkin method, obviating\nauxiliary variables. Based on this spatial discretization, we compare several\nlinearized variants of saddle point block systems and projection-based\nsplitting time integration schemes in terms of their computational performance.\nCompared to the velocity-pressure block-system for the former, the splitting\nscheme allows solving a sequence of simple problems such as mass,\nconvection-diffusion and Poisson equations. We investigate under which\nconditions the improved temporal stability of fully implicit schemes and\nresulting expensive nonlinear solves outperform the splitting schemes and\nlinearized variants that are stable under hyperbolic time step restrictions.\n  The key aspects of this work are i) a higher-order DG discretization for\nincompressible flows with variable viscosity, ii) accelerated nonlinear solver\nvariants and suitable linearizations adopting a matrix-free $hp$-multigrid\nsolver, and iii) a detailed comparison of the monolithic and projection-based\nsolvers in terms of their (non-)linear solver performance.\n  The presented schemes are evaluated in a series of numerical examples\nverifying their spatial and temporal accuracy, and the preconditioner\nperformance under increasing viscosity contrasts, while their efficiency is\nshowcased in the backward-facing step benchmark.",
          "arxiv_id": "2506.14424v2"
        },
        {
