{
  "topics": {
    "data": {
      "0": {
        "name": "0_graph_graphs_time_problem",
        "keywords": [
          [
            "graph",
            0.02220670422678416
          ],
          [
            "graphs",
            0.021605034974643524
          ],
          [
            "time",
            0.016266429102004574
          ],
          [
            "problem",
            0.015745932461415608
          ],
          [
            "algorithm",
            0.014972551806000049
          ],
          [
            "vertex",
            0.013221629729471916
          ],
          [
            "edge",
            0.012157750312547243
          ],
          [
            "vertices",
            0.010762967187434984
          ],
          [
            "algorithms",
            0.009887843612301524
          ],
          [
            "approximation",
            0.009421922582458211
          ]
        ],
        "count": 2737
      },
      "1": {
        "name": "1_string_time_strings_length",
        "keywords": [
          [
            "string",
            0.02806528985324624
          ],
          [
            "time",
            0.023045362719981574
          ],
          [
            "strings",
            0.020716372756110314
          ],
          [
            "length",
            0.02045535617012495
          ],
          [
            "pattern",
            0.015194896107901864
          ],
          [
            "space",
            0.013794619496468484
          ],
          [
            "distance",
            0.013586403117517234
          ],
          [
            "algorithm",
            0.01323110122179105
          ],
          [
            "edit",
            0.012918209313821535
          ],
          [
            "problem",
            0.012887711300444304
          ]
        ],
        "count": 731
      },
      "2": {
        "name": "2_data_sorting_queries_tree",
        "keywords": [
          [
            "data",
            0.023663935563734327
          ],
          [
            "sorting",
            0.016658346144577948
          ],
          [
            "queries",
            0.013519379846732722
          ],
          [
            "tree",
            0.01258454496543335
          ],
          [
            "time",
            0.01245771591211771
          ],
          [
            "structures",
            0.012274807255032376
          ],
          [
            "trees",
            0.01221054621678356
          ],
          [
            "data structures",
            0.011944627378303775
          ],
          [
            "space",
            0.01183966265444004
          ],
          [
            "structure",
            0.011807402171223932
          ]
        ],
        "count": 592
      },
      "3": {
        "name": "3_matrix_rank_algorithm_regression",
        "keywords": [
          [
            "matrix",
            0.021360457505578908
          ],
          [
            "rank",
            0.01311024270465493
          ],
          [
            "algorithm",
            0.01301163500873757
          ],
          [
            "regression",
            0.011766610598169993
          ],
          [
            "Gaussian",
            0.011035233708359498
          ],
          [
            "low",
            0.010347898574340552
          ],
          [
            "matrices",
            0.010057313281092228
          ],
          [
            "linear",
            0.009940553849106004
          ],
          [
            "algorithms",
            0.009760427941508571
          ],
          [
            "error",
            0.00930468846550556
          ]
        ],
        "count": 484
      },
      "4": {
        "name": "4_quantum_Quantum_classical_state",
        "keywords": [
          [
            "quantum",
            0.08483078974738412
          ],
          [
            "Quantum",
            0.026703622310789044
          ],
          [
            "classical",
            0.022205901041382953
          ],
          [
            "state",
            0.017172387755941595
          ],
          [
            "algorithm",
            0.016093022980268646
          ],
          [
            "algorithms",
            0.014602571367962329
          ],
          [
            "states",
            0.014041067946046523
          ],
          [
            "quantum algorithms",
            0.012927622938621864
          ],
          [
            "quantum algorithm",
            0.012193047862236125
          ],
          [
            "circuit",
            0.011981544219037498
          ]
        ],
        "count": 472
      },
      "5": {
        "name": "5_online_competitive_algorithm_problem",
        "keywords": [
          [
            "online",
            0.03929093163905574
          ],
          [
            "competitive",
            0.02458361251139299
          ],
          [
            "algorithm",
            0.017653497876393247
          ],
          [
            "problem",
            0.01564436466720172
          ],
          [
            "ratio",
            0.015617737823762799
          ],
          [
            "matching",
            0.015564436834946092
          ],
          [
            "competitive ratio",
            0.015305531599253753
          ],
          [
            "Online",
            0.015024007410003913
          ],
          [
            "optimal",
            0.014321968478883373
          ],
          [
            "regret",
            0.013807129722261256
          ]
        ],
        "count": 355
      },
      "6": {
        "name": "6_random_degree_graphs_mixing",
        "keywords": [
          [
            "random",
            0.020293958420377983
          ],
          [
            "degree",
            0.01736790248115628
          ],
          [
            "graphs",
            0.01712051780874576
          ],
          [
            "mixing",
            0.016661769068805475
          ],
          [
            "model",
            0.016204987961591123
          ],
          [
            "graph",
            0.01500648268193935
          ],
          [
            "dynamics",
            0.01457201273200716
          ],
          [
            "spectral",
            0.014148508090615197
          ],
          [
            "sampling",
            0.01381004876549934
          ],
          [
            "Glauber",
            0.011964935974713247
          ]
        ],
        "count": 353
      },
      "7": {
        "name": "7_privacy_private_DP_differential privacy",
        "keywords": [
          [
            "privacy",
            0.058962371699272806
          ],
          [
            "private",
            0.03830244296692429
          ],
          [
            "DP",
            0.026915695296446916
          ],
          [
            "differential privacy",
            0.024972994753176825
          ],
          [
            "differential",
            0.024534442979541226
          ],
          [
            "data",
            0.018438979976446643
          ],
          [
            "Private",
            0.017670432433324907
          ],
          [
            "mechanism",
            0.015979403961474292
          ],
          [
            "error",
            0.014114814805645692
          ],
          [
            "Privacy",
            0.01309548647289368
          ]
        ],
        "count": 349
      },
      "8": {
        "name": "8_learning_testing_distribution_sample",
        "keywords": [
          [
            "learning",
            0.03502286523409971
          ],
          [
            "testing",
            0.02182315965644228
          ],
          [
            "distribution",
            0.02122212335919401
          ],
          [
            "sample",
            0.01614556905815925
          ],
          [
            "complexity",
            0.015703999792289338
          ],
          [
            "samples",
            0.013463448370299662
          ],
          [
            "distributions",
            0.01272287334365249
          ],
          [
            "algorithm",
            0.012672807192638217
          ],
          [
            "PAC",
            0.012142847054156405
          ],
          [
            "sample complexity",
            0.012126587722852144
          ]
        ],
        "count": 329
      },
      "9": {
        "name": "9_clustering_approximation_means_center",
        "keywords": [
          [
            "clustering",
            0.03657272271467076
          ],
          [
            "approximation",
            0.024569615847308993
          ],
          [
            "means",
            0.022330478605954263
          ],
          [
            "center",
            0.019368557844950087
          ],
          [
            "points",
            0.019013978726137318
          ],
          [
            "median",
            0.018609342831090163
          ],
          [
            "Clustering",
            0.01662663759521091
          ],
          [
            "algorithm",
            0.015756007782050184
          ],
          [
            "problem",
            0.015510119631571253
          ],
          [
            "metric",
            0.014160964091009549
          ]
        ],
        "count": 326
      },
      "10": {
        "name": "10_graph_graphs_algorithm_algorithms",
        "keywords": [
          [
            "graph",
            0.028198103948860236
          ],
          [
            "graphs",
            0.017879798220471865
          ],
          [
            "algorithm",
            0.014096986604244287
          ],
          [
            "algorithms",
            0.013804531632121989
          ],
          [
            "subgraph",
            0.013062075861281355
          ],
          [
            "real",
            0.012771662749909382
          ],
          [
            "networks",
            0.012482536211976817
          ],
          [
            "parallel",
            0.011276889701461583
          ],
          [
            "world",
            0.010773878917656758
          ],
          [
            "large",
            0.01050819900573528
          ]
        ],
        "count": 296
      },
      "11": {
        "name": "11_algorithm_time_Subset_Sum",
        "keywords": [
          [
            "algorithm",
            0.022513409717593098
          ],
          [
            "time",
            0.01859770999445936
          ],
          [
            "Subset",
            0.01771106066343794
          ],
          [
            "Sum",
            0.016782511559880184
          ],
          [
            "problem",
            0.01240549659413359
          ],
          [
            "matrix",
            0.011631075990903855
          ],
          [
            "polynomial",
            0.01058443377360783
          ],
          [
            "integers",
            0.01056296469686506
          ],
          [
            "algorithms",
            0.010150463473556722
          ],
          [
            "multiplication",
            0.009313750284116854
          ]
        ],
        "count": 245
      },
      "12": {
        "name": "12_time_robots_problem_agent",
        "keywords": [
          [
            "time",
            0.02218586208929317
          ],
          [
            "robots",
            0.018741504822628402
          ],
          [
            "problem",
            0.017457330775497142
          ],
          [
            "agent",
            0.016856053833598224
          ],
          [
            "algorithm",
            0.016440707004192864
          ],
          [
            "set",
            0.0157802057267347
          ],
          [
            "points",
            0.014760179347552752
          ],
          [
            "plane",
            0.011987262636293107
          ],
          [
            "graph",
            0.011130559063284928
          ],
          [
            "point",
            0.010387750534536425
          ]
        ],
        "count": 226
      },
      "13": {
        "name": "13_jobs_scheduling_machines_job",
        "keywords": [
          [
            "jobs",
            0.051809503037869756
          ],
          [
            "scheduling",
            0.047237455949950734
          ],
          [
            "machines",
            0.03377060351455174
          ],
          [
            "job",
            0.029958311250468456
          ],
          [
            "time",
            0.024399252171286558
          ],
          [
            "Scheduling",
            0.023355604263714032
          ],
          [
            "machine",
            0.022562832453427356
          ],
          [
            "makespan",
            0.022452785431056378
          ],
          [
            "problem",
            0.021286939554332168
          ],
          [
            "processing",
            0.0192590645129247
          ]
        ],
        "count": 208
      },
      "14": {
        "name": "14_agents_stable_matching_allocation",
        "keywords": [
          [
            "agents",
            0.045480332995099314
          ],
          [
            "stable",
            0.037067228570108426
          ],
          [
            "matching",
            0.031662192729914655
          ],
          [
            "allocation",
            0.024685957495946535
          ],
          [
            "problem",
            0.02162193606131557
          ],
          [
            "stable matching",
            0.02014637647417255
          ],
          [
            "matchings",
            0.018841809194673747
          ],
          [
            "allocations",
            0.018656163305485897
          ],
          [
            "agent",
            0.018189812837219602
          ],
          [
            "preferences",
            0.017781901327969474
          ]
        ],
        "count": 196
      },
      "15": {
        "name": "15_submodular_maximization_Submodular_monotone",
        "keywords": [
          [
            "submodular",
            0.05977443843128605
          ],
          [
            "maximization",
            0.029583098771247946
          ],
          [
            "Submodular",
            0.02916767637328922
          ],
          [
            "monotone",
            0.026700680402998837
          ],
          [
            "function",
            0.02503942856591392
          ],
          [
            "approximation",
            0.02469053588171689
          ],
          [
            "functions",
            0.022792717808273
          ],
          [
            "submodular maximization",
            0.020880412660059695
          ],
          [
            "constraint",
            0.019158481010631154
          ],
          [
            "submodular function",
            0.018971137456904767
          ]
        ],
        "count": 193
      },
      "16": {
        "name": "16_stream_data_streaming_space",
        "keywords": [
          [
            "stream",
            0.028455821336224315
          ],
          [
            "data",
            0.02427304518793303
          ],
          [
            "streaming",
            0.022670575668452916
          ],
          [
            "space",
            0.021190922148824953
          ],
          [
            "sketch",
            0.01789841196202233
          ],
          [
            "estimation",
            0.016725465623899205
          ],
          [
            "sketches",
            0.015341269649899876
          ],
          [
            "streams",
            0.015119665819346257
          ],
          [
            "algorithm",
            0.013695565292351516
          ],
          [
            "algorithms",
            0.01360667830115814
          ]
        ],
        "count": 177
      },
      "17": {
        "name": "17_temporal_Temporal_time_network",
        "keywords": [
          [
            "temporal",
            0.07705763560594182
          ],
          [
            "Temporal",
            0.026630281872003947
          ],
          [
            "time",
            0.022439540140678466
          ],
          [
            "network",
            0.020541623325508622
          ],
          [
            "temporal graphs",
            0.01982396241724755
          ],
          [
            "graphs",
            0.01943099768710946
          ],
          [
            "temporal graph",
            0.017850775162281788
          ],
          [
            "graph",
            0.017400992559289667
          ],
          [
            "networks",
            0.016762569583239125
          ],
          [
            "edges",
            0.014492432565878115
          ]
        ],
        "count": 138
      },
      "18": {
        "name": "18_SAT_CSPs_CSP_Boolean",
        "keywords": [
          [
            "SAT",
            0.04959746143873951
          ],
          [
            "CSPs",
            0.022705061486181902
          ],
          [
            "CSP",
            0.021140252208521604
          ],
          [
            "Boolean",
            0.017800685312734085
          ],
          [
            "problems",
            0.01725891885253169
          ],
          [
            "variables",
            0.016439091207922224
          ],
          [
            "problem",
            0.015539381708441317
          ],
          [
            "constraints",
            0.014898978187330427
          ],
          [
            "formula",
            0.014731533880439652
          ],
          [
            "constraint",
            0.013767887700965882
          ]
        ],
        "count": 133
      },
      "19": {
        "name": "19_search_nearest_neighbor_data",
        "keywords": [
          [
            "search",
            0.03687479441762968
          ],
          [
            "nearest",
            0.029526800932179142
          ],
          [
            "neighbor",
            0.025647949732987507
          ],
          [
            "data",
            0.0245958013388593
          ],
          [
            "query",
            0.022658776407175143
          ],
          [
            "LSH",
            0.0206297894459443
          ],
          [
            "nearest neighbor",
            0.020028384088367403
          ],
          [
            "neighbor search",
            0.017927204102116095
          ],
          [
            "Nearest",
            0.01671268892304077
          ],
          [
            "Search",
            0.01456240190922207
          ]
        ],
        "count": 119
      },
      "20": {
        "name": "20_streaming_space_pass_passes",
        "keywords": [
          [
            "streaming",
            0.04913777383028607
          ],
          [
            "space",
            0.03476735863378034
          ],
          [
            "pass",
            0.027042867068618703
          ],
          [
            "passes",
            0.019654897526341378
          ],
          [
            "algorithms",
            0.019007767845634307
          ],
          [
            "semi",
            0.017384635517194352
          ],
          [
            "graph",
            0.01711963902081487
          ],
          [
            "algorithm",
            0.01626375535022542
          ],
          [
            "streaming model",
            0.015241153466532723
          ],
          [
            "matching",
            0.014985737289099792
          ]
        ],
        "count": 117
      }
    },
    "correlations": [
      [
        1.0,
        -0.5046411968004759,
        -0.6641242055577539,
        -0.6778924183493121,
        -0.7217111245540236,
        -0.3309079956135951,
        -0.47081383737117155,
        -0.7354598648519848,
        -0.619826090992269,
        -0.5949721776458237,
        -0.1429773346662284,
        0.028362494061151232,
        0.0027084679423732046,
        -0.5815123101579088,
        -0.22192827099207207,
        -0.6228080420767927,
        -0.6910531655161504,
        -0.5876837051581435,
        -0.7330310426003461,
        -0.6837441694537914,
        -0.6880345351486437
      ],
      [
        -0.5046411968004759,
        1.0,
        -0.6540748774950988,
        -0.7409673146078564,
        -0.7358909181330069,
        -0.6557321865673602,
        -0.709214344374639,
        -0.750644031673406,
        -0.7199334515665577,
        -0.7015903255419311,
        -0.6948333669455831,
        -0.45368558332715037,
        -0.3942814569838542,
        -0.5417261201573871,
        -0.6580231583095029,
        -0.7193022316465509,
        -0.7002734370362839,
        -0.5056976254136811,
        -0.7521960452407981,
        -0.6982271625069763,
        -0.6962503410426273
      ],
      [
        -0.6641242055577539,
        -0.6540748774950988,
        1.0,
        -0.7374147090848215,
        -0.7488500714944528,
        -0.6968502099200387,
        -0.7173462396043391,
        -0.7379942459876125,
        -0.7177693269775576,
        -0.7112331133974299,
        -0.6997987766377777,
        -0.6749900652756975,
        -0.5256031270712458,
        -0.7103642784539441,
        -0.7107459807168419,
        -0.7376835036478683,
        -0.5136685414343355,
        -0.7129561639221014,
        -0.7635999311252133,
        -0.4287154551205591,
        -0.6919335751574212
      ],
      [
        -0.6778924183493121,
        -0.7409673146078564,
        -0.7374147090848215,
        1.0,
        -0.7379314263356447,
        -0.6808056349470513,
        -0.7367535670874,
        -0.7496343907759093,
        -0.6526714027441112,
        -0.733565707661376,
        -0.7440592379714696,
        -0.6524002513052575,
        -0.719782075524106,
        -0.7486185156134479,
        -0.7361545389750314,
        -0.7352641652141306,
        -0.7365762456085874,
        -0.7502661448732784,
        -0.7539610388614213,
        -0.7498017264320309,
        -0.7448602272874221
      ],
      [
        -0.7217111245540236,
        -0.7358909181330069,
        -0.7488500714944528,
        -0.7379314263356447,
        1.0,
        -0.7345581373601415,
        -0.7400768953158711,
        -0.7585410725821292,
        -0.7244507697617656,
        -0.750296366636279,
        -0.7449406979031834,
        -0.7215232781780688,
        -0.734244727591244,
        -0.7544756418214031,
        -0.74109509420006,
        -0.7527170311850949,
        -0.757837350582051,
        -0.7538651800230709,
        -0.7462728637735522,
        -0.7379928983680386,
        -0.7538258094111199
      ],
      [
        -0.3309079956135951,
        -0.6557321865673602,
        -0.6968502099200387,
        -0.6808056349470513,
        -0.7345581373601415,
        1.0,
        -0.6717560039458712,
        -0.7350138723608253,
        -0.48232969097903927,
        -0.6595857690369464,
        -0.6776259519052197,
        -0.13210516912525996,
        -0.5579976035707989,
        -0.6361659856782274,
        -0.5904110087820116,
        -0.6635243959027779,
        -0.7022608429891002,
        -0.7031512951188323,
        -0.7541497954833243,
        -0.7165126962206656,
        -0.7123276731611838
      ],
      [
        -0.47081383737117155,
        -0.709214344374639,
        -0.7173462396043391,
        -0.7367535670874,
        -0.7400768953158711,
        -0.6717560039458712,
        1.0,
        -0.7487116546828516,
        -0.6823368415624222,
        -0.7118986507318739,
        -0.44248073048704584,
        -0.6615172591536729,
        -0.647668227821263,
        -0.7320183919599577,
        -0.6805965083850938,
        -0.7167157525001979,
        -0.7279458384178957,
        -0.7252446157039447,
        -0.7526702309815021,
        -0.7300139381631612,
        -0.7344042280279243
      ],
      [
        -0.7354598648519848,
        -0.750644031673406,
        -0.7379942459876125,
        -0.7496343907759093,
        -0.7585410725821292,
        -0.7350138723608253,
        -0.7487116546828516,
        1.0,
        -0.7048023680050702,
        -0.7458402127565977,
        -0.7481533202857935,
        -0.7313089275484241,
        -0.7409339677824001,
        -0.7573551347962709,
        -0.7461643899194235,
        -0.7441811498513285,
        -0.7006980076446603,
        -0.7525020310270409,
        -0.7637945727502338,
        -0.7391046436771745,
        -0.7429383922633507
      ],
      [
        -0.619826090992269,
        -0.7199334515665577,
        -0.7177693269775576,
        -0.6526714027441112,
        -0.7244507697617656,
        -0.48232969097903927,
        -0.6823368415624222,
        -0.7048023680050702,
        1.0,
        -0.7125224255155369,
        -0.7208610614048815,
        -0.6215543792347438,
        -0.6692226854349914,
        -0.727562294694624,
        -0.6856889728185886,
        -0.7041691402146226,
        -0.721780836409905,
        -0.7397662589521041,
        -0.7581642902815279,
        -0.7199493181551548,
        -0.7287864867448608
      ],
      [
        -0.5949721776458237,
        -0.7015903255419311,
        -0.7112331133974299,
        -0.733565707661376,
        -0.750296366636279,
        -0.6595857690369464,
        -0.7118986507318739,
        -0.7458402127565977,
        -0.7125224255155369,
        1.0,
        -0.6880799031717422,
        -0.6365867468569266,
        -0.5909252153063551,
        -0.7096149155195302,
        -0.6409151025836475,
        -0.4595313033477111,
        -0.7028113833451626,
        -0.7276850926222833,
        -0.752814032036811,
        -0.7059787173946991,
        -0.7039141431198628
      ],
      [
        -0.1429773346662284,
        -0.6948333669455831,
        -0.6997987766377777,
        -0.7440592379714696,
        -0.7449406979031834,
        -0.6776259519052197,
        -0.44248073048704584,
        -0.7481533202857935,
        -0.7208610614048815,
        -0.6880799031717422,
        1.0,
        -0.6341005987088577,
        -0.6160194291285873,
        -0.720953583079631,
        -0.6513669359418383,
        -0.7043356400369247,
        -0.7201498460883003,
        -0.6924734066881111,
        -0.7533584593943814,
        -0.7012862817346318,
        -0.7163861185913163
      ],
      [
        0.028362494061151232,
        -0.45368558332715037,
        -0.6749900652756975,
        -0.6524002513052575,
        -0.7215232781780688,
        -0.13210516912525996,
        -0.6615172591536729,
        -0.7313089275484241,
        -0.6215543792347438,
        -0.6365867468569266,
        -0.6341005987088577,
        1.0,
        -0.37023950722304433,
        -0.5406658453461947,
        -0.6004715981971562,
        -0.6601355575775572,
        -0.689667068527835,
        -0.5432184059903191,
        -0.7383558737095941,
        -0.6990779240160501,
        -0.6966421702948906
      ],
      [
        0.0027084679423732046,
        -0.3942814569838542,
        -0.5256031270712458,
        -0.719782075524106,
        -0.734244727591244,
        -0.5579976035707989,
        -0.647668227821263,
        -0.7409339677824001,
        -0.6692226854349914,
        -0.5909252153063551,
        -0.6160194291285873,
        -0.37023950722304433,
        1.0,
        -0.5163097807294659,
        -0.03155377270479621,
        -0.639881890520832,
        -0.6958709097467994,
        -0.5197761723360336,
        -0.7388749067272025,
        -0.6771974603335498,
        -0.6956373796150717
      ],
      [
        -0.5815123101579088,
        -0.5417261201573871,
        -0.7103642784539441,
        -0.7486185156134479,
        -0.7544756418214031,
        -0.6361659856782274,
        -0.7320183919599577,
        -0.7573551347962709,
        -0.727562294694624,
        -0.7096149155195302,
        -0.720953583079631,
        -0.5406658453461947,
        -0.5163097807294659,
        1.0,
        -0.6820497650021959,
        -0.711500550067466,
        -0.7368117498372018,
        -0.49567994684163597,
        -0.7583977120809174,
        -0.7315982053853893,
        -0.7384815714019557
      ],
      [
        -0.22192827099207207,
        -0.6580231583095029,
        -0.7107459807168419,
        -0.7361545389750314,
        -0.74109509420006,
        -0.5904110087820116,
        -0.6805965083850938,
        -0.7461643899194235,
        -0.6856889728185886,
        -0.6409151025836475,
        -0.6513669359418383,
        -0.6004715981971562,
        -0.03155377270479621,
        -0.6820497650021959,
        1.0,
        -0.6601938334654169,
        -0.7232309615585575,
        -0.7077473687971554,
        -0.7469074984594255,
        -0.7092217260652798,
        -0.7234852492231234
      ],
      [
        -0.6228080420767927,
        -0.7193022316465509,
        -0.7376835036478683,
        -0.7352641652141306,
        -0.7527170311850949,
        -0.6635243959027779,
        -0.7167157525001979,
        -0.7441811498513285,
        -0.7041691402146226,
        -0.4595313033477111,
        -0.7043356400369247,
        -0.6601355575775572,
        -0.639881890520832,
        -0.711500550067466,
        -0.6601938334654169,
        1.0,
        -0.7282072203294303,
        -0.7311211462672347,
        -0.7541705091276556,
        -0.7316586463630192,
        -0.7069193448017963
      ],
      [
        -0.6910531655161504,
        -0.7002734370362839,
        -0.5136685414343355,
        -0.7365762456085874,
        -0.757837350582051,
        -0.7022608429891002,
        -0.7279458384178957,
        -0.7006980076446603,
        -0.721780836409905,
        -0.7028113833451626,
        -0.7201498460883003,
        -0.689667068527835,
        -0.6958709097467994,
        -0.7368117498372018,
        -0.7232309615585575,
        -0.7282072203294303,
        1.0,
        -0.7278133738631638,
        -0.7545387042304301,
        -0.5383334711535491,
        -0.18994091927921708
      ],
      [
        -0.5876837051581435,
        -0.5056976254136811,
        -0.7129561639221014,
        -0.7502661448732784,
        -0.7538651800230709,
        -0.7031512951188323,
        -0.7252446157039447,
        -0.7525020310270409,
        -0.7397662589521041,
        -0.7276850926222833,
        -0.6924734066881111,
        -0.5432184059903191,
        -0.5197761723360336,
        -0.49567994684163597,
        -0.7077473687971554,
        -0.7311211462672347,
        -0.7278133738631638,
        1.0,
        -0.7584004935238199,
        -0.7263740372108132,
        -0.732899705089358
      ],
      [
        -0.7330310426003461,
        -0.7521960452407981,
        -0.7635999311252133,
        -0.7539610388614213,
        -0.7462728637735522,
        -0.7541497954833243,
        -0.7526702309815021,
        -0.7637945727502338,
        -0.7581642902815279,
        -0.752814032036811,
        -0.7533584593943814,
        -0.7383558737095941,
        -0.7388749067272025,
        -0.7583977120809174,
        -0.7469074984594255,
        -0.7541705091276556,
        -0.7545387042304301,
        -0.7584004935238199,
        1.0,
        -0.7591662904711263,
        -0.7447261739267639
      ],
      [
        -0.6837441694537914,
        -0.6982271625069763,
        -0.4287154551205591,
        -0.7498017264320309,
        -0.7379928983680386,
        -0.7165126962206656,
        -0.7300139381631612,
        -0.7391046436771745,
        -0.7199493181551548,
        -0.7059787173946991,
        -0.7012862817346318,
        -0.6990779240160501,
        -0.6771974603335498,
        -0.7315982053853893,
        -0.7092217260652798,
        -0.7316586463630192,
        -0.5383334711535491,
        -0.7263740372108132,
        -0.7591662904711263,
        1.0,
        -0.722838337897715
      ],
      [
        -0.6880345351486437,
        -0.6962503410426273,
        -0.6919335751574212,
        -0.7448602272874221,
        -0.7538258094111199,
        -0.7123276731611838,
        -0.7344042280279243,
        -0.7429383922633507,
        -0.7287864867448608,
        -0.7039141431198628,
        -0.7163861185913163,
        -0.6966421702948906,
        -0.6956373796150717,
        -0.7384815714019557,
        -0.7234852492231234,
        -0.7069193448017963,
        -0.18994091927921708,
        -0.732899705089358,
        -0.7447261739267639,
        -0.722838337897715,
        1.0
      ]
    ],
    "series": {
      "2020-01": [
        46,
        5,
        12,
        0,
        6,
        5,
        3,
        2,
        4,
        4,
        4,
        7,
        4,
        10,
        2,
        4,
        0,
        4,
        1,
        3,
        4
      ],
      "2020-02": [
        75,
        14,
        11,
        7,
        5,
        14,
        7,
        6,
        8,
        21,
        4,
        10,
        12,
        4,
        4,
        11,
        0,
        1,
        2,
        5,
        10
      ],
      "2020-03": [
        44,
        13,
        7,
        1,
        3,
        5,
        3,
        7,
        4,
        9,
        7,
        7,
        8,
        5,
        4,
        4,
        0,
        2,
        1,
        3,
        6
      ],
      "2020-04": [
        76,
        15,
        8,
        4,
        8,
        7,
        3,
        3,
        10,
        16,
        6,
        11,
        6,
        7,
        6,
        8,
        5,
        6,
        3,
        5,
        5
      ],
      "2020-05": [
        50,
        15,
        9,
        3,
        6,
        11,
        3,
        2,
        6,
        9,
        5,
        9,
        5,
        8,
        9,
        4,
        1,
        0,
        1,
        6,
        3
      ],
      "2020-06": [
        58,
        12,
        8,
        1,
        3,
        14,
        10,
        5,
        18,
        17,
        13,
        12,
        3,
        4,
        5,
        16,
        0,
        2,
        0,
        4,
        2
      ],
      "2020-07": [
        73,
        14,
        11,
        3,
        7,
        13,
        7,
        4,
        7,
        20,
        11,
        17,
        8,
        6,
        8,
        8,
        3,
        5,
        2,
        2,
        9
      ],
      "2020-08": [
        60,
        7,
        7,
        3,
        2,
        11,
        11,
        3,
        4,
        12,
        10,
        11,
        6,
        1,
        3,
        3,
        2,
        0,
        3,
        3,
        1
      ],
      "2020-09": [
        54,
        6,
        10,
        5,
        8,
        10,
        5,
        8,
        5,
        12,
        6,
        6,
        6,
        2,
        4,
        5,
        0,
        2,
        2,
        4,
        8
      ],
      "2020-10": [
        53,
        4,
        13,
        4,
        5,
        15,
        5,
        16,
        7,
        7,
        7,
        18,
        5,
        3,
        2,
        10,
        0,
        5,
        1,
        5,
        11
      ],
      "2020-11": [
        65,
        9,
        8,
        4,
        7,
        22,
        8,
        4,
        10,
        15,
        6,
        16,
        7,
        7,
        7,
        5,
        4,
        1,
        6,
        3,
        7
      ],
      "2020-12": [
        54,
        8,
        6,
        1,
        5,
        15,
        4,
        5,
        8,
        14,
        5,
        8,
        3,
        5,
        1,
        3,
        1,
        1,
        1,
        6,
        2
      ],
      "2021-01": [
        42,
        6,
        6,
        4,
        2,
        5,
        2,
        1,
        3,
        6,
        3,
        5,
        4,
        2,
        3,
        2,
        1,
        5,
        0,
        5,
        5
      ],
      "2021-02": [
        54,
        9,
        6,
        3,
        7,
        18,
        10,
        7,
        9,
        11,
        5,
        7,
        6,
        3,
        5,
        15,
        0,
        3,
        2,
        2,
        9
      ],
      "2021-03": [
        44,
        4,
        3,
        1,
        10,
        10,
        2,
        4,
        1,
        8,
        2,
        8,
        2,
        3,
        3,
        7,
        0,
        1,
        0,
        3,
        5
      ],
      "2021-04": [
        37,
        1,
        6,
        1,
        0,
        7,
        3,
        3,
        1,
        8,
        7,
        12,
        6,
        3,
        3,
        6,
        0,
        1,
        1,
        3,
        4
      ],
      "2021-05": [
        70,
        14,
        8,
        3,
        6,
        8,
        9,
        3,
        7,
        12,
        2,
        16,
        4,
        6,
        7,
        7,
        0,
        4,
        1,
        5,
        10
      ],
      "2021-06": [
        58,
        7,
        6,
        3,
        6,
        11,
        10,
        13,
        9,
        27,
        5,
        15,
        4,
        8,
        8,
        9,
        4,
        3,
        2,
        6,
        7
      ],
      "2021-07": [
        55,
        9,
        12,
        5,
        4,
        15,
        4,
        1,
        11,
        20,
        4,
        11,
        6,
        6,
        6,
        8,
        2,
        0,
        5,
        5,
        12
      ],
      "2021-08": [
        39,
        6,
        8,
        1,
        10,
        5,
        3,
        5,
        5,
        10,
        2,
        9,
        4,
        5,
        3,
        7,
        1,
        1,
        2,
        4,
        3
      ],
      "2021-09": [
        35,
        8,
        6,
        0,
        5,
        12,
        5,
        2,
        2,
        4,
        3,
        7,
        5,
        1,
        7,
        4,
        0,
        2,
        2,
        3,
        8
      ],
      "2021-10": [
        43,
        5,
        6,
        3,
        10,
        13,
        5,
        8,
        7,
        10,
        5,
        14,
        5,
        4,
        7,
        6,
        1,
        4,
        3,
        6,
        4
      ],
      "2021-11": [
        64,
        15,
        6,
        4,
        5,
        16,
        8,
        9,
        6,
        19,
        6,
        16,
        5,
        10,
        6,
        15,
        1,
        2,
        3,
        7,
        8
      ],
      "2021-12": [
        38,
        7,
        3,
        1,
        13,
        15,
        2,
        5,
        6,
        22,
        5,
        11,
        7,
        4,
        7,
        3,
        1,
        4,
        2,
        7,
        5
      ],
      "2022-01": [
        52,
        4,
        10,
        1,
        8,
        6,
        1,
        5,
        8,
        2,
        3,
        5,
        1,
        3,
        4,
        9,
        2,
        4,
        2,
        4,
        2
      ],
      "2022-02": [
        39,
        13,
        4,
        5,
        14,
        10,
        4,
        4,
        3,
        16,
        2,
        7,
        5,
        9,
        6,
        3,
        2,
        6,
        1,
        1,
        4
      ],
      "2022-03": [
        46,
        7,
        7,
        3,
        10,
        11,
        5,
        10,
        5,
        8,
        8,
        7,
        3,
        8,
        3,
        5,
        5,
        2,
        0,
        2,
        4
      ],
      "2022-04": [
        46,
        9,
        4,
        5,
        5,
        9,
        5,
        2,
        12,
        11,
        5,
        13,
        7,
        6,
        8,
        9,
        1,
        5,
        1,
        1,
        6
      ],
