{
  "topics": {
    "data": {
      "0": {
        "name": "0_data_visualization_visualizations_visual",
        "keywords": [
          [
            "data",
            0.03146545071385499
          ],
          [
            "visualization",
            0.03043946114861387
          ],
          [
            "visualizations",
            0.0161824531020438
          ],
          [
            "visual",
            0.01442136198051645
          ],
          [
            "analysis",
            0.012845491786241909
          ],
          [
            "design",
            0.011139609857952851
          ],
          [
            "Visualization",
            0.00936992114162275
          ],
          [
            "Data",
            0.009150732844110446
          ],
          [
            "users",
            0.007824139582912577
          ],
          [
            "user",
            0.00751602435026764
          ]
        ],
        "count": 1757
      },
      "1": {
        "name": "1_robot_robots_human_Robot",
        "keywords": [
          [
            "robot",
            0.04211639237703686
          ],
          [
            "robots",
            0.02591882193352932
          ],
          [
            "human",
            0.025446860657514867
          ],
          [
            "Robot",
            0.013161164067500973
          ],
          [
            "human robot",
            0.012877804963509841
          ],
          [
            "Human",
            0.010911343370126081
          ],
          [
            "task",
            0.01068596507116554
          ],
          [
            "social",
            0.010619536042304683
          ],
          [
            "learning",
            0.010545719546896764
          ],
          [
            "interaction",
            0.010447559847348886
          ]
        ],
        "count": 1162
      },
      "2": {
        "name": "2_students_learning_AI_code",
        "keywords": [
          [
            "students",
            0.029713659269735092
          ],
          [
            "learning",
            0.021578881700382257
          ],
          [
            "AI",
            0.020269355953323975
          ],
          [
            "code",
            0.01706084910791157
          ],
          [
            "programming",
            0.014885348156862722
          ],
          [
            "student",
            0.01322050407752739
          ],
          [
            "education",
            0.011978397846945347
          ],
          [
            "LLMs",
            0.010367435782659671
          ],
          [
            "ChatGPT",
            0.0101316230236588
          ],
          [
            "study",
            0.009988375846228852
          ]
        ],
        "count": 1046
      },
      "3": {
        "name": "3_VR_virtual_Reality_AR",
        "keywords": [
          [
            "VR",
            0.03545744065511932
          ],
          [
            "virtual",
            0.022030977100713462
          ],
          [
            "Reality",
            0.02062722616681863
          ],
          [
            "AR",
            0.019101107220861703
          ],
          [
            "reality",
            0.01589577917475091
          ],
          [
            "Virtual",
            0.014623217369540059
          ],
          [
            "user",
            0.012120911251115741
          ],
          [
            "Virtual Reality",
            0.011154749961491768
          ],
          [
            "experience",
            0.010675130189709298
          ],
          [
            "immersive",
            0.009939915106559942
          ]
        ],
        "count": 976
      },
      "4": {
        "name": "4_privacy_users_online_social",
        "keywords": [
          [
            "privacy",
            0.02267494757000204
          ],
          [
            "users",
            0.018237199149481364
          ],
          [
            "online",
            0.018192052004786376
          ],
          [
            "social",
            0.017168507029244266
          ],
          [
            "media",
            0.016474886458042064
          ],
          [
            "content",
            0.014038576721539449
          ],
          [
            "social media",
            0.013918573407585035
          ],
          [
            "platforms",
            0.011206342847702866
          ],
          [
            "security",
            0.00981925768154737
          ],
          [
            "user",
            0.009525006052783195
          ]
        ],
        "count": 894
      },
      "5": {
        "name": "5_AI_explanations_XAI_decision",
        "keywords": [
          [
            "AI",
            0.028709024506589503
          ],
          [
            "explanations",
            0.025570704464398852
          ],
          [
            "XAI",
            0.023158547043067003
          ],
          [
            "decision",
            0.021075590057788966
          ],
          [
            "human",
            0.01850793049476928
          ],
          [
            "model",
            0.014883321190261438
          ],
          [
            "explanation",
            0.013650921268417996
          ],
          [
            "making",
            0.012653775146671287
          ],
          [
            "decision making",
            0.011610116335886538
          ],
          [
            "models",
            0.011196114535794388
          ]
        ],
        "count": 744
      },
      "6": {
        "name": "6_LLMs_LLM_writing_language",
        "keywords": [
          [
            "LLMs",
            0.02642587853581307
          ],
          [
            "LLM",
            0.017127814467247097
          ],
          [
            "writing",
            0.016644610860752737
          ],
          [
            "language",
            0.015935988527034744
          ],
          [
            "AI",
            0.015819710775374758
          ],
          [
            "models",
            0.014954567645282395
          ],
          [
            "human",
            0.013997370533910798
          ],
          [
            "Large",
            0.012863672701619104
          ],
          [
            "Language",
            0.012468300876119979
          ],
          [
            "Large Language",
            0.010957723490109764
          ]
        ],
        "count": 625
      },
      "7": {
        "name": "7_AI_design_image_creative",
        "keywords": [
          [
            "AI",
            0.028388641454956603
          ],
          [
            "design",
            0.024667027786311486
          ],
          [
            "image",
            0.019689346682941918
          ],
          [
            "creative",
            0.019004039846027627
          ],
          [
            "generative",
            0.018982861053933025
          ],
          [
            "images",
            0.014100955554953894
          ],
          [
            "Generative",
            0.013321713298233225
          ],
          [
            "creativity",
            0.01245151394281719
          ],
          [
            "models",
            0.012045045834654738
          ],
          [
            "generation",
            0.01194961798623897
          ]
        ],
        "count": 560
      },
      "8": {
        "name": "8_driving_driver_vehicle_drivers",
        "keywords": [
          [
            "driving",
            0.04902432293596808
          ],
          [
            "driver",
            0.030121294911064397
          ],
          [
            "vehicle",
            0.02821123421400705
          ],
          [
            "drivers",
            0.022687718187597496
          ],
          [
            "vehicles",
            0.02199630916386748
          ],
          [
            "AV",
            0.017105840600099096
          ],
          [
            "safety",
            0.01641331223032774
          ],
          [
            "road",
            0.015710659714944713
          ],
          [
            "autonomous",
            0.015624649481945429
          ],
          [
            "traffic",
            0.014127644087845798
          ]
        ],
        "count": 506
      },
      "9": {
        "name": "9_EEG_BCI_brain_signals",
        "keywords": [
          [
            "EEG",
            0.05302753096793595
          ],
          [
            "BCI",
            0.034407583802602226
          ],
          [
            "brain",
            0.032555204465779954
          ],
          [
            "signals",
            0.021236748415827754
          ],
          [
            "decoding",
            0.018660434537273222
          ],
          [
            "Brain",
            0.01659321568431287
          ],
          [
            "classification",
            0.01559430636418716
          ],
          [
            "BCIs",
            0.01430077802151183
          ],
          [
            "EEG signals",
            0.013792327078842676
          ],
          [
            "brain computer",
            0.013553394284057682
          ]
        ],
        "count": 456
      },
      "10": {
        "name": "10_AI_systems_human_fairness",
        "keywords": [
          [
            "AI",
            0.06375618525381149
          ],
          [
            "systems",
            0.020805543613734708
          ],
          [
            "human",
            0.018220842539761584
          ],
          [
            "fairness",
            0.011193862749540932
          ],
          [
            "ethical",
            0.010516391913895692
          ],
          [
            "intelligence",
            0.009104872178316554
          ],
          [
            "decision",
            0.009026514457339265
          ],
          [
            "development",
            0.008843192344660553
          ],
          [
            "design",
            0.00878011184036437
          ],
          [
            "research",
            0.00858704252701609
          ]
        ],
        "count": 449
      },
      "11": {
        "name": "11_speech_emotion_recognition_facial",
        "keywords": [
          [
            "speech",
            0.035185845187835525
          ],
          [
            "emotion",
            0.02540282037916435
          ],
          [
            "recognition",
            0.018927025492012375
          ],
          [
            "facial",
            0.015700070655301365
          ],
          [
            "models",
            0.012834783531868284
          ],
          [
            "Emotion",
            0.012280201265102172
          ],
          [
            "emotions",
            0.01207203329872929
          ],
          [
            "model",
            0.01196853172528856
          ],
          [
            "Speech",
            0.011751726322281471
          ],
          [
            "speaker",
            0.010853999578650205
          ]
        ],
        "count": 402
      },
      "12": {
        "name": "12_HAR_activity_data_sensor",
        "keywords": [
          [
            "HAR",
            0.020510615916819408
          ],
          [
            "activity",
            0.01878908622642584
          ],
          [
            "data",
            0.018155672380307582
          ],
          [
            "sensor",
            0.015244546798456063
          ],
          [
            "Activity",
            0.013618137921495126
          ],
          [
            "activities",
            0.013235226214627062
          ],
          [
            "sensors",
            0.01232514469988704
          ],
          [
            "sensing",
            0.011690867621295491
          ],
          [
            "wearable",
            0.011219766271442584
          ],
          [
            "monitoring",
            0.01108082773080551
          ]
        ],
        "count": 396
      },
      "13": {
        "name": "13_hand_gesture_recognition_gestures",
        "keywords": [
          [
            "hand",
            0.02347502581796258
          ],
          [
            "gesture",
            0.0195533909943999
          ],
          [
            "recognition",
            0.015698773889262024
          ],
          [
            "gestures",
            0.015337644975524542
          ],
          [
            "pose",
            0.01341394183825607
          ],
          [
            "gesture recognition",
            0.012141893771657355
          ],
          [
            "data",
            0.012127929138170306
          ],
          [
            "motion",
            0.011994214034290402
          ],
          [
            "body",
            0.010476928270112915
          ],
          [
            "accuracy",
            0.00941712501977547
          ]
        ],
        "count": 371
      },
      "14": {
        "name": "14_eye_gaze_tracking_eye tracking",
        "keywords": [
          [
            "eye",
            0.049580020574163344
          ],
          [
            "gaze",
            0.04533741715795055
          ],
          [
            "tracking",
            0.026814677547884337
          ],
          [
            "eye tracking",
            0.02300055101124338
          ],
          [
            "Eye",
            0.016065840345063552
          ],
          [
            "Gaze",
            0.01435392177432342
          ],
          [
            "visual",
            0.013236725565734967
          ],
          [
            "user",
            0.01172989150039529
          ],
          [
            "data",
            0.010203919044510222
          ],
          [
            "attention",
            0.009932465072795498
          ]
        ],
        "count": 365
      },
      "15": {
        "name": "15_haptic_tactile_feedback_force",
        "keywords": [
          [
            "haptic",
            0.0501550482791241
          ],
          [
            "tactile",
            0.03258719992993094
          ],
          [
            "feedback",
            0.024578371582008932
          ],
          [
            "force",
            0.018245478284954812
          ],
          [
            "vibrotactile",
            0.015150137125574045
          ],
          [
            "Haptic",
            0.015021979925364493
          ],
          [
            "virtual",
            0.01497528605230867
          ],
          [
            "haptic feedback",
            0.014314604519418794
          ],
          [
            "device",
            0.014232275863841213
          ],
          [
            "perception",
            0.014197678540321553
          ]
        ],
        "count": 316
      },
      "16": {
        "name": "16_GUI_UI_agents_agent",
        "keywords": [
          [
            "GUI",
            0.03000685824051792
          ],
          [
            "UI",
            0.02503174419270307
          ],
          [
            "agents",
            0.021104815416350366
          ],
          [
            "agent",
            0.016651708336505
          ],
          [
            "user",
            0.015570281646424306
          ],
          [
            "mobile",
            0.015150932297890463
          ],
          [
            "tasks",
            0.01481146518770101
          ],
          [
            "LLM",
            0.013793513159738058
          ],
          [
            "language",
            0.013002226472507596
          ],
          [
            "task",
            0.011626370356833022
          ]
        ],
        "count": 313
      },
      "17": {
        "name": "17_health_mental health_mental_LLMs",
        "keywords": [
          [
            "health",
            0.02950955296199875
          ],
          [
            "mental health",
            0.02493881989141894
          ],
          [
            "mental",
            0.024747827508539627
          ],
          [
            "LLMs",
            0.019437268166724538
          ],
          [
            "clinical",
            0.014635148429607848
          ],
          [
            "support",
            0.014196535479266702
          ],
          [
            "LLM",
            0.013331054600885687
          ],
          [
            "patient",
            0.012943318706931656
          ],
          [
            "AI",
            0.012526550182113518
          ],
          [
            "medical",
            0.011131306385696503
          ]
        ],
        "count": 272
      },
      "18": {
        "name": "18_game_games_player_players",
        "keywords": [
          [
            "game",
            0.06791102156375031
          ],
          [
            "games",
            0.04772919510373866
          ],
          [
            "player",
            0.028817799305802378
          ],
          [
            "players",
            0.02853278524496608
          ],
          [
            "gamification",
            0.018064135867658638
          ],
          [
            "Game",
            0.0141277876250025
          ],
          [
            "Games",
            0.011806291168768659
          ],
          [
            "gaming",
            0.010923088480377192
          ],
          [
            "learning",
            0.010570841041061782
          ],
          [
            "design",
            0.010378635302576381
          ]
        ],
        "count": 205
      },
      "19": {
        "name": "19_recommender_recommendation_recommender systems_user",
        "keywords": [
          [
            "recommender",
            0.039204095090526345
          ],
          [
            "recommendation",
            0.03483827603057043
          ],
          [
            "recommender systems",
            0.031168279352689125
          ],
          [
            "user",
            0.026928363636695502
          ],
          [
            "systems",
            0.026572365330209066
          ],
          [
            "users",
            0.02297483723981065
          ],
          [
            "recommendations",
            0.02231132218080799
          ],
          [
            "Recommender",
            0.020583340300891647
          ],
          [
            "Recommendation",
            0.011049276767766888
          ],
          [
            "fairness",
            0.01045185271450026
          ]
        ],
        "count": 199
      },
      "20": {
        "name": "20_music_musical_Music_sound",
        "keywords": [
          [
            "music",
            0.07019449958809841
          ],
          [
            "musical",
            0.03820967946363936
          ],
          [
            "Music",
            0.021178272692747153
          ],
          [
            "sound",
            0.015003346752128449
          ],
          [
            "sonification",
            0.014168555163931314
          ],
          [
            "audio",
            0.014011251550653652
          ],
          [
            "AI",
            0.013537948462262086
          ],
          [
            "generation",
            0.010606323633514594
          ],
          [
            "musicians",
            0.010241279502922161
          ],
          [
            "creative",
            0.010196287812370114
          ]
        ],
        "count": 187
      },
      "21": {
        "name": "21_AI_clinical_medical_clinicians",
        "keywords": [
          [
            "AI",
            0.037397986615433566
          ],
          [
            "clinical",
            0.027370423184011762
          ],
          [
            "medical",
            0.019048354185587642
          ],
          [
            "clinicians",
            0.018711219983749486
          ],
          [
            "decision",
            0.01866045979440489
          ],
          [
            "healthcare",
            0.016767118520697087
          ],
          [
            "patients",
            0.012942105503746507
          ],
          [
            "patient",
            0.012446122848812377
          ],
          [
            "support",
            0.01100970175903174
          ],
          [
            "care",
            0.010830859479433224
          ]
        ],
        "count": 174
      },
      "22": {
        "name": "22_crowdsourcing_workers_crowd_Crowdsourcing",
        "keywords": [
          [
            "crowdsourcing",
            0.04876228787881317
          ],
          [
            "workers",
            0.035011307128292715
          ],
          [
            "crowd",
            0.0278754020209235
          ],
          [
            "Crowdsourcing",
            0.023757633874414475
          ],
          [
            "labels",
            0.02181318660237855
          ],
          [
            "tasks",
            0.018106204699367044
          ],
          [
            "worker",
            0.016408736507661788
          ],
          [
            "task",
            0.016284625504962992
          ],
          [
            "data",
            0.01431819307435791
          ],
          [
            "annotation",
            0.013119181404640917
          ]
        ],
        "count": 158
      }
    },
    "correlations": [
      [
        1.0,
        -0.750982449642037,
        -0.7230606418264257,
        -0.73593055818975,
        -0.6998415040084249,
        -0.714284157138406,
        -0.7176937172570832,
        -0.71387338680256,
        -0.750061189335802,
        -0.7464921781889031,
        -0.7329177823097727,
        -0.7497804733596783,
        -0.40480769537279626,
        -0.7438985853704267,
        -0.7458684246046547,
        -0.7517071092898739,
        -0.7449079449863094,
        -0.7309907409698062,
        -0.7529038804551926,
        -0.6962642392862659,
        -0.7576353253297532,
        -0.7221113528882339,
        -0.7476267533555159
      ],
      [
        -0.750982449642037,
        1.0,
        -0.7394580489352607,
        -0.737837724035848,
        -0.7403421931643762,
        -0.6418725844836499,
        -0.7183256171593615,
        -0.7336207952770606,
        -0.7477480517553308,
        -0.7536036805038517,
        -0.6783617174738794,
        -0.7295568490292845,
        -0.7488725199249391,
        -0.7355221232555019,
        -0.7317305868506878,
        -0.7368785944899698,
        -0.7295572365777385,
        -0.7329330571724693,
        -0.7448961411576968,
        -0.7303618439380573,
        -0.7611643022178147,
        -0.7374994260368148,
        -0.7553756288679635
      ],
      [
        -0.7230606418264257,
        -0.7394580489352607,
        1.0,
        -0.7431231904530342,
        -0.7254379228280337,
        -0.6713595593964896,
        -0.5885873468930916,
        -0.6524923946018102,
        -0.7588333281736761,
        -0.7542658764017287,
        -0.6196672795078029,
        -0.7490895257566611,
        -0.7379903136624579,
        -0.7521024136837755,
        -0.7533568698609512,
        -0.7480241594637169,
        -0.6657424031988561,
        -0.6428762151004888,
        -0.7418141980856743,
        -0.7375318008789671,
        -0.7552379943654864,
        -0.658460292202263,
        -0.7554323010646197
      ],
      [
        -0.73593055818975,
        -0.737837724035848,
        -0.7431231904530342,
        1.0,
        -0.7339382992248087,
        -0.7526863961834854,
        -0.7482216799433771,
        -0.7324702239914098,
        -0.7427754296336267,
        -0.7478132133910578,
        -0.7444285394027512,
        -0.7482652493770506,
        -0.7487726486671794,
        -0.7236008224108683,
        -0.6984624352224679,
        -0.7041334509820747,
        -0.7501847015853096,
        -0.7444363565390475,
        -0.7084377720073008,
        -0.7177622545954647,
        -0.7566326521858868,
        -0.7499119954473406,
        -0.7565276362496848
      ],
      [
        -0.6998415040084249,
        -0.7403421931643762,
        -0.7254379228280337,
        -0.7339382992248087,
        1.0,
        -0.7124151986143581,
        -0.7079144603900506,
        -0.6993265420244182,
        -0.7487175545966973,
        -0.7539298313933365,
        -0.7052427946678237,
        -0.7308079293848766,
        -0.7178796504279243,
        -0.7408406768341533,
        -0.7441778058177086,
        -0.7492267234458714,
        -0.7344091484072325,
        -0.7141494257867296,
        -0.7437221602758888,
        -0.4805992575172003,
        -0.7589243272396751,
        -0.7309682574663382,
        -0.7301118138068399
      ],
      [
        -0.714284157138406,
        -0.6418725844836499,
        -0.6713595593964896,
        -0.7526863961834854,
        -0.7124151986143581,
        1.0,
        -0.6566170406970413,
        -0.6405194981510246,
        -0.7355492531367235,
        -0.7561750539981495,
        -0.3906634793458915,
        -0.748286865181025,
        -0.7358739517056851,
        -0.7558272596406628,
        -0.751637290983241,
        -0.7536044415855623,
        -0.7208347576778837,
        -0.7163272512569905,
        -0.7358885880570696,
        -0.6867496270037288,
        -0.7585472578878146,
        -0.27198815550006544,
        -0.7429102030296575
      ],
      [
        -0.7176937172570832,
        -0.7183256171593615,
        -0.5885873468930916,
        -0.7482216799433771,
        -0.7079144603900506,
        -0.6566170406970413,
        1.0,
        -0.6544361878753586,
        -0.7491860233055829,
        -0.7533101357888595,
        -0.6093149994803758,
        -0.7262974122525301,
        -0.7367725388072386,
        -0.7505230317931957,
        -0.7499577861145152,
        -0.7531501236668999,
        -0.4965719446726121,
        -0.13374807503062341,
        -0.7411776745205612,
        -0.7075956390078835,
        -0.7588742024372512,
        -0.6622423861315896,
        -0.7462579261673745
      ],
      [
        -0.71387338680256,
        -0.7336207952770606,
        -0.6524923946018102,
        -0.7324702239914098,
        -0.6993265420244182,
        -0.6405194981510246,
        -0.6544361878753586,
        1.0,
        -0.7450466602000774,
        -0.755009397339464,
        -0.48536527085072895,
        -0.7467147203792017,
        -0.7416869493187737,
        -0.7460331034072241,
        -0.754024136446858,
        -0.7433553666552561,
        -0.7212062608971932,
        -0.7145832463470678,
        -0.7404622256830108,
        -0.7024231364600401,
        -0.7464563712628693,
        -0.6217796021271847,
        -0.7433175176264213
      ],
      [
        -0.750061189335802,
        -0.7477480517553308,
        -0.7588333281736761,
        -0.7427754296336267,
        -0.7487175545966973,
        -0.7355492531367235,
        -0.7491860233055829,
        -0.7450466602000774,
        1.0,
        -0.7430324932718146,
        -0.7375365220680801,
        -0.7585551128485538,
        -0.7525793745330737,
        -0.7559767192628277,
        -0.7298794858594557,
        -0.7449973701988488,
        -0.7469913383507822,
        -0.756829599400673,
        -0.7537055456996385,
        -0.7454263897462512,
        -0.7631610863774653,
        -0.7483260074934266,
        -0.7537684955437269
      ],
      [
        -0.7464921781889031,
        -0.7536036805038517,
        -0.7542658764017287,
        -0.7478132133910578,
        -0.7539298313933365,
        -0.7561750539981495,
        -0.7533101357888595,
        -0.755009397339464,
        -0.7430324932718146,
        1.0,
        -0.7565619946384261,
        -0.6958899756199475,
        -0.7381453249539688,
        -0.7576087078883424,
        -0.7328686035157702,
        -0.7523872173202415,
        -0.7594391358184154,
        -0.7526532526358762,
        -0.7544537005287224,
        -0.7516390383418686,
        -0.7481987568762467,
        -0.7542270016795958,
        -0.7614747110063955
      ],
      [
        -0.7329177823097727,
        -0.6783617174738794,
        -0.6196672795078029,
        -0.7444285394027512,
        -0.7052427946678237,
        -0.3906634793458915,
        -0.6093149994803758,
        -0.48536527085072895,
        -0.7375365220680801,
        -0.7565619946384261,
        1.0,
        -0.7388546027350472,
        -0.7439379682758739,
        -0.7521489777686147,
        -0.7526200445556299,
        -0.7509230298696474,
        -0.7032246227618248,
        -0.6851324088677486,
        -0.7324233695687001,
        -0.6207817981864072,
        -0.748532123674037,
        -0.41109593828570007,
        -0.7408847202916932
      ],
      [
        -0.7497804733596783,
        -0.7295568490292845,
        -0.7490895257566611,
        -0.7482652493770506,
        -0.7308079293848766,
        -0.748286865181025,
        -0.7262974122525301,
        -0.7467147203792017,
        -0.7585551128485538,
        -0.6958899756199475,
        -0.7388546027350472,
        1.0,
        -0.7432194350005461,
        -0.6825039063591539,
        -0.7456311969609959,
        -0.7599660755749824,
        -0.7464501879953718,
        -0.7399540844343484,
        -0.7544080427345017,
        -0.742975794052918,
        -0.7551788979823197,
        -0.7498232097682309,
        -0.7594449852239797
      ],
      [
        -0.40480769537279626,
        -0.7488725199249391,
        -0.7379903136624579,
        -0.7487726486671794,
        -0.7178796504279243,
        -0.7358739517056851,
        -0.7367725388072386,
        -0.7416869493187737,
        -0.7525793745330737,
        -0.7381453249539688,
        -0.7439379682758739,
        -0.7432194350005461,
        1.0,
        -0.7315303909254631,
        -0.7471483344008982,
        -0.7595619187049009,
        -0.7502686691223787,
        -0.7297925231733868,
        -0.7542110336867882,
        -0.7320534993165222,
        -0.7613436434331023,
        -0.7366650446175345,
        -0.74727233650341
      ],
      [
        -0.7438985853704267,
        -0.7355221232555019,
        -0.7521024136837755,
        -0.7236008224108683,
        -0.7408406768341533,
        -0.7558272596406628,
        -0.7505230317931957,
        -0.7460331034072241,
        -0.7559767192628277,
        -0.7576087078883424,
        -0.7521489777686147,
        -0.6825039063591539,
        -0.7315303909254631,
        1.0,
        -0.746251898877188,
        -0.7381644746262258,
        -0.7588417055792107,
        -0.7540455266790695,
        -0.750140512400043,
        -0.7347327698331672,
        -0.7567556292521158,
        -0.7547400765835615,
        -0.7622399957164766
      ],
      [
        -0.7458684246046547,
        -0.7317305868506878,
        -0.7533568698609512,
        -0.6984624352224679,
        -0.7441778058177086,
        -0.751637290983241,
        -0.7499577861145152,
        -0.754024136446858,
        -0.7298794858594557,
        -0.7328686035157702,
        -0.7526200445556299,
        -0.7456311969609959,
        -0.7471483344008982,
        -0.746251898877188,
        1.0,
        -0.7545869231443376,
        -0.7539262397614795,
        -0.7536438563388215,
        -0.7507509468353977,
        -0.740378574811218,
        -0.761216924580316,
        -0.7546259103172053,
        -0.7617778317415045
      ],
      [
        -0.7517071092898739,
        -0.7368785944899698,
        -0.7480241594637169,
        -0.7041334509820747,
        -0.7492267234458714,
        -0.7536044415855623,
        -0.7531501236668999,
        -0.7433553666552561,
        -0.7449973701988488,
        -0.7523872173202415,
        -0.7509230298696474,
        -0.7599660755749824,
        -0.7595619187049009,
        -0.7381644746262258,
        -0.7545869231443376,
        1.0,
        -0.7579098190163389,
        -0.7531359930468104,
        -0.7530247822088045,
        -0.7430456401084009,
        -0.7406695472338078,
        -0.7512299593636462,
        -0.7633369356587154
      ],
      [
        -0.7449079449863094,
        -0.7295572365777385,
        -0.6657424031988561,
        -0.7501847015853096,
        -0.7344091484072325,
        -0.7208347576778837,
        -0.4965719446726121,
        -0.7212062608971932,
        -0.7469913383507822,
        -0.7594391358184154,
        -0.7032246227618248,
        -0.7464501879953718,
        -0.7502686691223787,
        -0.7588417055792107,
        -0.7539262397614795,
        -0.7579098190163389,
        1.0,
        -0.5456341093900219,
        -0.7396325636053677,
        -0.7295400053342362,
        -0.7603822870665113,
        -0.735771962199465,
        -0.7535356521270905
      ],
      [
        -0.7309907409698062,
        -0.7329330571724693,
        -0.6428762151004888,
        -0.7444363565390475,
        -0.7141494257867296,
        -0.7163272512569905,
        -0.13374807503062341,
        -0.7145832463470678,
        -0.756829599400673,
        -0.7526532526358762,
        -0.6851324088677486,
        -0.7399540844343484,
        -0.7297925231733868,
        -0.7540455266790695,
        -0.7536438563388215,
        -0.7531359930468104,
        -0.5456341093900219,
        1.0,
        -0.7430942615715121,
        -0.7242793094867717,
        -0.7605835184280452,
        -0.7030824883681301,
        -0.7536972465922657
      ],
      [
        -0.7529038804551926,
        -0.7448961411576968,
        -0.7418141980856743,
        -0.7084377720073008,
        -0.7437221602758888,
        -0.7358885880570696,
        -0.7411776745205612,
        -0.7404622256830108,
        -0.7537055456996385,
        -0.7544537005287224,
        -0.7324233695687001,
        -0.7544080427345017,
        -0.7542110336867882,
        -0.750140512400043,
        -0.7507509468353977,
        -0.7530247822088045,
        -0.7396325636053677,
        -0.7430942615715121,
        1.0,
        -0.7434132774670134,
        -0.7531793536785427,
        -0.7462983008574638,
        -0.7593776697117797
      ],
      [
        -0.6962642392862659,
        -0.7303618439380573,
        -0.7375318008789671,
        -0.7177622545954647,
        -0.4805992575172003,
        -0.6867496270037288,
        -0.7075956390078835,
        -0.7024231364600401,
        -0.7454263897462512,
        -0.7516390383418686,
        -0.6207817981864072,
        -0.742975794052918,
        -0.7320534993165222,
        -0.7347327698331672,
        -0.740378574811218,
        -0.7430456401084009,
        -0.7295400053342362,
        -0.7242793094867717,
        -0.7434132774670134,
        1.0,
        -0.7435715515695722,
        -0.7168861252788153,
        -0.7525992119779756
      ],
      [
        -0.7576353253297532,
        -0.7611643022178147,
        -0.7552379943654864,
        -0.7566326521858868,
        -0.7589243272396751,
        -0.7585472578878146,
        -0.7588742024372512,
        -0.7464563712628693,
        -0.7631610863774653,
        -0.7481987568762467,
        -0.748532123674037,
        -0.7551788979823197,
        -0.7613436434331023,
        -0.7567556292521158,
        -0.761216924580316,
        -0.7406695472338078,
        -0.7603822870665113,
        -0.7605835184280452,
        -0.7531793536785427,
        -0.7435715515695722,
        1.0,
        -0.7558998943414335,
        -0.762925640515769
      ],
      [
        -0.7221113528882339,
        -0.7374994260368148,
        -0.658460292202263,
        -0.7499119954473406,
        -0.7309682574663382,
        -0.27198815550006544,
        -0.6622423861315896,
        -0.6217796021271847,
        -0.7483260074934266,
        -0.7542270016795958,
        -0.41109593828570007,
        -0.7498232097682309,
        -0.7366650446175345,
        -0.7547400765835615,
        -0.7546259103172053,
        -0.7512299593636462,
        -0.735771962199465,
        -0.7030824883681301,
        -0.7462983008574638,
        -0.7168861252788153,
        -0.7558998943414335,
        1.0,
        -0.7462635853281117
      ],
      [
        -0.7476267533555159,
        -0.7553756288679635,
        -0.7554323010646197,
        -0.7565276362496848,
        -0.7301118138068399,
        -0.7429102030296575,
        -0.7462579261673745,
        -0.7433175176264213,
        -0.7537684955437269,
        -0.7614747110063955,
        -0.7408847202916932,
        -0.7594449852239797,
        -0.74727233650341,
        -0.7622399957164766,
        -0.7617778317415045,
        -0.7633369356587154,
        -0.7535356521270905,
        -0.7536972465922657,
        -0.7593776697117797,
        -0.7525992119779756,
        -0.762925640515769,
        -0.7462635853281117,
        1.0
      ]
    ],
    "series": {
      "2020-01": [
        44,
        11,
        5,
        11,
        10,
        6,
        3,
        10,
        4,
        3,
        6,
        4,
        1,
        2,
        2,
        5,
        4,
        1,
        5,
        9,
        2,
        2,
        3
      ],
      "2020-02": [
        39,
        20,
        5,
        6,
        7,
        10,
        2,
        7,
        3,
        16,
        4,
        3,
        1,
        3,
        3,
        5,
        1,
        0,
        2,
        4,
        1,
        1,
        4
      ],
      "2020-03": [
        36,
        12,
        1,
        5,
        6,
        4,
        1,
        10,
        8,
        4,
        6,
        6,
        2,
        5,
        6,
        4,
        2,
        3,
        6,
        5,
        2,
        1,
        5
      ],
      "2020-04": [
        41,
        6,
        2,
        8,
        6,
        2,
        2,
        3,
        0,
        6,
        8,
        7,
        2,
        0,
        6,
        4,
        1,
        4,
        4,
        8,
        3,
        3,
        12
      ],
      "2020-05": [
        46,
        9,
        5,
        8,
        13,
        6,
        1,
        3,
        7,
        10,
        5,
        4,
        1,
        2,
        8,
        9,
        1,
        2,
        4,
        11,
        0,
        2,
        5
      ],
      "2020-06": [
        35,
        13,
        3,
        3,
        13,
        3,
        2,
        4,
        7,
        1,
        5,
        5,
        4,
        4,
        5,
        6,
        3,
        4,
        13,
        10,
        2,
        1,
        3
      ],
      "2020-07": [
        63,
        13,
        6,
        6,
        11,
        6,
        2,
        5,
        9,
        2,
        5,
        3,
        5,
        5,
        7,
        3,
        2,
        7,
        4,
        6,
        1,
        1,
        2
      ],
      "2020-08": [
        70,
        14,
        7,
        9,
        15,
        4,
        2,
        7,
        8,
        2,
        1,
        7,
        4,
        1,
        3,
        1,
        4,
        7,
        10,
        15,
        0,
        5,
        3
      ],
      "2020-09": [
        89,
        10,
        4,
        4,
        13,
        8,
        4,
        8,
        3,
        3,
        6,
        9,
        0,
        3,
        10,
        0,
        2,
        2,
        7,
        9,
        2,
        2,
        7
      ],
      "2020-10": [
        43,
        8,
        8,
        17,
        10,
        6,
        2,
        6,
        5,
        7,
        9,
        7,
        1,
        6,
        8,
        3,
        2,
        2,
        10,
        8,
        20,
        0,
        4
      ],
      "2020-11": [
        44,
        8,
        1,
        3,
        7,
        6,
        2,
        7,
        3,
        2,
        3,
        6,
        0,
        5,
        2,
        1,
        4,
        2,
        8,
        5,
        2,
        2,
        5
      ],
      "2020-12": [
