{
  "topics": {
    "data": {
      "0": {
        "name": "0_user_recommendation_item_users",
        "keywords": [
          [
            "user",
            0.02227594093735886
          ],
          [
            "recommendation",
            0.021905606259648748
          ],
          [
            "item",
            0.015381424722099444
          ],
          [
            "users",
            0.013625564135346751
          ],
          [
            "model",
            0.013465875855832045
          ],
          [
            "systems",
            0.013078565853943186
          ],
          [
            "items",
            0.012945314161232617
          ],
          [
            "recommender",
            0.012239274022730116
          ],
          [
            "models",
            0.011019566593617388
          ],
          [
            "learning",
            0.010501105066529116
          ]
        ],
        "count": 5661
      },
      "1": {
        "name": "1_RAG_retrieval_LLMs_knowledge",
        "keywords": [
          [
            "RAG",
            0.0336193889049765
          ],
          [
            "retrieval",
            0.021535259211386333
          ],
          [
            "LLMs",
            0.017992104830796617
          ],
          [
            "knowledge",
            0.016304757595658963
          ],
          [
            "question",
            0.015816725183453822
          ],
          [
            "Retrieval",
            0.01548512278745884
          ],
          [
            "generation",
            0.01361537572154691
          ],
          [
            "language",
            0.013560841830591292
          ],
          [
            "Generation",
            0.013063764081016187
          ],
          [
            "QA",
            0.012736567577637527
          ]
        ],
        "count": 937
      },
      "2": {
        "name": "2_news_topic_social_media",
        "keywords": [
          [
            "news",
            0.017794609538001445
          ],
          [
            "topic",
            0.016946521751611064
          ],
          [
            "social",
            0.015032792827905829
          ],
          [
            "media",
            0.01486078672641057
          ],
          [
            "data",
            0.014575558533741772
          ],
          [
            "detection",
            0.012799601429119198
          ],
          [
            "topics",
            0.01277295017520386
          ],
          [
            "social media",
            0.012203923381277739
          ],
          [
            "analysis",
            0.011898847741142065
          ],
          [
            "sentiment",
            0.011743535357175927
          ]
        ],
        "count": 935
      },
      "3": {
        "name": "3_retrieval_models_query_ranking",
        "keywords": [
          [
            "retrieval",
            0.030866299655372614
          ],
          [
            "models",
            0.021183177121461155
          ],
          [
            "query",
            0.017176994965439
          ],
          [
            "ranking",
            0.017161502045984895
          ],
          [
            "document",
            0.01557845167904445
          ],
          [
            "model",
            0.014393058823382978
          ],
          [
            "dense",
            0.014175548358181
          ],
          [
            "training",
            0.014067032163271044
          ],
          [
            "documents",
            0.01276328717581907
          ],
          [
            "Retrieval",
            0.01203992294274367
          ]
        ],
        "count": 890
      },
      "4": {
        "name": "4_image_retrieval_video_modal",
        "keywords": [
          [
            "image",
            0.02987097557499199
          ],
          [
            "retrieval",
            0.025360423715332536
          ],
          [
            "video",
            0.02126837183905303
          ],
          [
            "modal",
            0.01856805608844542
          ],
          [
            "text",
            0.017492758945281964
          ],
          [
            "images",
            0.015029614427538704
          ],
          [
            "visual",
            0.013611273611789524
          ],
          [
            "Retrieval",
            0.01237829737566836
          ],
          [
            "methods",
            0.011262664048572953
          ],
          [
            "learning",
            0.010788760298067244
          ]
        ],
        "count": 625
      },
      "5": {
        "name": "5_medical_clinical_biomedical_literature",
        "keywords": [
          [
            "medical",
            0.022295396982142154
          ],
          [
            "clinical",
            0.021052776808960918
          ],
          [
            "biomedical",
            0.013223975068610457
          ],
          [
            "literature",
            0.012711198964547555
          ],
          [
            "models",
            0.01217886127093313
          ],
          [
            "data",
            0.011529551749910653
          ],
          [
            "research",
            0.011366865597962615
          ],
          [
            "scientific",
            0.011059788251431762
          ],
          [
            "COVID",
            0.010484347121986945
          ],
          [
            "patient",
            0.010378065745943464
          ]
        ],
        "count": 565
      },
      "6": {
        "name": "6_music_audio_Music_musical",
        "keywords": [
          [
            "music",
            0.06831267639712234
          ],
          [
            "audio",
            0.03691703118281658
          ],
          [
            "Music",
            0.029388422837069172
          ],
          [
            "musical",
            0.015412997370487763
          ],
          [
            "song",
            0.012454674659377163
          ],
          [
            "dataset",
            0.012140171877275669
          ],
          [
            "songs",
            0.011392648138034924
          ],
          [
            "model",
            0.01118923223911158
          ],
          [
            "Audio",
            0.010931677482089003
          ],
          [
            "learning",
            0.01008908524397632
          ]
        ],
        "count": 415
      },
      "7": {
        "name": "7_entity_entities_NER_relation",
        "keywords": [
          [
            "entity",
            0.029643198465552714
          ],
          [
            "entities",
            0.02827285550617796
          ],
          [
            "NER",
            0.020112019333676498
          ],
          [
            "relation",
            0.019355394366344245
          ],
          [
            "Entity",
            0.01867891625753747
          ],
          [
            "knowledge",
            0.01814041480114219
          ],
          [
            "graph",
            0.014819509437385813
          ],
          [
            "extraction",
            0.014570512845602512
          ],
          [
            "models",
            0.014084358527879667
          ],
          [
            "Knowledge",
            0.01290396460835254
          ]
        ],
        "count": 316
      },
      "8": {
        "name": "8_conversational_search_Conversational_dialogue",
        "keywords": [
          [
            "conversational",
            0.03873662996734411
          ],
          [
            "search",
            0.026173786702728765
          ],
          [
            "Conversational",
            0.021640175148649247
          ],
          [
            "dialogue",
            0.02045428847304162
          ],
          [
            "conversational search",
            0.02009612429823251
          ],
          [
            "user",
            0.018912794118656158
          ],
          [
            "query",
            0.01579337492183176
          ],
          [
            "information",
            0.015187137329411831
          ],
          [
            "retrieval",
            0.014618625546692117
          ],
          [
            "questions",
            0.013476292729889294
          ]
        ],
        "count": 273
      },
      "9": {
        "name": "9_privacy_federated_data_attacks",
        "keywords": [
          [
            "privacy",
            0.04158254906838605
          ],
          [
            "federated",
            0.027644057351974567
          ],
          [
            "data",
            0.024815187540625467
          ],
          [
            "attacks",
            0.023601552809005884
          ],
          [
            "recommendation",
            0.023449384125219252
          ],
          [
            "attack",
            0.022900575603518953
          ],
          [
            "Federated",
            0.02190897733197807
          ],
          [
            "user",
            0.021662678282471818
          ],
          [
            "recommender",
            0.019146135647919327
          ],
          [
            "systems",
            0.018319984711514647
          ]
        ],
        "count": 247
      },
      "10": {
        "name": "10_search_data_index_query",
        "keywords": [
          [
            "search",
            0.0333666149930004
          ],
          [
            "data",
            0.021702792957700542
          ],
          [
            "index",
            0.019984025719682604
          ],
          [
            "query",
            0.01922384039732294
          ],
          [
            "vector",
            0.01771265339752521
          ],
          [
            "ANNS",
            0.017346140635817284
          ],
          [
            "graph",
            0.01729357064542736
          ],
          [
            "Search",
            0.016241089895601444
          ],
          [
            "nearest",
            0.014977665008773502
          ],
          [
            "Approximate",
            0.014670875634468039
          ]
        ],
        "count": 214
      },
      "11": {
        "name": "11_quantum_PIR_privacy_problem",
        "keywords": [
          [
            "quantum",
            0.035415193233499
          ],
          [
            "PIR",
            0.02631772635858639
          ],
          [
            "privacy",
            0.023865517303898583
          ],
          [
            "problem",
            0.01945432082747573
          ],
          [
            "information",
            0.018524498237802375
          ],
          [
            "messages",
            0.018356522467885827
          ],
          [
            "Private",
            0.018147260264060914
          ],
          [
            "scheme",
            0.01749121607225045
          ],
          [
            "servers",
            0.016648153085313474
          ],
          [
            "data",
            0.015378597447103123
          ]
        ],
        "count": 152
      },
      "12": {
        "name": "12_graph_node_networks_graphs",
        "keywords": [
          [
            "graph",
            0.044583842350942246
          ],
          [
            "node",
            0.0307859787540134
          ],
          [
            "networks",
            0.026207771151868915
          ],
          [
            "graphs",
            0.025537559191190645
          ],
          [
            "Graph",
            0.022357307065282807
          ],
          [
            "nodes",
            0.02158555052794201
          ],
          [
            "network",
            0.0192900864464661
          ],
          [
            "Networks",
            0.013607069871564927
          ],
          [
            "GNNs",
            0.013499030304443846
          ],
          [
            "temporal",
            0.013121494413467145
          ]
        ],
        "count": 151
      },
      "13": {
        "name": "13_legal_case_Legal_legal case",
        "keywords": [
          [
            "legal",
            0.11087644387714138
          ],
          [
            "case",
            0.050372927212964054
          ],
          [
            "Legal",
            0.03845145774495136
          ],
          [
            "legal case",
            0.027446006027042443
          ],
          [
            "retrieval",
            0.027017277065849905
          ],
          [
            "law",
            0.024855704716025075
          ],
          [
            "cases",
            0.020926014386957414
          ],
          [
            "case retrieval",
            0.020295715623993363
          ],
          [
            "Case",
            0.016518049537659407
          ],
          [
            "documents",
            0.015725768538835158
          ]
        ],
        "count": 142
      },
      "14": {
        "name": "14_citation_papers_research_paper",
        "keywords": [
          [
            "citation",
            0.040097412702570716
          ],
          [
            "papers",
            0.03294621069514334
          ],
          [
            "research",
            0.024640503887154098
          ],
          [
            "paper",
            0.024257308770401945
          ],
          [
            "scientific",
            0.022015318040255756
          ],
          [
            "recommendation",
            0.01631514157590551
          ],
          [
            "Citation",
            0.015930628655912177
          ],
          [
            "citations",
            0.015463751365388717
          ],
          [
            "academic",
            0.014881410698965005
          ],
          [
            "citation recommendation",
            0.01330129941128995
          ]
        ],
        "count": 133
      }
    },
    "correlations": [
      [
        1.0,
        -0.7195592579244892,
        -0.7334171303834525,
        -0.6867703091637503,
        -0.7324436797554168,
        -0.7305747877215409,
        -0.7390861584003773,
        -0.7210178162301788,
        -0.5548524032314759,
        -0.06338419440866289,
        -0.7104145410415728,
        -0.7553971895581598,
        -0.5814593153816283,
        -0.7351938179580123,
        -0.624729758546855
      ],
      [
        -0.7195592579244892,
        1.0,
        -0.7434596989964009,
        -0.44369614991523626,
        -0.6778489454202246,
        -0.38879176309923,
        -0.755872966913713,
        -0.7106704822315564,
        -0.7117590102458567,
        -0.7101688013447565,
        -0.7289546468185908,
        -0.7603403931263124,
        -0.7249269914474243,
        -0.6998277235995982,
        -0.6750690938810581
      ],
      [
        -0.7334171303834525,
        -0.7434596989964009,
        1.0,
        -0.7345544232667636,
        -0.7389887434563664,
        -0.5913917142665482,
        -0.7593589236185824,
        -0.7334476466968163,
        -0.745946889211323,
        -0.7253916638232257,
        -0.731111345893084,
        -0.758008439281427,
        -0.737332171704221,
        -0.7410641064479673,
        -0.6901015558020299
      ],
      [
        -0.6867703091637503,
        -0.44369614991523626,
        -0.7345544232667636,
        1.0,
        -0.5825669369426848,
        -0.4992893394345498,
        -0.7447748485198125,
        -0.7004293841368244,
        -0.6974847308768222,
        -0.6911280359101795,
        -0.6907784056497366,
        -0.7539162760187026,
        -0.7134640577013112,
        -0.683213435954761,
        -0.640298023162226
      ],
      [
        -0.7324436797554168,
        -0.6778489454202246,
        -0.7389887434563664,
        -0.5825669369426848,
        1.0,
        -0.7313413767617916,
        -0.7393470530595904,
        -0.720923942999342,
        -0.7396102893534703,
        -0.7305910678046504,
        -0.7114142161879966,
        -0.7600069511655505,
        -0.7357422578677446,
        -0.6888936408617834,
        -0.6947479782478851
      ],
      [
        -0.7305747877215409,
        -0.38879176309923,
        -0.5913917142665482,
        -0.4992893394345498,
        -0.7313413767617916,
        1.0,
        -0.7607744630446434,
        -0.7138650679523191,
        -0.7345174479455141,
        -0.7232561593820787,
        -0.7318116886682613,
        -0.7590333196340311,
        -0.7443599144695436,
        -0.7326913926477534,
        -0.7102746635576795
      ],
      [
        -0.7390861584003773,
        -0.755872966913713,
        -0.7593589236185824,
        -0.7447748485198125,
        -0.7393470530595904,
        -0.7607744630446434,
        1.0,
        -0.7561939909868295,
        -0.748089446609566,
        -0.7403998026692091,
        -0.7512785689080301,
        -0.7655764556207769,
        -0.7543231252588176,
        -0.7539480828651219,
        -0.7459119506123326
      ],
      [
        -0.7210178162301788,
        -0.7106704822315564,
        -0.7334476466968163,
        -0.7004293841368244,
        -0.720923942999342,
        -0.7138650679523191,
        -0.7561939909868295,
        1.0,
        -0.7319861300652263,
        -0.7178055611099088,
        -0.7206141149014356,
        -0.7612242614442793,
        -0.6594952993236722,
        -0.7334525696051657,
        -0.6892836179777171
      ],
      [
        -0.5548524032314759,
        -0.7117590102458567,
        -0.745946889211323,
        -0.6974847308768222,
        -0.7396102893534703,
        -0.7345174479455141,
        -0.748089446609566,
        -0.7319861300652263,
        1.0,
        -0.5953218184180905,
        -0.5911858158032346,
        -0.7514298119656998,
        -0.7276367551584453,
        -0.7452640638936456,
        -0.7047578902145462
      ],
      [
        -0.06338419440866289,
        -0.7101688013447565,
        -0.7253916638232257,
        -0.6911280359101795,
        -0.7305910678046504,
        -0.7232561593820787,
        -0.7403998026692091,
        -0.7178055611099088,
        -0.5953218184180905,
        1.0,
        -0.4335057645916513,
        -0.7013227564416719,
        -0.6418795379675069,
        -0.7272692340930179,
        -0.6325271122071866
      ],
      [
        -0.7104145410415728,
        -0.7289546468185908,
        -0.731111345893084,
        -0.6907784056497366,
        -0.7114142161879966,
        -0.7318116886682613,
        -0.7512785689080301,
        -0.7206141149014356,
        -0.5911858158032346,
        -0.4335057645916513,
        1.0,
        -0.7520905578556935,
        -0.6880818715974413,
        -0.7322030049765624,
        -0.6795456047578368
      ],
      [
        -0.7553971895581598,
        -0.7603403931263124,
        -0.758008439281427,
        -0.7539162760187026,
        -0.7600069511655505,
        -0.7590333196340311,
        -0.7655764556207769,
        -0.7612242614442793,
        -0.7514298119656998,
        -0.7013227564416719,
        -0.7520905578556935,
        1.0,
        -0.7602327719654336,
        -0.7512581691415909,
        -0.7580171208299548
      ],
      [
        -0.5814593153816283,
        -0.7249269914474243,
        -0.737332171704221,
        -0.7134640577013112,
        -0.7357422578677446,
        -0.7443599144695436,
        -0.7543231252588176,
        -0.6594952993236722,
        -0.7276367551584453,
        -0.6418795379675069,
        -0.6880818715974413,
        -0.7602327719654336,
        1.0,
        -0.7436777482319901,
        -0.6409137583752633
      ],
      [
        -0.7351938179580123,
        -0.6998277235995982,
        -0.7410641064479673,
        -0.683213435954761,
        -0.6888936408617834,
        -0.7326913926477534,
        -0.7539480828651219,
        -0.7334525696051657,
        -0.7452640638936456,
        -0.7272692340930179,
        -0.7322030049765624,
        -0.7512581691415909,
        -0.7436777482319901,
        1.0,
        -0.7181483925687909
      ],
      [
        -0.624729758546855,
        -0.6750690938810581,
        -0.6901015558020299,
        -0.640298023162226,
        -0.6947479782478851,
        -0.7102746635576795,
        -0.7459119506123326,
        -0.6892836179777171,
        -0.7047578902145462,
        -0.6325271122071866,
        -0.6795456047578368,
        -0.7580171208299548,
        -0.6409137583752633,
        -0.7181483925687909,
        1.0
      ]
    ],
    "series": {
      "2020-01": [
        45,
        1,
        8,
        12,
        8,
        3,
        3,
        7,
        4,
        9,
        2,
        3,
        9,
        3,
        24
      ],
      "2020-02": [
        29,
        0,
        5,
        13,
        10,
        1,
        2,
        7,
        2,
        6,
        3,
        1,
        6,
        5,
        21
      ],
      "2020-03": [
        31,
        1,
        10,
        5,
        9,
        1,
        4,
        9,
        2,
        8,
        0,
        0,
        11,
        4,
        13
      ],
      "2020-04": [
        40,
        5,
        23,
        22,
        12,
        5,
        2,
        12,
        6,
        22,
        1,
        2,
        7,
        4,
        29
      ],
      "2020-05": [
        49,
        1,
        23,
        19,
        12,
        6,
        2,
        18,
        11,
        16,
        3,
        0,
        13,
        8,
        44
      ],
      "2020-06": [
        50,
        2,
        18,
        12,
        5,
        2,
        7,
        7,
        4,
        16,
        5,
        1,
        8,
        4,
        32
      ],
      "2020-07": [
        51,
        1,
        22,
        14,
        9,
        7,
        14,
        11,
        1,
        23,
        7,
        0,
        13,
        8,
        22
      ],
      "2020-08": [
        35,
        2,
        20,
        11,
        5,
        3,
        13,
        11,
        4,
        25,
        8,
        3,
        9,
        2,
        26
      ],
      "2020-09": [
        46,
        1,
        16,
        18,
        5,
        2,
        9,
        7,
        2,
        17,
        2,
        1,
        8,
        5,
        22
      ],
      "2020-10": [
        51,
        6,
        17,
        17,
        7,
        7,
        9,
        10,
        3,
        18,
        3,
        2,
        16,
        11,
        35
      ],
      "2020-11": [
        42,
        2,
        12,
        15,
        7,
        2,
        3,
        6,
        3,
        12,
        2,
        0,
        9,
        5,
        23
      ],
      "2020-12": [
        50,
        2,
        8,
        15,
        7,
        3,
        1,
        12,
        1,
        13,
        3,
        0,
        13,
        3,
        21
      ],
      "2021-01": [
        42,
        1,
        15,
        12,
        6,
        4,
        6,
        8,
        5,
        7,
        4,
        1,
        10,
        4,
        26
      ],
      "2021-02": [
        52,
        0,
        9,
        17,
        5,
        4,
        3,
        11,
        6,
        20,
        5,
        3,
        10,
        5,
        19
      ],
      "2021-03": [
        35,
        0,
        7,
        16,
        7,
        1,
        3,
        8,
        0,
        11,
        7,
        0,
        7,
        1,
        23
      ],
      "2021-04": [
        43,
        3,
        11,
        22,
        9,
        5,
        3,
        12,
        11,
        4,
        3,
        0,
        13,
        6,
        20
      ],
      "2021-05": [
        59,
        1,
        10,
        16,
        5,
        0,
        10,
        6,
        6,
        22,
        7,
        1,
        16,
        11,
        27
      ],
      "2021-06": [
        54,
        4,
        13,
        23,
        6,
        1,
        4,
        12,
        1,
        20,
        5,
        1,
        14,
        4,
        35
      ],
      "2021-07": [
        37,
        1,
        10,
        9,
        2,
        1,
        7,
        4,
        1,
        15,
        3,
        0,
        11,
        6,
        19
      ],
      "2021-08": [
        58,
        2,
        6,
        25,
        8,
        4,
        12,
        12,
        1,
        13,
        3,
        0,
        11,
        6,
        15
      ],
      "2021-09": [
        71,
        2,
        11,
        16,
        6,
        0,
        8,
        12,
        7,
        16,
        4,
        0,
        16,
        6,
        30
      ],
      "2021-10": [
        54,
        2,
        8,
        12,
        12,
        1,
        5,
        8,
        5,
        16,
        8,
        2,
        14,
        8,
        34
      ],
      "2021-11": [
        35,
        0,
        8,
        20,
        5,
        2,
        3,
        12,
        4,
        14,
        3,
        0,
        14,
        2,
        20
      ],
      "2021-12": [
        50,
        2,
        8,
        21,
        9,
        3,
        3,
        7,
        3,
        16,
        3,
        0,
        16,
        8,
        26
      ],
      "2022-01": [
        37,
        2,
        6,
        18,
        11,
        1,
        3,
        7,
        7,
        21,
        10,
        1,
        13,
        7,
        20
      ],
      "2022-02": [
        46,
        0,
        3,
        17,
        5,
        0,
        6,
        7,
        1,
        15,
        3,
        1,
        17,
        6,
        28
      ],
      "2022-03": [
        39,
        3,
        5,
        18,
        5,
        3,
        2,
        5,
        3,
        17,
        4,
        0,
        15,
        3,
        27
      ],
      "2022-04": [
        65,
        4,
        16,
        27,
        14,
        2,
        7,
        11,
        11,
        22,
        4,
        0,
        16,
        4,
        35
      ],
      "2022-05": [
        57,
        2,
        5,
        26,
        7,
        0,
        4,
        18,
        6,
        25,
        7,
        4,
        17,
        8,
        22
      ],
      "2022-06": [
        47,
        4,
        5,
        13,
        10,
        3,
        2,
        4,
        3,
        19,
        5,
        1,
        10,
        4,
        25
      ],
      "2022-07": [
        42,
        3,
        10,
        20,
        6,
        2,
        6,
        6,
        1,
        13,
        4,
        1,
        14,
        7,
        19
      ],
      "2022-08": [
        45,
        2,
        8,
        30,
        6,
        1,
        3,
        11,
        5,
        26,
        3,
        1,
        18,
        7,
        26
      ],
      "2022-09": [
        57,
        3,
        9,
        15,
        17,
        1,
        7,
        4,
        1,
        18,
        5,
        0,
        12,
        7,
        23
      ],
      "2022-10": [
        60,
        7,
        10,
        28,
        15,
        1,
        10,
        11,
        4,
        20,
        6,
        0,
        17,
        6,
        27
      ],
      "2022-11": [
        40,
        0,
        11,
        19,
        8,
        3,
        5,
        8,
        3,
        16,
        4,
        2,
        11,
        6,
        21
      ],
      "2022-12": [
        44,
        5,
        3,
        20,
        5,
        3,
        7,
        7,
        0,
        16,
        4,
        2,
        10,
        3,
        23
      ],
      "2023-01": [
        40,
        1,
        6,
        19,
        4,
        0,
        6,
        3,
        4,
        12,
        3,
        1,
        4,
        6,
        22
      ],
      "2023-02": [
        53,
        1,
        7,
        22,
        12,
        0,
        3,
        11,
        5,
        15,
        4,
        1,
        15,
        4,
        32
      ],
      "2023-03": [
        41,
        6,
        4,
        15,
        7,
        1,
        6,
        9,
        4,
        17,
        3,
        0,
        11,
        4,
        17
      ],
      "2023-04": [
        58,
        9,
        4,
        32,
        11,
        0,
        3,
        8,
        9,
        27,
        7,
        1,
        27,
        7,
        35
      ],
      "2023-05": [
        83,
        24,
        12,
        45,
        11,
        1,
        7,
        15,
        14,
        31,
        11,
        1,
        20,
        14,
        35
      ],
      "2023-06": [
        71,
        18,
        6,
        27,
        10,
        2,
        10,
        11,
        4,
        25,
        5,
        0,
        13,
        6,
        28
      ],
      "2023-07": [
        63,
        16,
        5,
        22,
        9,
        3,
        5,
        7,
        3,
        22,
        3,
        0,
        17,
        7,
        26
      ],
      "2023-08": [
        99,
        17,
        3,
        21,
        13,
        2,
        11,
        7,
        5,
        37,
        8,
        0,
        18,
        3,
        33
      ],
      "2023-09": [
        61,
        10,
        5,
        21,
        9,
        4,
        13,
        11,
        4,
        29,
        3,
        1,
        16,
        4,
        19
      ],
      "2023-10": [
        62,
        25,
        7,
        24,
        7,
        4,
        6,
        16,
        7,
        18,
        10,
        0,
        16,
        10,
        25
      ],
      "2023-11": [
        50,
        16,
        9,
        34,
        9,
        2,
        10,
        2,
        2,
        22,
        5,
        0,
        14,
        10,
        23
      ],
      "2023-12": [
        55,
        32,
        4,
        22,
        8,
        3,
        6,
        10,
        3,
        26,
        6,
        3,
        11,
        7,
        15
      ],
      "2024-01": [
        52,
        31,
        14,
        25,
        13,
        4,
        8,
        13,
        10,
        33,
        5,
        1,
        18,
        7,
        28
      ],
      "2024-02": [
        84,
        60,
        7,
        33,
        17,
        7,
        7,
        7,
        7,
        27,
        4,
        0,
        18,
        7,
        38
      ],
      "2024-03": [
        73,
        40,
        6,
        27,
        18,
        2,
        6,
        9,
        11,
        24,
        4,
        1,
        25,
        15,
        35
      ],
      "2024-04": [
        67,
        46,
        8,
        34,
        8,
        0,
        7,
        11,
        6,
        22,
        4,
        0,
        17,
        5,
        19
      ],
      "2024-05": [
        76,
        52,
        8,
        40,
        15,
        2,
        11,
        15,
        8,
        25,
        8,
        0,
        18,
        10,
        25
      ],
      "2024-06": [
        70,
        64,
        11,
        31,
        17,
        3,
        4,
        12,
        3,
        34,
        3,
        0,
        29,
        8,
        24
      ],
      "2024-07": [
        76,
        47,
        9,
        26,
        15,
        5,
        6,
        7,
        4,
        16,
        3,
        0,
        13,
        7,
        29
      ],
      "2024-08": [
        84,
        55,
        8,
        38,
        12,
        5,
        13,
        11,
        3,
        21,
        8,
        0,
        23,
        4,
        25
      ],
      "2024-09": [
        84,
        68,
        9,
        23,
        9,
        4,
        12,
        8,
        2,
        29,
        10,
        0,
        17,
        10,
        30
      ],
      "2024-10": [
        82,
        90,
        11,
        35,
        17,
        3,
        8,
        12,
        12,
        28,
        8,
        1,
        17,
        6,
        35
      ],
      "2024-11": [
        62,
        63,
        4,
        27,
        8,
        3,
        13,
        16,
        5,
        23,
        6,
        1,
        8,
        3,
        18
      ],
      "2024-12": [
        75,
        86,
        5,
        32,
        19,
        1,
        9,
        8,
        3,
        27,
        4,
        0,
        17,
        13,
        21
      ],
      "2025-01": [
        62,
        84,
        3,
        26,
        11,
        5,
        9,
        5,
        4,
        20,
        9,
        1,
        16,
        9,
        17
      ],
      "2025-02": [
        73,
        102,
        6,
        33,
        16,
        1,
        4,
        8,
        6,
        22,
        7,
        1,
        18,
        4,
        33
      ],
      "2025-03": [
        67,
        87,
        5,
        29,
        14,
        4,
        7,
        5,
        5,
        16,
        4,
        1,
        10,
        2,
        26
      ],
      "2025-04": [
        85,
        106,
        10,
        42,
        10,
        2,
        8,
        10,
        8,
        29,
        4,
        0,
        10,
        10,
        16
      ],
      "2025-05": [
        103,
        140,
        4,
        37,
        19,
        1,
        9,
        15,
        7,
        19,
        8,
        3,
        21,
        15,
        28
      ],
      "2025-06": [
        74,
        106,
        0,
        21,
        11,
        4,
        10,
        11,
        5,
        15,
        6,
        3,
        21,
        9,
        33
      ],
      "2025-07": [
        91,
        90,
        4,
        35,
        11,
        2,
        15,
        6,
        5,
        31,
        8,
        1,
        19,
        5,
        26
      ],
      "2025-08": [
        120,
        111,
        11,
        38,
        22,
        2,
        12,
        15,
        11,
        36,
        10,
        1,
        26,
        12,
        30
      ],
      "2025-09": [
        30,
        31,
        4,
        11,
        5,
        1,
        9,
        6,
        2,
        12,
        3,
        0,
        7,
        3,
        13
      ]
    },
    "papers": {
      "0": [
        {
          "title": "LLM2Rec: Large Language Models Are Powerful Embedding Models for Sequential Recommendation",
          "year": "2025-06",
          "abstract": "Sequential recommendation aims to predict users' future interactions by\nmodeling collaborative filtering (CF) signals from historical behaviors of\nsimilar users or items. Traditional sequential recommenders predominantly rely\non ID-based embeddings, which capture CF signals through high-order\nco-occurrence patterns. However, these embeddings depend solely on past\ninteractions, lacking transferable knowledge to generalize to unseen domains.\nRecent advances in large language models (LLMs) have motivated text-based\nrecommendation approaches that derive item representations from textual\ndescriptions. While these methods enhance generalization, they fail to encode\nCF signals-i.e., latent item correlations and preference patterns-crucial for\neffective recommendation. We argue that an ideal embedding model should\nseamlessly integrate CF signals with rich semantic representations to improve\nboth in-domain and out-of-domain recommendation performance.\n  To this end, we propose LLM2Rec, a novel embedding model tailored for\nsequential recommendation, integrating the rich semantic understanding of LLMs\nwith CF awareness. Our approach follows a two-stage training framework: (1)\nCollaborative Supervised Fine-tuning, which adapts LLMs to infer item\nrelationships based on historical interactions, and (2) Item-level Embedding\nModeling, which refines these specialized LLMs into structured item embedding\nmodels that encode both semantic and collaborative information. Extensive\nexperiments on real-world datasets demonstrate that LLM2Rec effectively\nimproves recommendation quality across both in-domain and out-of-domain\nsettings. Our findings highlight the potential of leveraging LLMs to build more\nrobust, generalizable embedding models for sequential recommendation. Our codes\nare available at https://github.com/HappyPointer/LLM2Rec.",
          "arxiv_id": "2506.21579v1"
        },
        {
          "title": "Text Matching Improves Sequential Recommendation by Reducing Popularity Biases",
          "year": "2023-08",
          "abstract": "This paper proposes Text mAtching based SequenTial rEcommendation model\n(TASTE), which maps items and users in an embedding space and recommends items\nby matching their text representations. TASTE verbalizes items and user-item\ninteractions using identifiers and attributes of items. To better characterize\nuser behaviors, TASTE additionally proposes an attention sparsity method, which\nenables TASTE to model longer user-item interactions by reducing the\nself-attention computations during encoding. Our experiments show that TASTE\noutperforms the state-of-the-art methods on widely used sequential\nrecommendation datasets. TASTE alleviates the cold start problem by\nrepresenting long-tail items using full-text modeling and bringing the benefits\nof pretrained language models to recommendation systems. Our further analyses\nillustrate that TASTE significantly improves the recommendation accuracy by\nreducing the popularity bias of previous item id based recommendation models\nand returning more appropriate and text-relevant items to satisfy users. All\ncodes are available at https://github.com/OpenMatch/TASTE.",
          "arxiv_id": "2308.14029v1"
        },
        {
          "title": "Mutual Harmony: Sequential Recommendation with Dual Contrastive Network",
          "year": "2022-09",
          "abstract": "With the outbreak of today's streaming data, the sequential recommendation is\na promising solution to achieve time-aware personalized modeling. It aims to\ninfer the next interacted item of a given user based on the historical item\nsequence. Some recent works tend to improve the sequential recommendation via\nrandom masking on the historical item so as to generate self-supervised\nsignals. But such approaches will indeed result in sparser item sequence and\nunreliable signals. Besides, the existing sequential recommendation models are\nonly user-centric, i.e., based on the historical items by chronological order\nto predict the probability of candidate items, which ignores whether the items\nfrom a provider can be successfully recommended. Such user-centric\nrecommendation will make it impossible for the provider to expose their new\nitems, failing to consider the accordant interactions between user and item\ndimensions. In this paper, we propose a novel Dual Contrastive Network (DCN) to\nachieve mutual harmony between user and item provider, generating ground-truth\nself-supervised signals for sequential recommendation by auxiliary\nuser-sequence from an item-centric dimension. Specifically, we propose dual\nrepresentation contrastive learning to refine the representation learning by\nminimizing the Euclidean distance between the representations of a given\nuser/item and historical items/users of them. Before the second contrastive\nlearning module, we perform the next user prediction to capture the trends of\nitems preferred by certain types of users and provide personalized exploration\nopportunities for item providers. Finally, we further propose dual interest\ncontrastive learning to self-supervise the dynamic interest from the next\nitem/user prediction and static interest of matching probability. Experiments\non four benchmark datasets verify the effectiveness of our proposed method.",
          "arxiv_id": "2209.08446v4"
        }
      ],
      "1": [
        {
