{
  "topics": {
    "data": {
      "0": {
        "name": "0_model_systems_checking_synthesis",
        "keywords": [
          [
            "model",
            0.019257171272276868
          ],
          [
            "systems",
            0.01863405511840054
          ],
          [
            "checking",
            0.014832166657581365
          ],
          [
            "synthesis",
            0.013875434690422243
          ],
          [
            "problem",
            0.013715560486141958
          ],
          [
            "temporal",
            0.013200455869198442
          ],
          [
            "LTL",
            0.012987358500030409
          ],
          [
            "verification",
            0.01277841355087125
          ],
          [
            "safety",
            0.012747292797487386
          ],
          [
            "model checking",
            0.012518091357159204
          ]
        ],
        "count": 1003
      },
      "1": {
        "name": "1_order_graphs_problem_classes",
        "keywords": [
          [
            "order",
            0.018893126360486966
          ],
          [
            "graphs",
            0.01736754644109199
          ],
          [
            "problem",
            0.016207685330354018
          ],
          [
            "classes",
            0.015619844340550332
          ],
          [
            "graph",
            0.015241505536159354
          ],
          [
            "class",
            0.015114784147509835
          ],
          [
            "finite",
            0.014703202628297026
          ],
          [
            "complexity",
            0.014687122284203451
          ],
          [
            "bounded",
            0.014062599497934763
          ],
          [
            "automata",
            0.012840870047025787
          ]
        ],
        "count": 990
      },
      "2": {
        "name": "2_type_theory_type theory_types",
        "keywords": [
          [
            "type",
            0.04768374036619063
          ],
          [
            "theory",
            0.03533606054948798
          ],
          [
            "type theory",
            0.0262238845579126
          ],
          [
            "types",
            0.02420062795988032
          ],
          [
            "categories",
            0.023792195472660854
          ],
          [
            "category",
            0.02031968060326354
          ],
          [
            "lambda",
            0.01605675827643525
          ],
          [
            "calculus",
            0.0151740132006311
          ],
          [
            "theories",
            0.012875121383921597
          ],
          [
            "terms",
            0.012324732491574574
          ]
        ],
        "count": 655
      },
      "3": {
        "name": "3_neural_learning_reasoning_networks",
        "keywords": [
          [
            "neural",
            0.02887759272483122
          ],
          [
            "learning",
            0.02031402684777791
          ],
          [
            "reasoning",
            0.020266095865281237
          ],
          [
            "networks",
            0.020066752879074848
          ],
          [
            "models",
            0.017559704733991047
          ],
          [
            "neural networks",
            0.016519328728402827
          ],
          [
            "Neural",
            0.015662426515490404
          ],
          [
            "explanations",
            0.01487315200568248
          ],
          [
            "network",
            0.014843779399462742
          ],
          [
            "verification",
            0.014825569199280615
          ]
        ],
        "count": 439
      },
      "4": {
        "name": "4_logic_modal_proof_logics",
        "keywords": [
          [
            "logic",
            0.04901961882972367
          ],
          [
            "modal",
            0.0386755888729823
          ],
          [
            "proof",
            0.03570892055213139
          ],
          [
            "logics",
            0.03096475114271369
          ],
          [
            "intuitionistic",
            0.030319910021151777
          ],
          [
            "semantics",
            0.023131336056494794
          ],
          [
            "sequent",
            0.021259126279153714
          ],
          [
            "classical",
            0.019849523204728513
          ],
          [
            "cut",
            0.01963880597702056
          ],
          [
            "modal logic",
            0.0169094328238547
          ]
        ],
        "count": 353
      },
      "5": {
        "name": "5_programs_program_verification_memory",
        "keywords": [
          [
            "programs",
            0.025845596879037213
          ],
          [
            "program",
            0.025010542801447485
          ],
          [
            "verification",
            0.024499338557579853
          ],
          [
            "memory",
            0.014177187558286992
          ],
          [
            "data",
            0.013166129839046609
          ],
          [
            "analysis",
            0.012851195779150532
          ],
          [
            "logic",
            0.012353647304072905
          ],
          [
            "correctness",
            0.012201282029457087
          ],
          [
            "code",
            0.011453531648163394
          ],
          [
            "approach",
            0.010813878407646159
          ]
        ],
        "count": 351
      },
      "6": {
        "name": "6_query_queries_ontology_ontologies",
        "keywords": [
          [
            "query",
            0.034381826341901615
          ],
          [
            "queries",
            0.0328683773918888
          ],
          [
            "ontology",
            0.02666552919130757
          ],
          [
            "ontologies",
            0.020706375446087923
          ],
          [
            "data",
            0.01908537706061004
          ],
          [
            "knowledge",
            0.018606005084228383
          ],
          [
            "DL",
            0.01679901061235804
          ],
          [
            "conjunctive",
            0.014500747004927884
          ],
          [
            "complexity",
            0.014116213451223247
          ],
          [
            "answering",
            0.013284720219508071
          ]
        ],
        "count": 258
      },
      "7": {
        "name": "7_epistemic_knowledge_logic_belief",
        "keywords": [
          [
            "epistemic",
            0.040191482672321095
          ],
          [
            "knowledge",
            0.033408694832445796
          ],
          [
            "logic",
            0.03111229156226143
          ],
          [
            "belief",
            0.0306609368752646
          ],
          [
            "agents",
            0.02644854778806718
          ],
          [
            "agent",
            0.022371042436619238
          ],
          [
            "model",
            0.018370856300647453
          ],
          [
            "epistemic logic",
            0.015535281500639217
          ],
          [
            "Epistemic",
            0.014611173591792866
          ],
          [
            "paper",
            0.014577810304059477
          ]
        ],
        "count": 239
      },
      "8": {
        "name": "8_proof_theorem_proofs_proving",
        "keywords": [
          [
            "proof",
            0.03945754699441239
          ],
          [
            "theorem",
            0.028479635382856514
          ],
          [
            "proofs",
            0.02820448544629527
          ],
          [
            "proving",
            0.022962150555870822
          ],
          [
            "Isabelle",
            0.022843509131309753
          ],
          [
            "theorem proving",
            0.02118833179849945
          ],
          [
            "formal",
            0.020341885591019345
          ],
          [
            "learning",
            0.01687290162957949
          ],
          [
            "language",
            0.013851739247353865
          ],
          [
            "problems",
            0.013752824861213092
          ]
        ],
        "count": 202
      },
      "9": {
        "name": "9_quantum_Quantum_circuits_classical",
        "keywords": [
          [
            "quantum",
            0.1341373401459384
          ],
          [
            "Quantum",
            0.04298975023907544
          ],
          [
            "circuits",
            0.0300768145296661
          ],
          [
            "classical",
            0.02192476780071649
          ],
          [
            "quantum circuits",
            0.01948056362089685
          ],
          [
            "logic",
            0.018244448964867595
          ],
          [
            "quantum programs",
            0.017843814215811108
          ],
          [
            "language",
            0.017682603981810013
          ],
          [
            "circuit",
            0.016732486588129262
          ],
          [
            "programs",
            0.016356210602314507
          ]
        ],
        "count": 187
      },
      "10": {
        "name": "10_SAT_solvers_SMT_solver",
        "keywords": [
          [
            "SAT",
            0.05104979625115838
          ],
          [
            "solvers",
            0.0371777569252768
          ],
          [
            "SMT",
            0.034027822377571904
          ],
          [
            "solver",
            0.02529021880687354
          ],
          [
            "solving",
            0.022189528828953167
          ],
          [
            "search",
            0.020782666825148226
          ],
          [
            "problems",
            0.020330975195390493
          ],
          [
            "model",
            0.018024996348447272
          ],
          [
            "Boolean",
            0.017497930377269037
          ],
          [
            "problem",
            0.016096911521553944
          ]
        ],
        "count": 126
      },
      "11": {
        "name": "11_ASP_Answer_answer_Set",
        "keywords": [
          [
            "ASP",
            0.0777116745873062
          ],
          [
            "Answer",
            0.03467219736496525
          ],
          [
            "answer",
            0.03180326763493202
          ],
          [
            "Set",
            0.02953539075614307
          ],
          [
            "programs",
            0.029349268865036218
          ],
          [
            "Programming",
            0.027645102173171204
          ],
          [
            "set",
            0.022657802597992962
          ],
          [
            "program",
            0.018922393024561796
          ],
          [
            "logic",
            0.01787545695746817
          ],
          [
            "answer sets",
            0.015141804207677035
          ]
        ],
        "count": 105
      }
    },
    "correlations": [
      [
        1.0,
        -0.39438962157233226,
        -0.4821588796465214,
        -0.6788297774068444,
        -0.5916889670868481,
        -0.6561440508123455,
        -0.7122815900261659,
        -0.5435257900685484,
        -0.6721217751888989,
        -0.7402528076059671,
        -0.7013251072881873,
        -0.7275762528529323
      ],
      [
        -0.39438962157233226,
        1.0,
        -0.39647239168033094,
        -0.7090025486177809,
        -0.5108338137031851,
        -0.6945238741973505,
        -0.7051792512601016,
        -0.6412003871281442,
        -0.6719542251547983,
        -0.7430330720084726,
        -0.7213316522864106,
        -0.7374874230005737
      ],
      [
        -0.4821588796465214,
        -0.39647239168033094,
        1.0,
        -0.7269168156198427,
        -0.6161675614398703,
        -0.704028631136346,
        -0.7398174003105896,
        -0.6750251828336353,
        -0.6566847602330776,
        -0.7364250593375536,
        -0.7336711142830074,
        -0.7403354390515425
      ],
      [
        -0.6788297774068444,
        -0.7090025486177809,
        -0.7269168156198427,
        1.0,
        -0.7210845729737059,
        -0.7119099494117372,
        -0.7219203868507207,
        -0.6977414062661567,
        -0.7145830866142806,
        -0.7597731361446534,
        -0.7175247523541328,
        -0.7365682657439239
      ],
      [
        -0.5916889670868481,
        -0.5108338137031851,
        -0.6161675614398703,
        -0.7210845729737059,
        1.0,
        -0.7019731623387014,
        -0.7252213825335332,
        -0.4490893959114064,
        -0.5649530143842328,
        -0.7384542423216129,
        -0.7381263351973373,
        -0.7240013779241713
      ],
      [
        -0.6561440508123455,
        -0.6945238741973505,
        -0.704028631136346,
        -0.7119099494117372,
        -0.7019731623387014,
        1.0,
        -0.744038403696448,
        -0.7184646837059467,
        -0.701551293658458,
        -0.7523543736054514,
        -0.7272125488287895,
        -0.5795905801560323
      ],
      [
        -0.7122815900261659,
        -0.7051792512601016,
        -0.7398174003105896,
        -0.7219203868507207,
        -0.7252213825335332,
        -0.744038403696448,
        1.0,
        -0.7224510529701713,
        -0.7532985322426802,
        -0.7615854675580582,
        -0.7489433278554898,
        -0.7286573248468642
      ],
      [
        -0.5435257900685484,
        -0.6412003871281442,
        -0.6750251828336353,
        -0.6977414062661567,
        -0.4490893959114064,
        -0.7184646837059467,
        -0.7224510529701713,
        1.0,
        -0.7121483323441051,
        -0.74990825499499,
        -0.737815528426162,
        -0.7269675410764938
      ],
      [
        -0.6721217751888989,
        -0.6719542251547983,
        -0.6566847602330776,
        -0.7145830866142806,
        -0.5649530143842328,
        -0.701551293658458,
        -0.7532985322426802,
        -0.7121483323441051,
        1.0,
        -0.7513701420750142,
        -0.7359616615900899,
        -0.7432536621390693
      ],
      [
        -0.7402528076059671,
        -0.7430330720084726,
        -0.7364250593375536,
        -0.7597731361446534,
        -0.7384542423216129,
        -0.7523543736054514,
        -0.7615854675580582,
        -0.74990825499499,
        -0.7513701420750142,
        1.0,
        -0.7452279167419622,
        -0.7615477722149202
      ],
      [
        -0.7013251072881873,
        -0.7213316522864106,
        -0.7336711142830074,
        -0.7175247523541328,
        -0.7381263351973373,
        -0.7272125488287895,
        -0.7489433278554898,
        -0.737815528426162,
        -0.7359616615900899,
        -0.7452279167419622,
        1.0,
        -0.7291606810144422
      ],
      [
        -0.7275762528529323,
        -0.7374874230005737,
        -0.7403354390515425,
        -0.7365682657439239,
        -0.7240013779241713,
        -0.5795905801560323,
        -0.7286573248468642,
        -0.7269675410764938,
        -0.7432536621390693,
        -0.7615477722149202,
        -0.7291606810144422,
        1.0
      ]
    ],
    "series": {
      "2020-01": [
        27,
        12,
        10,
        3,
        14,
        8,
        5,
        5,
        11,
        3,
        3,
        1
      ],
      "2020-02": [
        19,
        15,
        16,
        4,
        16,
        6,
        3,
        2,
        15,
        2,
        4,
        3
      ],
      "2020-03": [
        36,
        9,
        8,
        3,
        12,
        1,
        7,
        4,
        5,
        3,
        4,
        2
      ],
      "2020-04": [
        41,
        5,
        10,
        5,
        9,
        4,
        3,
        7,
        8,
        3,
        7,
        3
      ],
      "2020-05": [
        31,
        15,
        19,
        4,
        15,
        5,
        4,
        3,
        12,
        6,
        9,
        3
      ],
      "2020-06": [
        25,
        9,
        15,
        7,
        14,
        5,
        3,
        4,
        5,
        3,
        2,
        1
      ],
      "2020-07": [
        50,
        16,
        21,
        8,
        20,
        6,
        3,
        5,
        2,
        3,
        9,
        2
      ],
      "2020-08": [
        32,
        14,
        11,
        2,
        18,
        5,
        3,
        3,
        6,
        3,
        5,
        13
      ],
      "2020-09": [
        36,
        7,
        13,
        6,
        13,
        2,
        2,
        2,
        6,
        1,
        6,
        10
      ],
      "2020-10": [
        31,
        14,
        26,
        6,
        9,
        4,
        5,
        6,
        10,
        2,
        4,
        2
      ],
      "2020-11": [
        19,
        4,
        8,
        2,
        6,
        6,
        2,
        2,
        3,
        3,
        0,
        4
      ],
      "2020-12": [
        35,
        3,
        12,
        3,
        8,
        5,
        1,
        2,
        7,
        6,
        7,
        1
      ],
      "2021-01": [
        37,
        13,
        19,
        4,
        12,
        3,
        1,
        2,
        9,
        4,
        0,
        2
      ],
      "2021-02": [
        29,
        13,
        19,
        2,
        16,
        4,
        3,
        6,
        10,
        2,
        4,
        0
      ],
      "2021-03": [
        24,
        3,
        14,
        2,
        14,
        3,
        1,
        3,
        4,
        7,
        5,
        1
      ],
      "2021-04": [
        42,
        14,
        19,
        5,
        18,
        2,
        1,
        3,
        16,
        3,
        4,
        4
      ],
      "2021-05": [
        46,
        17,
        17,
        4,
        17,
        4,
        2,
        6,
        11,
        7,
        5,
        2
      ],
      "2021-06": [
        33,
        8,
        13,
        5,
        17,
        4,
        2,
        11,
        8,
        3,
        6,
        4
      ],
      "2021-07": [
        39,
        9,
        16,
        4,
        17,
        3,
        5,
        1,
        7,
        8,
        8,
        3
      ],
      "2021-08": [
        30,
        13,
        7,
        6,
        16,
        7,
        3,
        8,
        7,
        1,
        2,
        9
      ],
      "2021-09": [
        35,
        10,
        11,
        4,
        14,
        5,
        2,
        7,
        4,
        9,
        8,
        15
      ],
      "2021-10": [
        32,
        4,
        16,
        6,
        16,
        4,
        2,
        4,
        9,
        6,
        3,
        1
      ],
      "2021-11": [
        26,
        8,
        10,
        2,
        9,
        5,
        2,
        2,
        5,
        3,
        1,
        2
      ],
      "2021-12": [
        30,
        3,
        17,
        11,
        17,
        4,
        5,
        1,
        11,
        3,
        3,
        5
      ],
      "2022-01": [
        26,
        11,
        8,
        6,
        9,
        1,
        2,
        5,
        7,
        3,
        3,
        2
      ],
      "2022-02": [
        27,
        15,
        12,
        8,
        12,
        4,
        4,
        2,
        7,
        2,
        5,
        2
      ],
      "2022-03": [
        28,
        14,
        18,
        4,
        8,
        4,
        3,
        8,
        7,
        2,
        2,
        0
      ],
      "2022-04": [
        30,
        9,
        17,
        2,
        28,
        2,
        3,
        1,
        6,
        9,
        1,
        1
      ],
      "2022-05": [
        48,
        7,
        17,
        4,
        23,
        12,
        4,
        10,
        16,
        6,
        7,
        8
      ],
      "2022-06": [
        25,
        16,
        14,
        6,
        10,
        5,
        4,
        4,
        5,
        7,
        3,
        0
      ],
      "2022-07": [
        42,
        7,
        15,
        9,
        17,
        3,
        4,
        3,
        11,
        2,
        4,
        1
      ],
      "2022-08": [
        32,
        9,
        5,
        6,
        9,
        2,
        10,
        5,
        10,
        1,
        5,
        6
      ],
      "2022-09": [
        33,
        13,
        12,
        3,
        16,
        5,
        6,
        3,
        9,
        1,
        3,
        3
      ],
      "2022-10": [
        19,
        9,
        15,
        4,
        19,
        2,
        6,
        1,
        11,
        2,
        2,
        1
      ],
      "2022-11": [
        22,
        11,
        13,
        1,
        6,
        4,
        3,
        8,
        1,
        0,
        6,
        2
      ],
      "2022-12": [
        21,
        8,
        11,
        4,
        11,
        5,
        5,
        1,
        5,
        4,
        2,
        0
      ],
      "2023-01": [
        25,
        11,
        21,
        6,
        17,
        5,
        5,
        2,
        4,
        4,
        3,
        1
      ],
      "2023-02": [
        30,
        12,
        19,
        4,
        10,
        6,
        2,
        4,
        12,
        5,
        2,
        1
      ],
      "2023-03": [
        33,
        7,
        25,
        7,
        18,
        3,
        5,
        7,
        18,
        7,
        9,
        3
      ],
      "2023-04": [
        34,
        15,
        17,
        3,
        21,
        1,
        4,
        6,
        8,
        2,
        1,
        0
      ],
      "2023-05": [
        51,
        16,
        23,
        8,
        23,
        16,
        5,
        7,
        11,
        0,
        4,
        7
      ],
      "2023-06": [
        29,
        9,
        13,
        5,
        19,
        1,
        11,
        8,
        6,
        1,
        8,
        2
      ],
      "2023-07": [
        41,
        23,
        22,
        7,
        30,
        5,
        9,
        18,
        7,
        6,
        7,
        3
      ],
      "2023-08": [
        41,
        9,
        10,
        6,
        17,
        1,
        6,
        7,
        3,
        4,
        3,
        12
      ],
      "2023-09": [
        31,
        8,
        16,
        3,
        14,
        6,
        2,
        4,
        7,
        2,
        3,
        0
      ],
      "2023-10": [
        42,
        12,
        16,
        3,
        17,
        6,
        7,
        7,
        10,
        3,
        6,
        3
      ],
      "2023-11": [
        33,
        10,
        10,
        5,
        9,
        4,
        2,
        6,
        11,
        9,
        4,
        3
      ],
      "2023-12": [
        27,
        8,
        16,
        4,
        14,
        2,
        0,
        5,
        5,
        3,
        3,
        2
      ],
      "2024-01": [
        44,
        15,
        14,
        12,
        12,
        5,
        3,
        4,
        16,
        3,
        3,
        2
      ],
      "2024-02": [
        38,
        14,
        17,
        4,
        18,
        7,
        4,
        8,
        10,
        4,
        7,
        3
      ],
      "2024-03": [
        31,
        13,
        5,
        5,
        20,
        9,
        6,
        4,
        9,
        4,
        8,
        4
      ],
      "2024-04": [
        40,
        15,
        18,
        2,
        24,
        6,
        6,
        6,
        14,
        1,
        9,
        0
      ],
      "2024-05": [
        56,
        14,
        17,
        11,
        22,
        6,
        5,
        9,
        7,
        3,
        6,
        5
      ],
      "2024-06": [
        34,
        8,
        8,
        4,
        21,
        1,
        3,
        5,
        5,
        6,
        10,
        4
      ],
      "2024-07": [
        29,
        15,
        19,
        6,
        10,
        4,
        4,
        2,
        7,
        0,
        4,
        7
      ],
      "2024-08": [
        34,
        8,
        8,
        7,
        11,
        1,
        3,
        3,
        3,
        5,
        6,
        8
      ],
      "2024-09": [
        21,
        4,
        12,
        1,
        6,
        3,
        2,
        3,
        6,
        2,
        1,
        3
      ],
      "2024-10": [
        47,
        5,
        14,
        8,
        17,
        3,
        3,
        6,
        14,
        4,
        7,
        3
      ],
      "2024-11": [
        35,
        11,
        17,
        5,
        11,
        6,
        0,
        3,
        8,
        3,
        4,
        1
      ],
      "2024-12": [
        29,
        11,
        8,
        2,
        25,
        1,
        8,
        10,
        14,
        4,
        4,
        4
      ],
      "2025-01": [
        45,
        13,
        12,
        3,
        14,
        5,
        3,
        5,
        17,
        4,
        7,
        1
      ],
      "2025-02": [
        39,
        12,
        13,
        3,
        17,
        4,
        5,
        7,
        11,
        2,
        7,
        13
      ],
      "2025-03": [
        36,
        7,
        11,
        3,
        13,
        4,
        4,
        3,
        11,
        3,
        6,
        2
      ],
      "2025-04": [
        37,
        16,
        13,
        7,
        16,
        5,
        3,
        8,
        9,
        7,
        6,
        3
      ],
      "2025-05": [
        53,
        16,
        14,
        9,
        22,
        5,
        1,
        10,
        25,
        2,
        13,
        2
      ],
      "2025-06": [
        28,
        12,
        13,
        8,
        21,
        5,
        3,
        6,
        14,
        7,
        6,
        6
      ],
      "2025-07": [
        56,
        12,
        15,
        4,
        26,
        4,
        7,
        9,
        15,
        6,
        8,
        12
      ],
      "2025-08": [
        32,
        7,
        8,
        11,
        22,
        8,
        5,
        5,
        13,
        6,
        8,
        4
      ],
      "2025-09": [
        19,
        6,
        4,
        2,
        8,
        3,
        4,
        5,
        4,
        3,
        3,
        0
      ]
    },
    "papers": {
      "0": [
        {
          "title": "Probabilistic Model Checking and Autonomy",
          "year": "2021-11",
          "abstract": "Design and control of autonomous systems that operate in uncertain or\nadversarial environments can be facilitated by formal modelling and analysis.\nProbabilistic model checking is a technique to automatically verify, for a\ngiven temporal logic specification, that a system model satisfies the\nspecification, as well as to synthesise an optimal strategy for its control.\nThis method has recently been extended to multi-agent systems that exhibit\ncompetitive or cooperative behaviour modelled via stochastic games and\nsynthesis of equilibria strategies. In this paper, we provide an overview of\nprobabilistic model checking, focusing on models supported by the PRISM and\nPRISM-games model checkers. This includes fully observable and partially\nobservable Markov decision processes, as well as turn-based and concurrent\nstochastic games, together with associated probabilistic temporal logics. We\ndemonstrate the applicability of the framework through illustrative examples\nfrom autonomous systems. Finally, we highlight research challenges and suggest\ndirections for future work in this area.",
          "arxiv_id": "2111.10630v1"
        },
        {
          "title": "LTLf Synthesis on Probabilistic Systems",
          "year": "2020-09",
          "abstract": "Many systems are naturally modeled as Markov Decision Processes (MDPs),\ncombining probabilities and strategic actions. Given a model of a system as an\nMDP and some logical specification of system behavior, the goal of synthesis is\nto find a policy that maximizes the probability of achieving this behavior. A\npopular choice for defining behaviors is Linear Temporal Logic (LTL). Policy\nsynthesis on MDPs for properties specified in LTL has been well studied. LTL,\nhowever, is defined over infinite traces, while many properties of interest are\ninherently finite. Linear Temporal Logic over finite traces (LTLf) has been\nused to express such properties, but no tools exist to solve policy synthesis\nfor MDP behaviors given finite-trace properties. We present two algorithms for\nsolving this synthesis problem: the first via reduction of LTLf to LTL and the\nsecond using native tools for LTLf. We compare the scalability of these two\napproaches for synthesis and show that the native approach offers better\nscalability compared to existing automaton generation tools for LTL.",
          "arxiv_id": "2009.10883v1"
        },
        {
          "title": "Rational Verification for Probabilistic Systems",
          "year": "2021-07",
          "abstract": "Rational verification is the problem of determining which temporal logic\nproperties will hold in a multi-agent system, under the assumption that agents\nin the system act rationally, by choosing strategies that collectively form a\ngame-theoretic equilibrium. Previous work in this area has largely focussed on\ndeterministic systems. In this paper, we develop the theory and algorithms for\nrational verification in probabilistic systems. We focus on concurrent\nstochastic games (CSGs), which can be used to model uncertainty and randomness\nin complex multi-agent environments. We study the rational verification problem\nfor both non-cooperative games and cooperative games in the qualitative\nprobabilistic setting. In the former case, we consider LTL properties satisfied\nby the Nash equilibria of the game and in the latter case LTL properties\nsatisfied by the core. In both cases, we show that the problem is\n2EXPTIME-complete, thus not harder than the much simpler verification problem\nof model checking LTL properties of systems modelled as Markov decision\nprocesses (MDPs).",
          "arxiv_id": "2107.09119v2"
        }
      ],
      "1": [
        {
          "title": "First-Order Model Checking on Monadically Stable Graph Classes",
          "year": "2023-11",
          "abstract": "A graph class $\\mathscr{C}$ is called monadically stable if one cannot\ninterpret, in first-order logic, arbitrary large linear orders in colored\ngraphs from $\\mathscr{C}$. We prove that the model checking problem for\nfirst-order logic is fixed-parameter tractable on every monadically stable\ngraph class. This extends the results of [Grohe, Kreutzer, and Siebertz; J. ACM\n'17] for nowhere dense classes and of [Dreier, M\\\"ahlmann, and Siebertz; STOC\n'23] for structurally nowhere dense classes to all monadically stable classes.\n  As a complementary hardness result, we prove that for every hereditary graph\nclass $\\mathscr{C}$ that is edge-stable (excludes some half-graph as a\nsemi-induced subgraph) but not monadically stable, first-order model checking\nis $\\mathrm{AW}[*]$-hard on $\\mathscr{C}$, and $\\mathrm{W}[1]$-hard when\nrestricted to existential sentences. This confirms, in the special case of\nedge-stable classes, an on-going conjecture that the notion of monadic NIP\ndelimits the tractability of first-order model checking on hereditary classes\nof graphs.\n  For our tractability result, we first prove that monadically stable graph\nclasses have almost linear neighborhood complexity. Using this, we construct\nsparse neighborhood covers for monadically stable classes, which provides the\nmissing ingredient for the algorithm of [Dreier, M\\\"ahlmann, and Siebertz; STOC\n'23]. The key component of this construction is the usage of orders with low\ncrossing number [Welzl; SoCG '88], a tool from the area of range queries.\n  For our hardness result, we prove a new characterization of monadically\nstable graph classes in terms of forbidden induced subgraphs. We then use this\ncharacterization to show that in hereditary classes that are edge-stable but\nnot monadically stable, one can effectively interpret the class of all graphs\nusing only existential formulas.",
          "arxiv_id": "2311.18740v1"
        },
        {
          "title": "Canonical decompositions in monadically stable and bounded shrubdepth graph classes",
          "year": "2023-03",
          "abstract": "We use model-theoretic tools originating from stability theory to derive a\nresult we call the Finitary Substitute Lemma, which intuitively says the\nfollowing. Suppose we work in a stable graph class C, and using a first-order\nformula {\\phi} with parameters we are able to define, in every graph G in C, a\nrelation R that satisfies some hereditary first-order assertion {\\psi}. Then we\nare able to find a first-order formula {\\phi}' that has the same property, but\nadditionally is finitary: there is finite bound k such that in every graph G in\nC, different choices of parameters give only at most k different relations R\nthat can be defined using {\\phi}'. We use the Finitary Substitute Lemma to\nderive two corollaries about the existence of certain canonical decompositions\nin classes of well-structured graphs.\n  - We prove that in the Splitter game, which characterizes nowhere dense graph\nclasses, and in the Flipper game, which characterizes monadically stable graph\nclasses, there is a winning strategy for Splitter, respectively Flipper, that\ncan be defined in first-order logic from the game history. Thus, the strategy\nis canonical.\n  - We show that for any fixed graph class C of bounded shrubdepth, there is an\nO(n^2)-time algorithm that given an n-vertex graph G in C, computes in an\nisomorphism-invariant way a structure H of bounded treedepth in which G can be\ninterpreted. A corollary of this result is an O(n^2)-time isomorphism test and\ncanonization algorithm for any fixed class of bounded shrubdepth.",
          "arxiv_id": "2303.01473v1"
        },
        {
          "title": "Flip-Breakability: A Combinatorial Dichotomy for Monadically Dependent Graph Classes",
          "year": "2024-03",
          "abstract": "A conjecture in algorithmic model theory predicts that the model-checking\nproblem for first-order logic is fixed-parameter tractable on a hereditary\ngraph class if and only if the class is monadically dependent. Originating in\nmodel theory, this notion is defined in terms of logic, and encompasses nowhere\ndense classes, monadically stable classes, and classes of bounded twin-width.\nWorking towards this conjecture, we provide the first two combinatorial\ncharacterizations of monadically dependent graph classes. This yields the\nfollowing dichotomy.\n  On the structure side, we characterize monadic dependence by a\nRamsey-theoretic property called flip-breakability. This notion generalizes the\nnotions of uniform quasi-wideness, flip-flatness, and bounded grid rank, which\ncharacterize nowhere denseness, monadic stability, and bounded twin-width,\nrespectively, and played a key role in their respective model checking\nalgorithms. Natural restrictions of flip-breakability additionally characterize\nbounded treewidth and cliquewidth and bounded treedepth and shrubdepth.\n  On the non-structure side, we characterize monadic dependence by explicitly\nlisting few families of forbidden induced subgraphs. This result is analogous\nto the characterization of nowhere denseness via forbidden subdivided cliques,\nand allows us to resolve one half of the motivating conjecture: First-order\nmodel checking is AW[$*$]-hard on every hereditary graph class that is\nmonadically independent. The result moreover implies that hereditary graph\nclasses which are small, have almost bounded twin-width, or have almost bounded\nflip-width, are monadically dependent.\n  Lastly, we lift our result to also obtain a combinatorial dichotomy in the\nmore general setting of monadically dependent classes of binary structures.",
          "arxiv_id": "2403.15201v2"
        }
      ],
      "2": [
        {
          "title": "A biequivalence of path categories and axiomatic Martin-Löf type theories",
          "year": "2025-03",
          "abstract": "The semantics of extensional type theory has an elegant categorical\ndescription: models of Sigma-types and extensional Id-types are biequivalent to\nfinitely complete categories. We establish a similar result for intensional\ntype theories: weak models of Sigma-types and axiomatic Id-types are\nbiequivalent to path categories. These axiomatic Id-types only satisfy\nbeta-reduction rule as a propositional equality, and appear in cubical type\ntheory, as well as axiomatic type theory (type theory without definitional\nequality). Path categories take inspiration from homotopy theory and simplify\nthe structure of type theory using a primitive notion of equivalence. Our\nbiequivalence allows us to turn path categories into actual models of type\ntheory: we turn them into weak models, where substitution is only specified up\nto isomorphism, which we can in turn strictify using the left adjoint\nsplitting. In addition, we introduce a more fine-grained notion: that of a\ndisplay path category, and prove a similar biequivalence. These display path\ncategories still model axiomatic Id-types, but not the intensional notion of\nSigma-types. We show how they can be extended with axiomatic notions of\nSigma-types and Pi-types, allowing us to model axiomatic type theory.",
          "arxiv_id": "2503.15431v1"
        },
        {
          "title": "Directed univalence in simplicial homotopy type theory",
          "year": "2024-07",
          "abstract": "Simplicial type theory extends homotopy type theory with a directed path type\nwhich internalizes the notion of a homomorphism within a type. This concept has\nsignificant applications both within mathematics -- where it allows for\nsynthetic (higher) category theory -- and programming languages -- where it\nleads to a directed version of the structure identity principle. In this work,\nwe construct the first types in simplicial type theory with non-trivial\nhomomorphisms. We extend simplicial type theory with modalities and new\nreasoning principles to obtain triangulated type theory in order to construct\nthe universe of discrete types $\\mathcal{S}$. We prove that homomorphisms in\nthis type correspond to ordinary functions of types i.e., that $\\mathcal{S}$ is\ndirected univalent. The construction of $\\mathcal{S}$ is foundational for both\nof the aforementioned applications of simplicial type theory. We are able to\ndefine several crucial examples of categories and to recover important results\nfrom category theory. Using $\\mathcal{S}$, we are also able to define various\ntypes whose usage is guaranteed to be functorial. These provide the first\ncomplete examples of the proposed directed structure identity principle.",
          "arxiv_id": "2407.09146v1"
        },
        {
          "title": "Internal $\\infty$-Categorical Models of Dependent Type Theory: Towards 2LTT Eating HoTT",
          "year": "2020-09",
