{
  "topics": {
    "data": {
      "0": {
        "name": "0_LLM_AI_agent_LLMs",
        "keywords": [
          [
            "LLM",
            0.020466633857795846
          ],
          [
            "AI",
            0.018839019513838002
          ],
          [
            "agent",
            0.01878802920596838
          ],
          [
            "LLMs",
            0.01805613969045924
          ],
          [
            "agents",
            0.01775103468314888
          ],
          [
            "language",
            0.01629308720097204
          ],
          [
            "systems",
            0.0139132925071329
          ],
          [
            "models",
            0.013449511672275025
          ],
          [
            "multi",
            0.012545567349694708
          ],
          [
            "human",
            0.01202033861123828
          ]
        ],
        "count": 1011
      },
      "1": {
        "name": "1_robots_robot_MAPF_problem",
        "keywords": [
          [
            "robots",
            0.01756501680924708
          ],
          [
            "robot",
            0.016380413868509844
          ],
          [
            "MAPF",
            0.015604681928440554
          ],
          [
            "problem",
            0.01404034486586817
          ],
          [
            "Multi",
            0.013651333940728035
          ],
          [
            "multi",
            0.013475238831880334
          ],
          [
            "agents",
            0.012499595517323495
          ],
          [
            "planning",
            0.012482832231310758
          ],
          [
            "time",
            0.011566680384426136
          ],
          [
            "agent",
            0.01101645446566787
          ]
        ],
        "count": 839
      },
      "2": {
        "name": "2_agent_learning_MARL_multi agent",
        "keywords": [
          [
            "agent",
            0.028737629567999644
          ],
          [
            "learning",
            0.026361408092166593
          ],
          [
            "MARL",
            0.023169315894686144
          ],
          [
            "multi agent",
            0.02140938568674501
          ],
          [
            "multi",
            0.02063132103824784
          ],
          [
            "agents",
            0.02044869537430319
          ],
          [
            "Multi",
            0.017141014856419133
          ],
          [
            "reinforcement",
            0.01660024633826718
          ],
          [
            "reinforcement learning",
            0.016453650360090125
          ],
          [
            "Learning",
            0.016260402052585644
          ]
        ],
        "count": 640
      },
      "3": {
        "name": "3_distributed_consensus_network_algorithm",
        "keywords": [
          [
            "distributed",
            0.027743790040264393
          ],
          [
            "consensus",
            0.020492936206926885
          ],
          [
            "network",
            0.01914364616968043
          ],
          [
            "algorithm",
            0.01848049426517765
          ],
          [
            "convergence",
            0.016637556950965235
          ],
          [
            "data",
            0.015968400347549715
          ],
          [
            "communication",
            0.015880349933540504
          ],
          [
            "optimization",
            0.014420475113892429
          ],
          [
            "agents",
            0.014129833571754083
          ],
          [
            "local",
            0.012826826336117468
          ]
        ],
        "count": 421
      },
      "4": {
        "name": "4_traffic_vehicles_driving_vehicle",
        "keywords": [
          [
            "traffic",
            0.046785156811225005
          ],
          [
            "vehicles",
            0.02360524536564032
          ],
          [
            "driving",
            0.023131656715684946
          ],
          [
            "vehicle",
            0.017356075366555906
          ],
          [
            "control",
            0.015440378595623167
          ],
          [
            "autonomous",
            0.014098836116978512
          ],
          [
            "safety",
            0.01224713996591065
          ],
          [
            "Traffic",
            0.012074836509966037
          ],
          [
            "learning",
            0.011395086470643372
          ],
          [
            "scenarios",
            0.010638351546205222
          ]
        ],
        "count": 316
      },
      "5": {
        "name": "5_social_cooperation_agents_learning",
        "keywords": [
          [
            "social",
            0.023811608386231455
          ],
          [
            "cooperation",
            0.02196483652196638
          ],
          [
            "agents",
            0.02112435857247315
          ],
          [
            "learning",
            0.01912162111938306
          ],
          [
            "collective",
            0.015137666718425953
          ],
          [
            "agent",
            0.014615578367196068
          ],
          [
            "dynamics",
            0.011619657973218286
          ],
          [
            "behavior",
            0.011152336941556156
          ],
          [
            "behaviors",
            0.011145962354188962
          ],
          [
            "systems",
            0.011100004007123167
          ]
        ],
        "count": 258
      },
      "6": {
        "name": "6_games_equilibrium_Nash_game",
        "keywords": [
          [
            "games",
            0.046736728557727175
          ],
          [
            "equilibrium",
            0.02730844926135099
          ],
          [
            "Nash",
            0.026855960234329616
          ],
          [
            "game",
            0.021971570411367023
          ],
          [
            "Markov",
            0.021555499621199025
          ],
          [
            "learning",
            0.020185670155408265
          ],
          [
            "sum",
            0.018408825259176927
          ],
          [
            "algorithm",
            0.01721061463555335
          ],
          [
            "convergence",
            0.0164072869158975
          ],
          [
            "equilibria",
            0.016401026774621182
          ]
        ],
        "count": 195
      },
      "7": {
        "name": "7_model_COVID_simulation_models",
        "keywords": [
          [
            "model",
            0.027789196679167103
          ],
          [
            "COVID",
            0.02098566784594603
          ],
          [
            "simulation",
            0.019985089498930752
          ],
          [
            "models",
            0.018737969331696712
          ],
          [
            "population",
            0.01847111280928967
          ],
          [
            "pandemic",
            0.018032142826561504
          ],
          [
            "epidemic",
            0.017597613299174426
          ],
          [
            "disease",
            0.015623738643744658
          ],
          [
            "spread",
            0.015082381110542884
          ],
          [
            "agent",
            0.014602661500478694
          ]
        ],
        "count": 174
      },
      "8": {
        "name": "8_logic_model_checking_systems",
        "keywords": [
          [
            "logic",
            0.034845294840899745
          ],
          [
            "model",
            0.022785105563469493
          ],
          [
            "checking",
            0.022348136150000017
          ],
          [
            "systems",
            0.02174592132478738
          ],
          [
            "verification",
            0.02066824447420598
          ],
          [
            "epistemic",
            0.020127234329641933
          ],
          [
            "knowledge",
            0.01842088006205496
          ],
          [
            "Logic",
            0.01790954060734063
          ],
          [
            "agents",
            0.016219930806378357
          ],
          [
            "agent",
            0.0157782042036203
          ]
        ],
        "count": 144
      },
      "9": {
        "name": "9_matching_fairness_agents_problem",
        "keywords": [
          [
            "matching",
            0.026613852721898878
          ],
          [
            "fairness",
            0.0239375125257523
          ],
          [
            "agents",
            0.02270064656775199
          ],
          [
            "problem",
            0.021990492157195316
          ],
          [
            "envy",
            0.021688750432028305
          ],
          [
            "mechanism",
            0.019391227052339113
          ],
          [
            "allocation",
            0.01884920774656803
          ],
          [
            "preferences",
            0.018280437364764476
          ],
          [
            "mechanisms",
            0.01819066081210688
          ],
          [
            "stable",
            0.016960635298725133
          ]
        ],
        "count": 122
      },
      "10": {
        "name": "10_network_networks_resource_learning",
        "keywords": [
          [
            "network",
            0.02245274435411376
          ],
          [
            "networks",
            0.016792545155815387
          ],
          [
            "resource",
            0.015835093001719532
          ],
          [
            "learning",
            0.01558666489695353
          ],
          [
            "Learning",
            0.013790454542221916
          ],
          [
            "edge",
            0.01276527612018049
          ],
          [
            "wireless",
            0.012246289392158084
          ],
          [
            "multi",
            0.011706335287188827
          ],
          [
            "agent",
            0.011651949847635219
          ],
          [
            "access",
            0.011518597149102012
          ]
        ],
        "count": 119
      },
      "11": {
        "name": "11_energy_grid_power_electricity",
        "keywords": [
          [
            "energy",
            0.06684382485853885
          ],
          [
            "grid",
            0.022813744020346582
          ],
          [
            "power",
            0.021727181580232124
          ],
          [
            "electricity",
            0.019849904389176595
          ],
          [
            "renewable",
            0.017818670127384372
          ],
          [
            "demand",
            0.01724004625387984
          ],
          [
            "Energy",
            0.01480793323311661
          ],
          [
            "control",
            0.014681405362342876
          ],
          [
            "renewable energy",
            0.014253518919204514
          ],
          [
            "market",
            0.013890573596572042
          ]
        ],
        "count": 115
      },
      "12": {
        "name": "12_voting_voters_candidates_elections",
        "keywords": [
          [
            "voting",
            0.074386559530391
          ],
          [
            "voters",
            0.045836942535505396
          ],
          [
            "candidates",
            0.038171094348632036
          ],
          [
            "elections",
            0.03619922924807525
          ],
          [
            "election",
            0.03143426893209946
          ],
          [
            "rules",
            0.0256734805666345
          ],
          [
            "projects",
            0.02467987899767886
          ],
          [
            "voter",
            0.023759112799713804
          ],
          [
            "approval",
            0.023454121039704724
          ],
          [
            "vote",
            0.021081765844310218
          ]
        ],
        "count": 106
      },
      "13": {
        "name": "13_market_trading_financial_markets",
        "keywords": [
          [
            "market",
            0.06523394264905785
          ],
          [
            "trading",
            0.034120568209099394
          ],
          [
            "financial",
            0.026274479592800742
          ],
          [
            "markets",
            0.023243990436183387
          ],
          [
            "agent",
            0.022423752647851906
          ],
          [
            "economic",
            0.019683496898947505
          ],
          [
            "learning",
            0.016484710861139562
          ],
          [
            "strategies",
            0.01621267474771018
          ],
          [
            "agents",
            0.015094655406551843
          ],
          [
            "model",
            0.014101997893142863
          ]
        ],
        "count": 97
      },
      "14": {
        "name": "14_opinion_opinions_dynamics_social",
        "keywords": [
          [
            "opinion",
            0.07936890404834325
          ],
          [
            "opinions",
            0.04714674911153836
          ],
          [
            "dynamics",
            0.030078896250957915
          ],
          [
            "social",
            0.03004844632534891
          ],
          [
            "model",
            0.02942155924449778
          ],
          [
            "opinion dynamics",
            0.024769772372531054
          ],
          [
            "consensus",
            0.023831286620102633
          ],
          [
            "influence",
            0.023393945531688706
          ],
          [
            "polarization",
            0.022715552407908717
          ],
          [
            "agents",
            0.019751086383234667
          ]
        ],
        "count": 95
      },
      "15": {
        "name": "15_traffic_ride_demand_congestion",
        "keywords": [
          [
            "traffic",
            0.023373966912892338
          ],
          [
            "ride",
            0.02209694002265651
          ],
          [
            "demand",
            0.01980834081567358
          ],
          [
            "congestion",
            0.019347249756231533
          ],
          [
            "mobility",
            0.017030721532323413
          ],
          [
            "vehicle",
            0.016886526850226017
          ],
          [
            "drivers",
            0.016569905261999297
          ],
          [
            "time",
            0.015568626855774452
          ],
          [
            "travel",
            0.015520199353267322
          ],
          [
            "road",
            0.015418013812406242
          ]
        ],
        "count": 86
      }
    },
    "correlations": [
      [
        1.0,
        -0.665395781520626,
        -0.2991427532425881,
        -0.699851198118893,
        -0.7397063232757142,
        -0.35276015731551236,
        -0.688931981871022,
        -0.6737999444016196,
        -0.47668816136667386,
        -0.4548388906439039,
        -0.6085578058846273,
        -0.7454985102107783,
        -0.6978469711783272,
        -0.5081583651541158,
        -0.6983667210438242,
        -0.7562601554566832
      ],
      [
        -0.665395781520626,
        1.0,
        -0.6087639416659574,
        -0.6980742842991863,
        -0.7393617069280691,
        -0.6483677648650903,
        -0.7454448650211087,
        -0.735781588284613,
        -0.6476584971196835,
        -0.6745043251420402,
        -0.6576893922206302,
        -0.7314812697223736,
        -0.7360449706052139,
        -0.6719642955934269,
        -0.7301980250304404,
        -0.7601193737614049
      ],
      [
        -0.2991427532425881,
        -0.6087639416659574,
        1.0,
        -0.6668610355370276,
        -0.6817365698760076,
        -0.030636685225678917,
        -0.555964919585851,
        -0.6747013964558906,
        -0.4654514056121313,
        -0.4307928100814107,
        0.01065191519402251,
        -0.709155302664312,
        -0.6954709466592965,
        -0.3660901210682779,
        -0.6963792566784741,
        -0.7453557252048104
      ],
      [
        -0.699851198118893,
        -0.6980742842991863,
        -0.6668610355370276,
        1.0,
        -0.7302958935090231,
        -0.6822351313280364,
        -0.69423687446627,
        -0.7123471996728662,
        -0.6498355043718687,
        -0.6579390577624712,
        -0.5132581681441309,
        -0.723466978285609,
        -0.7082511769179202,
        -0.7026818871110587,
        -0.7240520546862312,
        -0.7588007318430756
      ],
      [
        -0.7397063232757142,
        -0.7393617069280691,
        -0.6817365698760076,
        -0.7302958935090231,
        1.0,
        -0.7095784509331566,
        -0.7361976989733356,
        -0.716039548509291,
        -0.7011130403664667,
        -0.7231430747656604,
        -0.6841850909261428,
        -0.7325808147534565,
        -0.7422220698417804,
        -0.7331641739380557,
        -0.7321285525747259,
        -0.59657359001816
      ],
      [
        -0.35276015731551236,
        -0.6483677648650903,
        -0.030636685225678917,
        -0.6822351313280364,
        -0.7095784509331566,
        1.0,
        -0.5761828926296242,
        -0.6824517540589105,
        -0.556891785360778,
        -0.20926604886354797,
        -0.31974300172141573,
        -0.7277535936546837,
        -0.6766799364770961,
        -0.48508182079898776,
        -0.6611708539300145,
        -0.7561069978436008
      ],
      [
        -0.688931981871022,
        -0.7454448650211087,
        -0.555964919585851,
        -0.69423687446627,
        -0.7361976989733356,
        -0.5761828926296242,
        1.0,
        -0.7278889423838065,
        -0.6515529015350461,
        -0.6364542361702801,
        -0.6046608324248455,
        -0.7485260578669131,
        -0.7066807532445998,
        -0.6414905870558851,
        -0.7166448708031157,
        -0.7563317349235372
      ],
      [
        -0.6737999444016196,
        -0.735781588284613,
        -0.6747013964558906,
        -0.7123471996728662,
        -0.716039548509291,
        -0.6824517540589105,
        -0.7278889423838065,
        1.0,
        -0.5643900691538579,
        -0.6863545422166202,
        -0.7085068645839825,
        -0.725454056964923,
        -0.7034149866212668,
        -0.5756569836245392,
        -0.4924619865485532,
        -0.7312130479136436
      ],
      [
        -0.47668816136667386,
        -0.6476584971196835,
        -0.4654514056121313,
        -0.6498355043718687,
        -0.7011130403664667,
        -0.556891785360778,
        -0.6515529015350461,
        -0.5643900691538579,
        1.0,
        -0.4271670322800125,
        -0.6112091376241782,
        -0.72579420646085,
        -0.5057475727218751,
        -0.6202449226130058,
        -0.5776741914559764,
        -0.7416464198160961
      ],
      [
        -0.4548388906439039,
        -0.6745043251420402,
        -0.4307928100814107,
        -0.6579390577624712,
        -0.7231430747656604,
        -0.20926604886354797,
        -0.6364542361702801,
        -0.6863545422166202,
        -0.4271670322800125,
        1.0,
        -0.6381236909569754,
        -0.7358914462618993,
        -0.3664070818752635,
        -0.6169565995878589,
        -0.679523870200173,
        -0.7294252126415264
      ],
      [
        -0.6085578058846273,
        -0.6576893922206302,
        0.01065191519402251,
        -0.5132581681441309,
        -0.6841850909261428,
        -0.31974300172141573,
        -0.6046608324248455,
        -0.7085068645839825,
        -0.6112091376241782,
        -0.6381236909569754,
        1.0,
        -0.7002854527243864,
        -0.7297823371130949,
        -0.5028524281591557,
        -0.7164606087151832,
        -0.7406635048993291
      ],
      [
        -0.7454985102107783,
        -0.7314812697223736,
        -0.709155302664312,
        -0.723466978285609,
        -0.7325808147534565,
        -0.7277535936546837,
        -0.7485260578669131,
        -0.725454056964923,
        -0.72579420646085,
        -0.7358914462618993,
        -0.7002854527243864,
        1.0,
        -0.7496489168465553,
        -0.6993496254440538,
        -0.7405705855897436,
        -0.7401428063733774
      ],
      [
        -0.6978469711783272,
        -0.7360449706052139,
        -0.6954709466592965,
        -0.7082511769179202,
        -0.7422220698417804,
        -0.6766799364770961,
        -0.7066807532445998,
        -0.7034149866212668,
        -0.5057475727218751,
        -0.3664070818752635,
        -0.7297823371130949,
        -0.7496489168465553,
        1.0,
        -0.7105443493351637,
        -0.6823675612821423,
        -0.7550812199356841
      ],
      [
        -0.5081583651541158,
        -0.6719642955934269,
        -0.3660901210682779,
        -0.7026818871110587,
        -0.7331641739380557,
        -0.48508182079898776,
        -0.6414905870558851,
        -0.5756569836245392,
        -0.6202449226130058,
        -0.6169565995878589,
        -0.5028524281591557,
        -0.6993496254440538,
        -0.7105443493351637,
        1.0,
        -0.6990769588208863,
        -0.7445733716982665
      ],
      [
        -0.6983667210438242,
        -0.7301980250304404,
        -0.6963792566784741,
        -0.7240520546862312,
        -0.7321285525747259,
        -0.6611708539300145,
        -0.7166448708031157,
        -0.4924619865485532,
        -0.5776741914559764,
        -0.679523870200173,
        -0.7164606087151832,
        -0.7405705855897436,
        -0.6823675612821423,
        -0.6990769588208863,
        1.0,
        -0.7523933125009359
      ],
      [
        -0.7562601554566832,
        -0.7601193737614049,
        -0.7453557252048104,
        -0.7588007318430756,
        -0.59657359001816,
        -0.7561069978436008,
        -0.7563317349235372,
        -0.7312130479136436,
        -0.7416464198160961,
        -0.7294252126415264,
        -0.7406635048993291,
        -0.7401428063733774,
        -0.7550812199356841,
        -0.7445733716982665,
        -0.7523933125009359,
        1.0
      ]
    ],
    "series": {
      "2020-01": [
        6,
        3,
        15,
        1,
        7,
        3,
        3,
        4,
        6,
        4,
        1,
        4,
        2,
        2,
        0,
        0
      ],
      "2020-02": [
        7,
        2,
        21,
        7,
        9,
        2,
        8,
        4,
        5,
        2,
        3,
        3,
        1,
        1,
        2,
        0
      ],
      "2020-03": [
        11,
        3,
        24,
        7,
        7,
        2,
        7,
        4,
        4,
        3,
        4,
        4,
        1,
        4,
        3,
        0
      ],
      "2020-04": [
        12,
        4,
        19,
        1,
        5,
        5,
        2,
        11,
        2,
        3,
        1,
        2,
        1,
        0,
        6,
        0
      ],
      "2020-05": [
        9,
        5,
        11,
        1,
        6,
        0,
        11,
        5,
        1,
        7,
        0,
        0,
        1,
        4,
        3,
        0
      ],
      "2020-06": [
        14,
        3,
        38,
        3,
        2,
        3,
        5,
        12,
        5,
        4,
        0,
        3,
        1,
        2,
        3,
        0
      ],
      "2020-07": [
        9,
        2,
        17,
        2,
        4,
        6,
        5,
        6,
        2,
        2,
        2,
        5,
        3,
        4,
        2,
        0
      ],
      "2020-08": [
        6,
        2,
        14,
        5,
        3,
        1,
        8,
        8,
        5,
        5,
        2,
        2,
        1,
        2,
        2,
        2
      ],
      "2020-09": [
        6,
        6,
        20,
        5,
        6,
        2,
        4,
        11,
        3,
        6,
        0,
        8,
        3,
        6,
        2,
        1
      ],
      "2020-10": [
        15,
        2,
        27,
        2,
        7,
        6,
        4,
        4,
        9,
        5,
        0,
        3,
        1,
        4,
        0,
        1
      ],
      "2020-11": [
        10,
        7,
        19,
        2,
        4,
        4,
        4,
        9,
        3,
        5,
        0,
        1,
        0,
        2,
        1,
        0
      ],
      "2020-12": [
        8,
        7,
        22,
        3,
        5,
        4,
        5,
        9,
        4,
        5,
        1,
        2,
        2,
        2,
        1,
        0
      ],
      "2021-01": [
        11,
        4,
        9,
        4,
        3,
        6,
        5,
        7,
        2,
        2,
        3,
        2,
        3,
        1,
        1,
        0
      ],
      "2021-02": [
        8,
        4,
        26,
        2,
        5,
        6,
        11,
        9,
        6,
        6,
        4,
        1,
        1,
        4,
        1,
        0
      ],
      "2021-03": [
        9,
        4,
        30,
        3,
        6,
        6,
        7,
        9,
        7,
        3,
        2,
        6,
        2,
        4,
        2,
        0
      ],
      "2021-04": [
        12,
        6,
        17,
        4,
        2,
        2,
        3,
        5,
        5,
        3,
        2,
        1,
        3,
        1,
        0,
        2
      ],
      "2021-05": [
        6,
        4,
        27,
        6,
        6,
        4,
        6,
        9,
        6,
        3,
        4,
        1,
        4,
        1,
        1,
        1
      ],
      "2021-06": [
        4,
        5,
        28,
        3,
        2,
        7,
        14,
        10,
        7,
        10,
        0,
        2,
        2,
        3,
        2,
        1
      ],
      "2021-07": [
        5,
        1,
        21,
        2,
        4,
        3,
        5,
        6,
        3,
        0,
        1,
        3,
        3,
        2,
        5,
        0
      ],
      "2021-08": [
        9,
        3,
        14,
        0,
        2,
        2,
        3,
        4,
        3,
        5,
        1,
        5,
        2,
        4,
        2,
        0
      ],
      "2021-09": [
        5,
        6,
        28,
        3,
        10,
        1,
        4,
        6,
        5,
        4,
        0,
        1,
        1,
        2,
        2,
        1
      ],
      "2021-10": [
        9,
        3,
        36,
        2,
        5,
        4,
        10,
        7,
        4,
        4,
        0,
        4,
        0,
        5,
        0,
        0
      ],
      "2021-11": [
        6,
        3,
        22,
        3,
        2,
        1,
        10,
        3,
        5,
        3,
        0,
        3,
        3,
        0,
        1,
        0
      ],
      "2021-12": [
        5,
        3,
        28,
        3,
        10,
        7,
        3,
        4,
        3,
        5,
        0,
        1,
        0,
        3,
        2,
        1
      ],
      "2022-01": [
        8,
        2,
        26,
        3,
        3,
        4,
        9,
        2,
        7,
        3,
        2,
        2,
        4,
        2,
        2,
        1
      ],
      "2022-02": [
        14,
        7,
        22,
        8,
        5,
        2,
        4,
        6,
        4,
        3,
        1,
        3,
        2,
        4,
        3,
        0
      ],
      "2022-03": [
        14,
        4,
        37,
        4,
        2,
        4,
        4,
        6,
        5,
        7,
        1,
        3,
        1,
        1,
        4,
        0
      ],
      "2022-04": [
        8,
        2,
        18,
        2,
        7,
        3,
        4,
        5,
        5,
        3,
        1,
        0,
        2,
        2,
        3,
        0
      ],
      "2022-05": [
        9,
        5,
        23,
        5,
        3,
        3,
        4,
        10,
        8,
        4,
        2,
        4,
        3,
        3,
        1,
        2
      ],
      "2022-06": [
        12,
        6,
        23,
        4,
        6,
        4,
        13,
        10,
        7,
        0,
        1,
        2,
        4,
        3,
        6,
        0
      ],
      "2022-07": [
        8,
        3,
        19,
        5,
        10,
        3,
        7,
        4,
        9,
        5,
        0,
        1,
        4,
        2,
        0,
        1
      ],
      "2022-08": [
        5,
        4,
        25,
        2,
        3,
        6,
        3,
        3,
        6,
        7,
        0,
        4,
        0,
        4,
        2,
        1
      ],
      "2022-09": [
        8,
        6,
        39,
        2,
        1,
        2,
        6,
        3,
        6,
        1,
        1,
        5,
        2,
        2,
        0,
        0
      ],
      "2022-10": [
        8,
        7,
        34,
        3,
        9,
        5,
        6,
        7,
        10,
        2,
        1,
        5,
        3,
        5,
        3,
        1
      ],
      "2022-11": [
        11,
        3,
        33,
        3,
        5,
        3,
        6,
        3,
        6,
        2,
        3,
        5,
        2,
        1,
        5,
        0
      ],
      "2022-12": [
        10,
        2,
        27,
        1,
        2,
        6,
        7,
        6,
        3,
        4,
        1,
        3,
        1,
        1,
        4,
        0
      ],
      "2023-01": [
        9,
        4,
        24,
        6,
        3,
        4,
        11,
        2,
        4,
        9,
        3,
        2,
        1,
        0,
        0,
        0
      ],
      "2023-02": [
        11,
        2,
        43,
        2,
        6,
        4,
        8,
        7,
        5,
        5,
        1,
        3,
        1,
        3,
        1,
        1
      ],
      "2023-03": [
        18,
        10,
        34,
        5,
        7,
        3,
        5,
        5,
        7,
        10,
        0,
        2,
        2,
        5,
        1,
        0
      ],
      "2023-04": [
        17,
        5,
        23,
        2,
        4,
        6,
        4,
        6,
        2,
        6,
        0,
        1,
        0,
        0,
        2,
        0
      ],
      "2023-05": [
        20,
        6,
        43,
        6,
        8,
        8,
        8,
        5,
        2,
        8,
        2,
        6,
        4,
        1,
        6,
        0
      ],
      "2023-06": [
        8,
        5,
        37,
        2,
        6,
        2,
        8,
        4,
        3,
        3,
        1,
        2,
        0,
        5,
        4,
        0
      ],
      "2023-07": [
        13,
        6,
        27,
        2,
        5,
        5,
        6,
        7,
        12,
        3,
        1,
        3,
        5,
        3,
        4,
        0
      ],
      "2023-08": [
        14,
        4,
        24,
        3,
        5,
        5,
        4,
        6,
        5,
        3,
        1,
        9,
        1,
        1,
        1,
        0
      ],
      "2023-09": [
        13,
        5,
        24,
        4,
        3,
        0,
        4,
        3,
        5,
        2,
        1,
        4,
        1,
        1,
        4,
        0
      ],
      "2023-10": [
        26,
        9,
        30,
        7,
        7,
        4,
        9,
        10,
        15,
        3,
        1,
        1,
        3,
        1,
        2,
        1
      ],
      "2023-11": [
        13,
        3,
        32,
        1,
        7,
        4,
        6,
        5,
        5,
        4,
        3,
        4,
        0,
        2,
        2,
        0
      ],
      "2023-12": [
        18,
        5,
        42,
        4,
        6,
        3,
        4,
        6,
        5,
        4,
        2,
        3,
        3,
        2,
        3,
        0
      ],
      "2024-01": [
        17,
        4,
        33,
        4,
        3,
        3,
        6,
        13,
        8,
        2,
        1,
        8,
        4,
        4,
        0,
        2
      ],
      "2024-02": [
        29,
        5,
        30,
        5,
        5,
        1,
        13,
        9,
        8,
        6,
        1,
        2,
        2,
        2,
        5,
        0
      ],
      "2024-03": [
        35,
        8,
        35,
        4,
        10,
        4,
        9,
        4,
        7,
        5,
        0,
        4,
        1,
        2,
        4,
        2
      ],
      "2024-04": [
        25,
        2,
        32,
        3,
        9,
        5,
        2,
        7,
        6,
        0,
        5,
        5,
        1,
        1,
        3,
        0
      ],
      "2024-05": [
        27,
        5,
        30,
        0,
        8,
        4,
        11,
        8,
        8,
        3,
        0,
        4,
        4,
        5,
        0,
        0
      ],
      "2024-06": [
        34,
        0,
        33,
        0,
        7,
        2,
        8,
        6,
        5,
        7,
        2,
        3,
        1,
        3,
        3,
        0
      ],
      "2024-07": [
        23,
        2,
        22,
        5,
        4,
        5,
        6,
        3,
        3,
        2,
        1,
        2,
        3,
        1,
        2,
        0
      ],
      "2024-08": [
        19,
        4,
        27,
        3,
        5,
        6,
        8,
        7,
        4,
        0,
        0,
        5,
        2,
        1,
        4,
        0
      ],
      "2024-09": [
        32,
        7,
        29,
        3,
        13,
        6,
        2,
        5,
        5,
        4,
        1,
        2,
        1,
        3,
        2,
        0
      ],
      "2024-10": [
        54,
        10,
        41,
        4,
        5,
        2,
        10,
        6,
        3,
        4,
        1,
        4,
        4,
        3,
        3,
        0
      ],
      "2024-11": [
        36,
        7,
        30,
        0,
        6,
        2,
        4,
        4,
        4,
        5,
        1,
        8,
        1,
        4,
        4,
        1
      ],
      "2024-12": [
        32,
        8,
        33,
        1,
        6,
        5,
        8,
        2,
        7,
        2,
        1,
        1,
        1,
        3,
        3,
        0
      ],
      "2025-01": [
        45,
        5,
        43,
        3,
        5,
        2,
        9,
        5,
        4,
        1,
        3,
        1,
        2,
        3,
        1,
        0
      ],
      "2025-02": [
        69,
        4,
        57,
        4,
        11,
        0,
        10,
        8,
        5,
        7,
        0,
        3,
        4,
        5,
        4,
        0
      ],
      "2025-03": [
        75,
        7,
        44,
        3,
        11,
        4,
        10,
        7,
        9,
        3,
        0,
        6,
        0,
        3,
        0,
        1
      ],
      "2025-04": [
        52,
        4,
        33,
        3,
        6,
        4,
        4,
        7,
        9,
        3,
        0,
        3,
        1,
        1,
        6,
        0
      ],
      "2025-05": [
        115,
        5,
        60,
        3,
        12,
        2,
        10,
        5,
        7,
        3,
        0,
        8,
        1,
        5,
        3,
        0
      ],
      "2025-06": [
        73,
        7,
        37,
        1,
        9,
        2,
        7,
        9,
        7,
        1,
        1,
        6,
        3,
        3,
        4,
        1
      ],
      "2025-07": [
        97,
        4,
        37,
        2,
        6,
        5,
        6,
        13,
        5,
        5,
        6,
        5,
        0,
        5,
        4,
        0
      ],
      "2025-08": [
        112,
        5,
        39,
        2,
        3,
        6,
        10,
        11,
        8,
        7,
        1,
        8,
        2,
        4,
        3,
        0
      ],
      "2025-09": [
        42,
        4,
        18,
        2,
        3,
        2,
        5,
        3,
        2,
        4,
        1,
        1,
        2,
        4,
        3,
        0
      ]
    },
    "papers": {
      "0": [
        {
          "title": "Balancing Autonomy and Alignment: A Multi-Dimensional Taxonomy for Autonomous LLM-powered Multi-Agent Architectures",
          "year": "2023-10",
          "abstract": "Large language models (LLMs) have revolutionized the field of artificial\nintelligence, endowing it with sophisticated language understanding and\ngeneration capabilities. However, when faced with more complex and\ninterconnected tasks that demand a profound and iterative thought process, LLMs\nreveal their inherent limitations. Autonomous LLM-powered multi-agent systems\nrepresent a strategic response to these challenges. Such systems strive for\nautonomously tackling user-prompted goals by decomposing them into manageable\ntasks and orchestrating their execution and result synthesis through a\ncollective of specialized intelligent agents. Equipped with LLM-powered\nreasoning capabilities, these agents harness the cognitive synergy of\ncollaborating with their peers, enhanced by leveraging contextual resources\nsuch as tools and datasets. While these architectures hold promising potential\nin amplifying AI capabilities, striking the right balance between different\nlevels of autonomy and alignment remains the crucial challenge for their\neffective operation. This paper proposes a comprehensive multi-dimensional\ntaxonomy, engineered to analyze how autonomous LLM-powered multi-agent systems\nbalance the dynamic interplay between autonomy and alignment across various\naspects inherent to architectural viewpoints such as goal-driven task\nmanagement, agent composition, multi-agent collaboration, and context\ninteraction. It also includes a domain-ontology model specifying fundamental\narchitectural concepts. Our taxonomy aims to empower researchers, engineers,\nand AI practitioners to systematically analyze the architectural dynamics and\nbalancing strategies employed by these increasingly prevalent AI systems. The\nexploratory taxonomic classification of selected representative LLM-powered\nmulti-agent systems illustrates its practical utility and reveals potential for\nfuture research and development.",
          "arxiv_id": "2310.03659v1"
        },
        {
          "title": "Large Language Model based Multi-Agents: A Survey of Progress and Challenges",
          "year": "2024-01",
