{
  "topics": {
    "data": {
      "0": {
        "name": "0_optimization_algorithm_algorithms_problems",
        "keywords": [
          [
            "optimization",
            0.02565856888289151
          ],
          [
            "algorithm",
            0.02343232317849298
          ],
          [
            "algorithms",
            0.021016144411442034
          ],
          [
            "problems",
            0.01954302153187751
          ],
          [
            "problem",
            0.01781264579995071
          ],
          [
            "objective",
            0.017105132551652916
          ],
          [
            "evolutionary",
            0.012357249193448905
          ],
          [
            "solutions",
            0.012238984687454735
          ],
          [
            "Optimization",
            0.011983624725664532
          ],
          [
            "search",
            0.011536093456199919
          ]
        ],
        "count": 1665
      },
      "1": {
        "name": "1_learning_agents_agent_reinforcement",
        "keywords": [
          [
            "learning",
            0.02062583367068256
          ],
          [
            "agents",
            0.017072148925966604
          ],
          [
            "agent",
            0.01460330605759549
          ],
          [
            "reinforcement",
            0.013067576612453627
          ],
          [
            "reinforcement learning",
            0.012915072197014793
          ],
          [
            "RL",
            0.012898307624404283
          ],
          [
            "policy",
            0.01238102078791219
          ],
          [
            "environments",
            0.01127820853445811
          ],
          [
            "control",
            0.010938776164198477
          ],
          [
            "algorithms",
            0.010615818834482774
          ]
        ],
        "count": 779
      },
      "2": {
        "name": "2_SNNs_Spiking_spiking_SNN",
        "keywords": [
          [
            "SNNs",
            0.0358942372662363
          ],
          [
            "Spiking",
            0.02445982679750723
          ],
          [
            "spiking",
            0.02391702343271318
          ],
          [
            "SNN",
            0.022989397647845827
          ],
          [
            "spike",
            0.019546503211646308
          ],
          [
            "neural",
            0.016803323045844757
          ],
          [
            "Neural",
            0.016449720798222957
          ],
          [
            "temporal",
            0.016446928488827856
          ],
          [
            "networks",
            0.01638563127916211
          ],
          [
            "training",
            0.015470012401138858
          ]
        ],
        "count": 508
      },
      "3": {
        "name": "3_activation_functions_networks_neural",
        "keywords": [
          [
            "activation",
            0.035492949780227434
          ],
          [
            "functions",
            0.03123359623542233
          ],
          [
            "networks",
            0.02921893794507995
          ],
          [
            "neural",
            0.02551420006751617
          ],
          [
            "function",
            0.023643154722296063
          ],
          [
            "activation functions",
            0.02251378493095643
          ],
          [
            "ReLU",
            0.02139884667936517
          ],
          [
            "neural networks",
            0.02085792919250551
          ],
          [
            "network",
            0.018272939087177708
          ],
          [
            "deep",
            0.014594930875081017
          ]
        ],
        "count": 369
      },
      "4": {
        "name": "4_neuromorphic_hardware_energy_computing",
        "keywords": [
          [
            "neuromorphic",
            0.03178683648625783
          ],
          [
            "hardware",
            0.02726720463559645
          ],
          [
            "energy",
            0.01954658158582407
          ],
          [
            "computing",
            0.018149740855717206
          ],
          [
            "neural",
            0.014880959730899545
          ],
          [
            "SNN",
            0.014738847504372894
          ],
          [
            "Neuromorphic",
            0.014304475202171884
          ],
          [
            "devices",
            0.013529889675506735
          ],
          [
            "neuron",
            0.012168287907591958
          ],
          [
            "SNNs",
            0.01201933587653922
          ]
        ],
        "count": 355
      },
      "5": {
        "name": "5_LLMs_LLM_evolutionary_symbolic",
        "keywords": [
          [
            "LLMs",
            0.019980202964015297
          ],
          [
            "LLM",
            0.019967618344584975
          ],
          [
            "evolutionary",
            0.01443704051346393
          ],
          [
            "symbolic",
            0.014410687758676198
          ],
          [
            "regression",
            0.013161666776839562
          ],
          [
            "search",
            0.013019775087297363
          ],
          [
            "programming",
            0.012471817080508854
          ],
          [
            "symbolic regression",
            0.012241889872650112
          ],
          [
            "genetic",
            0.012082900618865564
          ],
          [
            "models",
            0.011963231739216736
          ]
        ],
        "count": 348
      },
      "6": {
        "name": "6_NAS_search_architecture_architectures",
        "keywords": [
          [
            "NAS",
            0.033897606932566354
          ],
          [
            "search",
            0.028064500238961954
          ],
          [
            "architecture",
            0.021350036489714227
          ],
          [
            "architectures",
            0.018127447550348497
          ],
          [
            "Neural",
            0.016992581569876625
          ],
          [
            "Architecture",
            0.016983641239773094
          ],
          [
            "neural",
            0.016965661036811325
          ],
          [
            "network",
            0.01517531675675287
          ],
          [
            "Search",
            0.015030999160890098
          ],
          [
            "performance",
            0.01362273994233996
          ]
        ],
        "count": 325
      },
      "7": {
        "name": "7_adversarial_attacks_data_models",
        "keywords": [
          [
            "adversarial",
            0.029874899765044996
          ],
          [
            "attacks",
            0.018404264520044684
          ],
          [
            "data",
            0.017902448616408783
          ],
          [
            "models",
            0.017243503408908276
          ],
          [
            "image",
            0.016176673395988283
          ],
          [
            "training",
            0.014541249697993208
          ],
          [
            "model",
            0.014044952828412638
          ],
          [
            "generative",
            0.013476774921811522
          ],
          [
            "attack",
            0.013161110289153743
          ],
          [
            "images",
            0.012497853882672173
          ]
        ],
        "count": 301
      },
      "8": {
        "name": "8_learning_networks_neural_memory",
        "keywords": [
          [
            "learning",
            0.027101778661167024
          ],
          [
            "networks",
            0.021800847169908696
          ],
          [
            "neural",
            0.020016530404575423
          ],
          [
            "memory",
            0.018523868696711278
          ],
          [
            "network",
            0.017214618821933834
          ],
          [
            "recurrent",
            0.015600878518148542
          ],
          [
            "brain",
            0.013749866929470831
          ],
          [
            "biological",
            0.012724794797038847
          ],
          [
            "neural networks",
            0.012459596974315895
          ],
          [
            "model",
            0.01150988598948555
          ]
        ],
        "count": 294
      },
      "9": {
        "name": "9_language_models_speech_model",
        "keywords": [
          [
            "language",
            0.019609993360938285
          ],
          [
            "models",
            0.019296287295454854
          ],
          [
            "speech",
            0.016047379244679468
          ],
          [
            "model",
            0.015697115514290396
          ],
          [
            "attention",
            0.015124035893337757
          ],
          [
            "tasks",
            0.012134194498191236
          ],
          [
            "learning",
            0.012057917487492588
          ],
          [
            "training",
            0.011592615688887052
          ],
          [
            "neural",
            0.011356451661721228
          ],
          [
            "Transformer",
            0.011325307004874116
          ]
        ],
        "count": 275
      },
      "10": {
        "name": "10_pruning_network_networks_training",
        "keywords": [
          [
            "pruning",
            0.030486310498068225
          ],
          [
            "network",
            0.016979812772995505
          ],
          [
            "networks",
            0.016348222105631582
          ],
          [
            "training",
            0.01629343560367507
          ],
          [
            "neural",
            0.0159800666647301
          ],
          [
            "accuracy",
            0.0142921370265013
          ],
          [
            "inference",
            0.014034841976950232
          ],
          [
            "memory",
            0.013637503711415384
          ],
          [
            "Neural",
            0.01360864441081193
          ],
          [
            "performance",
            0.013353586997646681
          ]
        ],
        "count": 227
      },
      "11": {
        "name": "11_neural_equations_PDE_differential",
        "keywords": [
          [
            "neural",
            0.02168791144033165
          ],
          [
            "equations",
            0.021014094354505252
          ],
          [
            "PDE",
            0.017028117224974024
          ],
          [
            "differential",
            0.01647419508907751
          ],
          [
            "network",
            0.015882701064694055
          ],
          [
            "PINNs",
            0.015209115689677909
          ],
          [
            "differential equations",
            0.014632823018891787
          ],
          [
            "model",
            0.014508381524573205
          ],
          [
            "equation",
            0.014310423703097586
          ],
          [
            "neural network",
            0.014105189912980804
          ]
        ],
        "count": 165
      },
      "12": {
        "name": "12_forecasting_series_data_time series",
        "keywords": [
          [
            "forecasting",
            0.02676680730664668
          ],
          [
            "series",
            0.02548807534726192
          ],
          [
            "data",
            0.02366277241941755
          ],
          [
            "time series",
            0.022454509647923854
          ],
          [
            "model",
            0.02017488282662074
          ],
          [
            "time",
            0.020003776184846205
          ],
          [
            "stock",
            0.01909009551110112
          ],
          [
            "models",
            0.015893380957773547
          ],
          [
            "prediction",
            0.01556499624657005
          ],
          [
            "anomaly",
            0.015320191154109349
          ]
        ],
        "count": 142
      },
      "13": {
        "name": "13_images_medical_segmentation_image",
        "keywords": [
          [
            "images",
            0.018284195064273787
          ],
          [
            "medical",
            0.015964886133625147
          ],
          [
            "segmentation",
            0.015482284480806397
          ],
          [
            "image",
            0.014961101819127657
          ],
          [
            "data",
            0.014744433937247468
          ],
          [
            "learning",
            0.01455978538580509
          ],
          [
            "deep",
            0.01430679439071816
          ],
          [
            "disease",
            0.014245048677508487
          ],
          [
            "models",
            0.014147150858602206
          ],
          [
            "accuracy",
            0.013430144762112012
          ]
        ],
        "count": 140
      },
      "14": {
        "name": "14_graph_Graph_graphs_node",
        "keywords": [
          [
            "graph",
            0.08478966139271112
          ],
          [
            "Graph",
            0.03573995739305586
          ],
          [
            "graphs",
            0.025686080380013465
          ],
          [
            "node",
            0.0232978086730611
          ],
          [
            "GNNs",
            0.021814458037529218
          ],
          [
            "networks",
            0.019782341164699943
          ],
          [
            "learning",
            0.0193181530395599
          ],
          [
            "neural",
            0.018021690605595463
          ],
          [
            "graph neural",
            0.017103099296243162
          ],
          [
            "GNN",
            0.016202894458603543
          ]
        ],
        "count": 121
      },
      "15": {
        "name": "15_reservoir_RC_Reservoir_chaotic",
        "keywords": [
          [
            "reservoir",
            0.07356949260441821
          ],
          [
            "RC",
            0.0436180933261266
          ],
          [
            "Reservoir",
            0.032006722897527165
          ],
          [
            "chaotic",
            0.029288461841690563
          ],
          [
            "reservoir computing",
            0.023721836337345443
          ],
          [
            "time",
            0.02268351407984086
          ],
          [
            "systems",
            0.022474570458136382
          ],
          [
            "computing",
            0.021326210193457693
          ],
          [
            "dynamical",
            0.02094595012789808
          ],
          [
            "dynamics",
            0.020558202867427437
          ]
        ],
        "count": 117
      }
    },
    "correlations": [
      [
        1.0,
        -0.6863751518972709,
        -0.7428455053872938,
        -0.6778387014870613,
        -0.7268472973883114,
        -0.7181216746707663,
        -0.660824337581551,
        -0.7073657059201689,
        -0.7028804486910303,
        -0.6835727387312962,
        -0.7270511180756787,
        -0.7232483009313009,
        -0.666937632948565,
        -0.7276937735584934,
        -0.7240410506716388,
        -0.75091239460265
      ],
      [
        -0.6863751518972709,
        1.0,
        -0.7201524746327351,
        -0.705937983251518,
        -0.7242285142793827,
        -0.7468661781502359,
        -0.71438954918125,
        -0.7306599061605548,
        -0.5632822586436356,
        -0.7086947365238239,
        -0.7183243153130627,
        -0.7282999603382143,
        -0.7201542450891435,
        -0.7411898587308637,
        -0.7386126632333823,
        -0.7524581953701728
      ],
      [
        -0.7428455053872938,
        -0.7201524746327351,
        1.0,
        -0.4856029449703839,
        -0.05005739161596465,
        -0.7571476309925571,
        -0.652612046309079,
        -0.7043074934248796,
        -0.47368007196907874,
        -0.70994419057189,
        -0.513283635002902,
        -0.6202425513861312,
        -0.693490603822392,
        -0.7267817346325134,
        -0.6158789926632964,
        -0.7388606607853352
      ],
      [
        -0.6778387014870613,
        -0.705937983251518,
        -0.4856029449703839,
        1.0,
        -0.5111995512299926,
        -0.7360914495900115,
        -0.5636996142772834,
        -0.6686708519870679,
        -0.169447420896708,
        -0.663193957492134,
        -0.2728652068845851,
        -0.4025190360795123,
        -0.6754613043237987,
        -0.6861060799505463,
        -0.6113003250779783,
        -0.7176984704520181
      ],
      [
        -0.7268472973883114,
        -0.7242285142793827,
        -0.05005739161596465,
        -0.5111995512299926,
        1.0,
        -0.7532177325183469,
        -0.6185758133194347,
        -0.7039289801743625,
        -0.4940023699019312,
        -0.7027591105026332,
        -0.5380896147181821,
        -0.5636210374005854,
        -0.6899583697897977,
        -0.7202654619957842,
        -0.6322930831971907,
        -0.732244227450164
      ],
      [
        -0.7181216746707663,
        -0.7468661781502359,
        -0.7571476309925571,
        -0.7360914495900115,
        -0.7532177325183469,
        1.0,
        -0.7335570681703355,
        -0.7348798440077341,
        -0.7522407813224383,
        -0.6370962537979148,
        -0.7503915316336311,
        -0.7422187205079702,
        -0.7415287887331874,
        -0.7479230061356905,
        -0.750366623620394,
        -0.7578900888716787
      ],
      [
        -0.660824337581551,
        -0.71438954918125,
        -0.652612046309079,
        -0.5636996142772834,
        -0.6185758133194347,
        -0.7335570681703355,
        1.0,
        -0.7033855311342396,
        -0.5648275750149231,
        -0.7128546854870413,
        -0.5508518447982027,
        -0.5592947207677448,
        -0.69634458058831,
        -0.7040148450970082,
        -0.6601717005825571,
        -0.7473237620166877
      ],
      [
        -0.7073657059201689,
        -0.7306599061605548,
        -0.7043074934248796,
        -0.6686708519870679,
        -0.7039289801743625,
        -0.7348798440077341,
        -0.7033855311342396,
        1.0,
        -0.6703541890398534,
        -0.4635364180569426,
        -0.6795985839446994,
        -0.7027288033441945,
        -0.4953794375281403,
        -0.6723232335895118,
        -0.7314738134961956,
        -0.746862504435526
      ],
      [
        -0.7028804486910303,
        -0.5632822586436356,
        -0.47368007196907874,
        -0.169447420896708,
        -0.4940023699019312,
        -0.7522407813224383,
        -0.5648275750149231,
        -0.6703541890398534,
        1.0,
        -0.6608018760320935,
        -0.3368751109852006,
        -0.43653834495102817,
        -0.6551153570919545,
        -0.6843898823300923,
        -0.6027833424736321,
        -0.6848798620614429
      ],
      [
        -0.6835727387312962,
        -0.7086947365238239,
        -0.70994419057189,
        -0.663193957492134,
        -0.7027591105026332,
        -0.6370962537979148,
        -0.7128546854870413,
        -0.4635364180569426,
        -0.6608018760320935,
        1.0,
        -0.6949304360394232,
        -0.7096831413480895,
        -0.6479995541506338,
        -0.7079444087570714,
        -0.7281762627874163,
        -0.745894980982424
      ],
      [
        -0.7270511180756787,
        -0.7183243153130627,
        -0.513283635002902,
        -0.2728652068845851,
        -0.5380896147181821,
        -0.7503915316336311,
        -0.5508518447982027,
        -0.6795985839446994,
        -0.3368751109852006,
        -0.6949304360394232,
        1.0,
        -0.35957984643183366,
        -0.6957714285963422,
        -0.7138310162489867,
        -0.6166235744124587,
        -0.7367283596174072
      ],
      [
        -0.7232483009313009,
        -0.7282999603382143,
        -0.6202425513861312,
        -0.4025190360795123,
        -0.5636210374005854,
        -0.7422187205079702,
        -0.5592947207677448,
        -0.7027288033441945,
        -0.43653834495102817,
        -0.7096831413480895,
        -0.35957984643183366,
        1.0,
        -0.6928508810117948,
        -0.698276536570121,
        -0.6262278023566447,
        -0.7060983033369652
      ],
      [
        -0.666937632948565,
        -0.7201542450891435,
        -0.693490603822392,
        -0.6754613043237987,
        -0.6899583697897977,
        -0.7415287887331874,
        -0.69634458058831,
        -0.4953794375281403,
        -0.6551153570919545,
        -0.6479995541506338,
        -0.6957714285963422,
        -0.6928508810117948,
        1.0,
        -0.6909324850253907,
        -0.7206258461850131,
        -0.603407568947808
      ],
      [
        -0.7276937735584934,
        -0.7411898587308637,
        -0.7267817346325134,
        -0.6861060799505463,
        -0.7202654619957842,
        -0.7479230061356905,
        -0.7040148450970082,
        -0.6723232335895118,
        -0.6843898823300923,
        -0.7079444087570714,
        -0.7138310162489867,
        -0.698276536570121,
        -0.6909324850253907,
        1.0,
        -0.7406848878111659,
        -0.7560815552465304
      ],
      [
        -0.7240410506716388,
        -0.7386126632333823,
        -0.6158789926632964,
        -0.6113003250779783,
        -0.6322930831971907,
        -0.750366623620394,
        -0.6601717005825571,
        -0.7314738134961956,
        -0.6027833424736321,
        -0.7281762627874163,
        -0.6166235744124587,
        -0.6262278023566447,
        -0.7206258461850131,
        -0.7406848878111659,
        1.0,
        -0.7490776454048844
      ],
      [
        -0.75091239460265,
        -0.7524581953701728,
        -0.7388606607853352,
        -0.7176984704520181,
        -0.732244227450164,
        -0.7578900888716787,
        -0.7473237620166877,
        -0.746862504435526,
        -0.6848798620614429,
        -0.745894980982424,
        -0.7367283596174072,
        -0.7060983033369652,
        -0.603407568947808,
        -0.7560815552465304,
        -0.7490776454048844,
        1.0
      ]
    ],
    "series": {
      "2020-01": [
        32,
        1,
        10,
        22,
        1,
        2,
        4,
        1,
        7,
        4,
        4,
        2,
        10,
        2,
        8,
        3
      ],
      "2020-02": [
        53,
        3,
        7,
        27,
        3,
        0,
        6,
        4,
        8,
        8,
        3,
        1,
        13,
        2,
        9,
        3
      ],
      "2020-03": [
        49,
        9,
        14,
        28,
        8,
        0,
        8,
        5,
        4,
        6,
        2,
        2,
        13,
        3,
        3,
        2
      ],
      "2020-04": [
        70,
        8,
        6,
        25,
        4,
        2,
        16,
        5,
        9,
        8,
        3,
        3,
        17,
        2,
        2,
        6
      ],
      "2020-05": [
        46,
        6,
        9,
        20,
        6,
        2,
        14,
        2,
        13,
        1,
        2,
        1,
        12,
        5,
        6,
        3
      ],
      "2020-06": [
        56,
        7,
        12,
        44,
        7,
        1,
        9,
        7,
        26,
        7,
        5,
        0,
        20,
        2,
        8,
        6
      ],
      "2020-07": [
        51,
        5,
        13,
        21,
        4,
        1,
        12,
        5,
        6,
        4,
        5,
        1,
        12,
        2,
        5,
        1
      ],
      "2020-08": [
        28,
        3,
        5,
        14,
        7,
        0,
        9,
        3,
        5,
        1,
        3,
        3,
        13,
        3,
        4,
        5
      ],
      "2020-09": [
        30,
        3,
        11,
        15,
        5,
        1,
        8,
        3,
        5,
        5,
        3,
        3,
        7,
        2,
        6,
        4
      ],
      "2020-10": [
        59,
        3,
        16,
        29,
        3,
        1,
        7,
        3,
        10,
        8,
        4,
        0,
        14,
        1,
        6,
        6
      ],
      "2020-11": [
        31,
        5,
        9,
        25,
        4,
        0,
        11,
        2,
        8,
        8,
        3,
        4,
        9,
        3,
        4,
        1
      ],
      "2020-12": [
        38,
        1,
        3,
        19,
        2,
        2,
        11,
        6,
        8,
        4,
        1,
        3,
        9,
        3,
        3,
        5
      ],
      "2021-01": [
        30,
        4,
        2,
        19,
        1,
        0,
        6,
        8,
        7,
        4,
        2,
        2,
        10,
        2,
        2,
        3
      ],
      "2021-02": [
        53,
        4,
        10,
        16,
        4,
        3,
        5,
        3,
        10,
        5,
        3,
        1,
        15,
        3,
        6,
        3
      ],
      "2021-03": [
        31,
        7,
        8,
        21,
        4,
        2,
        9,
        3,
        9,
        6,
        3,
        2,
        7,
        6,
        5,
        3
      ],
      "2021-04": [
        60,
        3,
        9,
        10,
        4,
        0,
        7,
        2,
        5,
        5,
        0,
        3,
        9,
        1,
        6,
        3
      ],
      "2021-05": [
        28,
        8,
        12,
        23,
        7,
        0,
        8,
        5,
        5,
        6,
        2,
        3,
        7,
        3,
        5,
        4
      ],
      "2021-06": [
        39,
        8,
        16,
        14,
        7,
        1,
        11,
        7,
        11,
        4,
        3,
        4,
        17,
        0,
        9,
        1
      ],
      "2021-07": [
        31,
        3,
        9,
        15,
        4,
        5,
        12,
        4,
        5,
        3,
        1,
        1,
        6,
        2,
        5,
        2
      ],
      "2021-08": [
        30,
        4,
        6,
        11,
        4,
        4,
        8,
        1,
        2,
        6,
        0,
        0,
        4,
        3,
        6,
        6
      ],
      "2021-09": [
        37,
        3,
        13,
        18,
        5,
        0,
        6,
        3,
        7,
        11,
        1,
        1,
        8,
        1,
        3,
        1
      ],
      "2021-10": [
        51,
        3,
        11,
        10,
        2,
        2,
        4,
        3,
        8,
        5,
        0,
        0,
        11,
        2,
        10,
        2
      ],
      "2021-11": [
        30,
        2,
        10,
        15,
        6,
        1,
        8,
        3,
        5,
        7,
        2,
        0,
        9,
        2,
        6,
        2
      ],
      "2021-12": [
        33,
        2,
        7,
        18,
        1,
        1,
        8,
        3,
        3,
        7,
        1,
        1,
        5,
        1,
        3,
        3
      ],
      "2022-01": [
        38,
        3,
        11,
        11,
        3,
        0,
        6,
        2,
        5,
        4,
        3,
        0,
        14,
        1,
        4,
        5
      ],
      "2022-02": [
        40,
        5,
        10,
        19,
        7,
        2,
        7,
        2,
        6,
        6,
        2,
        0,
        10,
        4,
        1,
        0
      ],
      "2022-03": [
        45,
        5,
        12,
        18,
        7,
        0,
        9,
        3,
        8,
        6,
        1,
        1,
        7,
        4,
        9,
        2
      ],
      "2022-04": [
        55,
        7,
        12,
        18,
        4,
        8,
        7,
        1,
        9,
        10,
        1,
        3,
        18,
        4,
        3,
        2
      ],
      "2022-05": [
        36,
        4,
        20,
        23,
        5,
        3,
        7,
        5,
        10,
        9,
        2,
        0,
        10,
        0,
        9,
        4
      ],
      "2022-06": [
        34,
        8,
        14,
        26,
        5,
        4,
        8,
        2,
        10,
        6,
        2,
        0,
        14,
        2,
        4,
        5
      ],
      "2022-07": [
        29,
        2,
        13,
        12,
        4,
        0,
        9,
        4,
        5,
        2,
        2,
        1,
        7,
        1,
        6,
        4
      ],
      "2022-08": [
        39,
        8,
        10,
        17,
        3,
        1,
        3,
        4,
        6,
        5,
        0,
        3,
        7,
        3,
        8,
        1
      ],
      "2022-09": [
        28,
        6,
        6,
        19,
        6,
        3,
        7,
        3,
        6,
        3,
        2,
        3,
        8,
        2,
        5,
        2
      ],
      "2022-10": [
        45,
        3,
        15,
        20,
        4,
        1,
        8,
        2,
        5,
        6,
        1,
        3,
        11,
        2,
        10,
        1
      ],
      "2022-11": [
        46,
        5,
        18,
        14,
        4,
        0,
        8,
        4,
        3,
        8,
        0,
        2,
        13,
        1,
        5,
        3
      ],
      "2022-12": [
        28,
        2,
        10,
        13,
        6,
        1,
        6,
        0,
        8,
        1,
        0,
        3,
        9,
        2,
        3,
        2
      ],
      "2023-01": [
        28,
        4,
        7,
        17,
        6,
        1,
        8,
        0,
        10,
        4,
        0,
        0,
        3,
        2,
        5,
        2
      ],
      "2023-02": [
        36,
        5,
        16,
        18,
        4,
        4,
        11,
        1,
        4,
        11,
        3,
        4,
        15,
        0,
        11,
        4
      ],
      "2023-03": [
        46,
        9,
        15,
        23,
        7,
        2,
        8,
        4,
        4,
        8,
        1,
        0,
        4,
        1,
        3,
        1
      ],
      "2023-04": [
        50,
        6,
        22,
        26,
        4,
        2,
        6,
        2,
        7,
        6,
        2,
        3,
        9,
        1,
        10,
        1
      ],
      "2023-05": [
        53,
        9,
        26,
        28,
        1,
        5,
        13,
        4,
        11,
        6,
        1,
        2,
        7,
        3,
        10,
        3
      ],
      "2023-06": [
        31,
        9,
        14,
        18,
        11,
        3,
        4,
        1,
        5,
        8,
        2,
        1,
        8,
        0,
        7,
        2
      ],
      "2023-07": [
        22,
        2,
        14,
        13,
        2,
        6,
        5,
        1,
        4,
        5,
        3,
        2,
        11,
        0,
        6,
        6
      ],
      "2023-08": [
        27,
        6,
        19,
        19,
        2,
        1,
        6,
        2,
        8,
        6,
        1,
        5,
        6,
        1,
        3,
        4
      ],
      "2023-09": [
        21,
        3,
        16,
        14,
        7,
        6,
        6,
        4,
        12,
        4,
        3,
        2,
        9,
        0,
        1,
        1
      ],
      "2023-10": [
        34,
        2,
        14,
        15,
        8,
        5,
        10,
        3,
        8,
        8,
        1,
        0,
        14,
        3,
        12,
        2
      ],
      "2023-11": [
        28,
        5,
        18,
        23,
        4,
        1,
        6,
        1,
        7,
        3,
        1,
        2,
        9,
        0,
        5,
        0
      ],
      "2023-12": [
        39,
        4,
        15,
        16,
        7,
        2,
        8,
        5,
        7,
        3,
        1,
        5,
        15,
        2,
        7,
        7
      ],
      "2024-01": [
        55,
        1,
        20,
        16,
        7,
        6,
        9,
        0,
        3,
        5,
        1,
        1,
        11,
        1,
        6,
        5
      ],
      "2024-02": [
        66,
        9,
        22,
        33,
        7,
        11,
        5,
        2,
        9,
        6,
        1,
        2,
        9,
        5,
        5,
        1
      ],
      "2024-03": [
        41,
        1,
        14,
        15,
        3,
        9,
        13,
        2,
        4,
        4,
        3,
        0,
        8,
        2,
        10,
        4
      ],
      "2024-04": [
        58,
        3,
        22,
        8,
        7,
        11,
        4,
        3,
        5,
        7,
        2,
        4,
        10,
        0,
        15,
        1
      ],
      "2024-05": [
        50,
        6,
        17,
        24,
        7,
        10,
        7,
        0,
        9,
        8,
        4,
        1,
        11,
        2,
        12,
        6
      ],
      "2024-06": [
        50,
        2,
        23,
        17,
        4,
        13,
        3,
        3,
        7,
        6,
        2,
        5,
        14,
        1,
        9,
        9
      ],
      "2024-07": [
        41,
        5,
        20,
        17,
        7,
        8,
        6,
        8,
        9,
        2,
        2,
        3,
        15,
        1,
        7,
        5
      ],
      "2024-08": [
        34,
        2,
        23,
        16,
        8,
        5,
        5,
        1,
        5,
        4,
        1,
        3,
        8,
        2,
        5,
        3
      ],
      "2024-09": [
        28,
        2,
        14,
        24,
        8,
        6,
        5,
        3,
        10,
        7,
        0,
        1,
        8,
        0,
        7,
        1
      ],
      "2024-10": [
        44,
        2,
        21,
        21,
        5,
        9,
        9,
        5,
        15,
        5,
        1,
        2,
        10,
        2,
        6,
        2
      ],
      "2024-11": [
        52,
        6,
        23,
        20,
        3,
        4,
        6,
        1,
        6,
        7,
        0,
        3,
        8,
        2,
        7,
        3
      ],
      "2024-12": [
        43,
        1,
        18,
        19,
        7,
        10,
        4,
        2,
        3,
        6,
        1,
        1,
        11,
        2,
        12,
        1
      ],
      "2025-01": [
        61,
        2,
        12,
        12,
        7,
        13,
        4,
        2,
        9,
        1,
        1,
        3,
        6,
        1,
        7,
        1
      ],
      "2025-02": [
        35,
        6,
        18,
        7,
        6,
        9,
        3,
        2,
        7,
        5,
        0,
        4,
        5,
        1,
        6,
        0
      ],
      "2025-03": [
        41,
        5,
        23,
        9,
        5,
        9,
        8,
        1,
        5,
        3,
        0,
        4,
        4,
        0,
        1,
        3
      ],
      "2025-04": [
        53,
        8,
        12,
        12,
        2,
        13,
        15,
        1,
        2,
        4,
        1,
        2,
        4,
        0,
        7,
        5
      ],
      "2025-05": [
        60,
        8,
        27,
        14,
        6,
        17,
        10,
        3,
        9,
        9,
        2,
        1,
        8,
        1,
        6,
        6
      ],
      "2025-06": [
        38,
        5,
        30,
        17,
        5,
        6,
        5,
        5,
        4,
        7,
        2,
        1,
        6,
        1,
        9,
        4
      ],
      "2025-07": [
        41,
        3,
        16,
        16,
        6,
        6,
        2,
        3,
        8,
        6,
        0,
        3,
        9,
        1,
        4,
        4
      ],
      "2025-08": [
        34,
        5,
        18,
        10,
        6,
        8,
        6,
        2,
        4,
        6,
        1,
        5,
        8,
        0,
        5,
        5
      ],
      "2025-09": [
        18,
        0,
        7,
        3,
        1,
        3,
        1,
        1,
        2,
        0,
        1,
        1,
        1,
        1,
        0,
        0
      ]
    },
    "papers": {
      "0": [
        {
          "title": "Enhanced Opposition Differential Evolution Algorithm for Multimodal Optimization",
          "year": "2022-08",
          "abstract": "Most of the real-world problems are multimodal in nature that consists of\nmultiple optimum values. Multimodal optimization is defined as the process of\nfinding multiple global and local optima (as opposed to a single solution) of a\nfunction. It enables a user to switch between different solutions as per the\nneed while still maintaining the optimal system performance. Classical\ngradient-based methods fail for optimization problems in which the objective\nfunctions are either discontinuous or non-differentiable. Evolutionary\nAlgorithms (EAs) are able to find multiple solutions within a population in a\nsingle algorithmic run as compared to classical optimization techniques that\nneed multiple restarts and multiple runs to find different solutions. Hence,\nseveral EAs have been proposed to solve such kinds of problems. However,\nDifferential Evolution (DE) algorithm is a population-based heuristic method\nthat can solve such optimization problems, and it is simple to implement. The\npotential challenge in Multi-Modal Optimization Problems (MMOPs) is to search\nthe function space efficiently to locate most of the peaks accurately. The\noptimization problem could be to minimize or maximize a given objective\nfunction and we aim to solve the maximization problems on multimodal functions\nin this study. Hence, we have proposed an algorithm known as Enhanced\nOpposition Differential Evolution (EODE) algorithm to solve the MMOPs. The\nproposed algorithm has been tested on IEEE Congress on Evolutionary Computation\n(CEC) 2013 benchmark functions, and it achieves competitive results compared to\nthe existing state-of-the-art approaches.",
          "arxiv_id": "2208.11066v1"
        },
        {
          "title": "An Effective and Efficient Evolutionary Algorithm for Many-Objective Optimization",
          "year": "2022-05",
