{
  "topics": {
    "data": {
      "0": {
        "name": "0_learning_tasks_task_policy",
        "keywords": [
          [
            "learning",
            0.016969852866572575
          ],
          [
            "tasks",
            0.015942255256114434
          ],
          [
            "task",
            0.013185941488381831
          ],
          [
            "policy",
            0.011557266841848879
          ],
          [
            "manipulation",
            0.011197581814590766
          ],
          [
            "real",
            0.010715908445064091
          ],
          [
            "robot",
            0.010661984862549056
          ],
          [
            "world",
            0.010234003602581745
          ],
          [
            "language",
            0.010092252620126582
          ],
          [
            "data",
            0.009632512859403664
          ]
        ],
        "count": 5407
      },
      "1": {
        "name": "1_driving_autonomous_vehicle_traffic",
        "keywords": [
          [
            "driving",
            0.030371734526623357
          ],
          [
            "autonomous",
            0.01881375499013012
          ],
          [
            "vehicle",
            0.01763040978792128
          ],
          [
            "traffic",
            0.015576097644402412
          ],
          [
            "vehicles",
            0.015233695069540816
          ],
          [
            "safety",
            0.013231536729475232
          ],
          [
            "autonomous driving",
            0.01253088565044595
          ],
          [
            "scenarios",
            0.012447888366611865
          ],
          [
            "prediction",
            0.011593198516446076
          ],
          [
            "Autonomous",
            0.011487259986408975
          ]
        ],
        "count": 3430
      },
      "2": {
        "name": "2_SLAM_localization_LiDAR_map",
        "keywords": [
          [
            "SLAM",
            0.02888799934333346
          ],
          [
            "localization",
            0.016974217996932175
          ],
          [
            "LiDAR",
            0.015732846148257505
          ],
          [
            "map",
            0.012119563011853612
          ],
          [
            "estimation",
            0.01177750805027612
          ],
          [
            "odometry",
            0.011202949469156379
          ],
          [
            "accuracy",
            0.011172180297746465
          ],
          [
            "method",
            0.010525701370820836
          ],
          [
            "point",
            0.010233067388113463
          ],
          [
            "state",
            0.010013173136921944
          ]
        ],
        "count": 2686
      },
      "3": {
        "name": "3_robot_human_robots_social",
        "keywords": [
          [
            "robot",
            0.037966591722072104
          ],
          [
            "human",
            0.03276141486349349
          ],
          [
            "robots",
            0.026953078095722123
          ],
          [
            "social",
            0.025882304844495184
          ],
          [
            "trust",
            0.02341593775558813
          ],
          [
            "interaction",
            0.02044138396022219
          ],
          [
            "human robot",
            0.017058974790882024
          ],
          [
            "HRI",
            0.016984731259653985
          ],
          [
            "Robot",
            0.015692020722709137
          ],
          [
            "study",
            0.014985615295116038
          ]
        ],
        "count": 997
      },
      "4": {
        "name": "4_segmentation_3D_LiDAR_detection",
        "keywords": [
          [
            "segmentation",
            0.02353139370889225
          ],
          [
            "3D",
            0.02290317886995166
          ],
          [
            "LiDAR",
            0.019590830744780012
          ],
          [
            "detection",
            0.01824230771795781
          ],
          [
            "semantic",
            0.01684265703341715
          ],
          [
            "perception",
            0.01429373271329135
          ],
          [
            "point",
            0.01411894459606914
          ],
          [
            "object",
            0.0137993455741867
          ],
          [
            "data",
            0.012227696149903773
          ],
          [
            "object detection",
            0.011842163187715322
          ]
        ],
        "count": 812
      },
      "5": {
        "name": "5_tactile_contact_Tactile_sensing",
        "keywords": [
          [
            "tactile",
            0.06741774100936224
          ],
          [
            "contact",
            0.024781539214116403
          ],
          [
            "Tactile",
            0.02467509674423563
          ],
          [
            "sensing",
            0.022827667553667923
          ],
          [
            "sensor",
            0.022221918177330626
          ],
          [
            "sensors",
            0.01936981476595972
          ],
          [
            "object",
            0.018750387202948138
          ],
          [
            "force",
            0.016277470824598708
          ],
          [
            "manipulation",
            0.016249573145800347
          ],
          [
            "objects",
            0.015968188389934277
          ]
        ],
        "count": 750
      },
      "6": {
        "name": "6_surgical_tissue_surgery_robotic",
        "keywords": [
          [
            "surgical",
            0.04378297368422672
          ],
          [
            "tissue",
            0.01831691304293256
          ],
          [
            "surgery",
            0.01830714783257315
          ],
          [
            "robotic",
            0.016530663973562842
          ],
          [
            "Surgical",
            0.012862733370288912
          ],
          [
            "needle",
            0.012163765140282858
          ],
          [
            "ultrasound",
            0.010429335468269857
          ],
          [
            "Robotic",
            0.00963574641335353
          ],
          [
            "robot",
            0.00877224617310109
          ],
          [
            "Surgery",
            0.008611465790987757
          ]
        ],
        "count": 703
      },
      "7": {
        "name": "7_soft_Soft_robots_design",
        "keywords": [
          [
            "soft",
            0.05397792691429415
          ],
          [
            "Soft",
            0.021921420549127858
          ],
          [
            "robots",
            0.02122442506721665
          ],
          [
            "design",
            0.020044221988827736
          ],
          [
            "soft robots",
            0.018128185113067307
          ],
          [
            "control",
            0.01638388192240233
          ],
          [
            "actuators",
            0.014489569993139854
          ],
          [
            "gripper",
            0.013166855518787336
          ],
          [
            "robot",
            0.012756963635028583
          ],
          [
            "robotic",
            0.012463849815956558
          ]
        ],
        "count": 689
      },
      "8": {
        "name": "8_depth_pose_estimation_3D",
        "keywords": [
          [
            "depth",
            0.03396233659489551
          ],
          [
            "pose",
            0.025347488612610013
          ],
          [
            "estimation",
            0.022897920095979216
          ],
          [
            "3D",
            0.021121248356366067
          ],
          [
            "object",
            0.018684926550999695
          ],
          [
            "pose estimation",
            0.014863769090917443
          ],
          [
            "images",
            0.014007170942101863
          ],
          [
            "6D",
            0.013976290687496035
          ],
          [
            "reconstruction",
            0.012989764257620972
          ],
          [
            "depth estimation",
            0.01210430336203632
          ]
        ],
        "count": 607
      },
      "9": {
        "name": "9_control_safety_Control_systems",
        "keywords": [
          [
            "control",
            0.02906062612544128
          ],
          [
            "safety",
            0.022637123759505065
          ],
          [
            "Control",
            0.01910598613983304
          ],
          [
            "systems",
            0.015158077748436364
          ],
          [
            "constraints",
            0.014271471742289007
          ],
          [
            "CBF",
            0.013985025838850602
          ],
          [
            "nonlinear",
            0.01267677229264896
          ],
          [
            "MPC",
            0.012621207111040384
          ],
          [
            "safe",
            0.012257840998201899
          ],
          [
            "time",
            0.01197863392829587
          ]
        ],
        "count": 573
      },
      "10": {
        "name": "10_path_planning_MAPF_algorithm",
        "keywords": [
          [
            "path",
            0.026146269417656957
          ],
          [
            "planning",
            0.022091563418202752
          ],
          [
            "MAPF",
            0.022061760749387656
          ],
          [
            "algorithm",
            0.020219754266704488
          ],
          [
            "problem",
            0.01691237297570326
          ],
          [
            "Path",
            0.01598935585018978
          ],
          [
            "paths",
            0.015394584169679048
          ],
          [
            "robots",
            0.01503274795312298
          ],
          [
            "time",
            0.014239453188065245
          ],
          [
            "Multi",
            0.014111987171504081
          ]
        ],
        "count": 494
      },
      "11": {
        "name": "11_aerial_flight_control_Aerial",
        "keywords": [
          [
            "aerial",
            0.027336930315664382
          ],
          [
            "flight",
            0.024358757268672256
          ],
          [
            "control",
            0.021731038765995837
          ],
          [
            "Aerial",
            0.014374281186880824
          ],
          [
            "wing",
            0.013117084169648435
          ],
          [
            "controller",
            0.012848075481357963
          ],
          [
            "design",
            0.012595092546353175
          ],
          [
            "proposed",
            0.012173213183521879
          ],
          [
            "UAV",
            0.011890558273332219
          ],
          [
            "trajectory",
            0.011616244747934594
          ]
        ],
        "count": 493
      },
      "12": {
        "name": "12_locomotion_learning_policy_terrains",
        "keywords": [
          [
            "locomotion",
            0.036007359928814764
          ],
          [
            "learning",
            0.020401308069164167
          ],
          [
            "policy",
            0.01970590141896029
          ],
          [
            "terrains",
            0.01784440680364495
          ],
          [
            "robot",
            0.017623877794180457
          ],
          [
            "robots",
            0.01633331333214096
          ],
          [
            "Locomotion",
            0.015332977279667023
          ],
          [
            "legged",
            0.014697719595182363
          ],
          [
            "Learning",
            0.014489181898414649
          ],
          [
            "real",
            0.012864250132503445
          ]
        ],
        "count": 445
      },
      "13": {
        "name": "13_exoskeleton_gait_control_human",
        "keywords": [
          [
            "exoskeleton",
            0.024092406924415638
          ],
          [
            "gait",
            0.01837149017438618
          ],
          [
            "control",
            0.017920540938122474
          ],
          [
            "human",
            0.01723528995389382
          ],
          [
            "limb",
            0.01706037802374011
          ],
          [
            "muscle",
            0.01567788863671121
          ],
          [
            "rehabilitation",
            0.014483176219852798
          ],
          [
            "joint",
            0.01428900256735084
          ],
          [
            "hand",
            0.013726530554196748
          ],
          [
            "exoskeletons",
            0.013328941419951914
          ]
        ],
        "count": 429
      },
      "14": {
        "name": "14_agricultural_fruit_harvesting_crop",
        "keywords": [
          [
            "agricultural",
            0.023917502296359187
          ],
          [
            "fruit",
            0.021930559896904036
          ],
          [
            "harvesting",
            0.020618516279976976
          ],
          [
            "crop",
            0.020210317092425895
          ],
          [
            "plant",
            0.01687781534088215
          ],
          [
            "field",
            0.013186769368918383
          ],
          [
            "agriculture",
            0.012767621912217994
          ],
          [
            "robotic",
            0.011755219016817465
          ],
          [
            "plants",
            0.010893804487581368
          ],
          [
            "data",
            0.01009844599122543
          ]
        ],
        "count": 389
      },
      "15": {
        "name": "15_learning_control_reinforcement_reinforcement learning",
        "keywords": [
          [
            "learning",
            0.019871051836407413
          ],
          [
            "control",
            0.018308862133403013
          ],
          [
            "reinforcement",
            0.016590373712971847
          ],
          [
            "reinforcement learning",
            0.0163685706125139
          ],
          [
            "Reinforcement",
            0.016191342396327888
          ],
          [
            "Learning",
            0.015880688028267736
          ],
          [
            "RL",
            0.014465621909984017
          ],
          [
            "policy",
            0.013287527061687704
          ],
          [
            "flight",
            0.012643344140765303
          ],
          [
            "UAV",
            0.012133038967748744
          ]
        ],
        "count": 366
      },
      "16": {
        "name": "16_walking_robot_control_locomotion",
        "keywords": [
          [
            "walking",
            0.024587765920027774
          ],
          [
            "robot",
            0.023409981769230623
          ],
          [
            "control",
            0.020171797717521207
          ],
          [
            "locomotion",
            0.01991935994424533
          ],
          [
            "bipedal",
            0.019141885912831724
          ],
          [
            "body",
            0.016907600921903434
          ],
          [
            "controller",
            0.01546543147322257
          ],
          [
            "robots",
            0.015351036436056436
          ],
          [
            "model",
            0.015083825413389054
          ],
          [
            "dynamics",
            0.014984776485293099
          ]
        ],
        "count": 303
      },
      "17": {
        "name": "17_user_robot_Reality_human",
        "keywords": [
          [
            "user",
            0.02698433849079229
          ],
          [
            "robot",
            0.025370704761722845
          ],
          [
            "Reality",
            0.021315406377100454
          ],
          [
            "human",
            0.021148881171855913
          ],
          [
            "VR",
            0.01909938953939716
          ],
          [
            "interface",
            0.01672586162118754
          ],
          [
            "AR",
            0.016303736534877836
          ],
          [
            "control",
            0.016011865439565617
          ],
          [
            "virtual",
            0.015494343253004738
          ],
          [
            "users",
            0.014834911409550188
          ]
        ],
        "count": 300
      },
      "18": {
        "name": "18_learning_navigation_agent_environments",
        "keywords": [
          [
            "learning",
            0.018660499906764265
          ],
          [
            "navigation",
            0.018580769709016315
          ],
          [
            "agent",
            0.01793145466378309
          ],
          [
            "environments",
            0.01495228066920116
          ],
          [
            "agents",
            0.014245186267948793
          ],
          [
            "reinforcement",
            0.013899314333125709
          ],
          [
            "robot",
            0.013836095735845136
          ],
          [
            "reinforcement learning",
            0.013812798467333043
          ],
          [
            "Reinforcement",
            0.0136193583114911
          ],
          [
            "Learning",
            0.013087246908933741
          ]
        ],
        "count": 235
      },
      "19": {
        "name": "19_systems_ROS_software_robotic",
        "keywords": [
          [
            "systems",
            0.02730870933385261
          ],
          [
            "ROS",
            0.018930276931101515
          ],
          [
            "software",
            0.018548925422413907
          ],
          [
            "robotic",
            0.017569378707353117
          ],
          [
            "formal",
            0.016155256045415373
          ],
          [
            "security",
            0.01600305917692259
          ],
          [
            "robotics",
            0.014715285653581399
          ],
          [
            "verification",
            0.014467515088337688
          ],
          [
            "robot",
            0.01424504144698013
          ],
          [
            "BTs",
            0.013782268663896678
          ]
        ],
        "count": 232
      },
      "20": {
        "name": "20_UAV_underwater_detection_tracking",
        "keywords": [
          [
            "UAV",
            0.019633705614839004
          ],
          [
            "underwater",
            0.01845186998597901
          ],
          [
            "detection",
            0.0163566550266202
          ],
          [
            "tracking",
            0.01216234391992723
          ],
          [
            "UAVs",
            0.011661446815366948
          ],
          [
            "data",
            0.011575291272259336
          ],
          [
            "aerial",
            0.010548773795437791
          ],
          [
            "dataset",
            0.010482370429398816
          ],
          [
            "real",
            0.010289438855820947
          ],
          [
            "images",
            0.010000545367378412
          ]
        ],
        "count": 226
      },
      "21": {
        "name": "21_social_navigation_robot_human",
        "keywords": [
          [
            "social",
            0.0402002362596499
          ],
          [
            "navigation",
            0.04016152687024904
          ],
          [
            "robot",
            0.024764197927466387
          ],
          [
            "human",
            0.02380388326297757
          ],
          [
            "crowd",
            0.02343433232509426
          ],
          [
            "Social",
            0.01912357493834579
          ],
          [
            "social navigation",
            0.018322107347193514
          ],
          [
            "Navigation",
            0.01787505913934015
          ],
          [
            "pedestrian",
            0.0144865974632641
          ],
          [
            "robots",
            0.014482346395162212
          ]
        ],
        "count": 225
      }
    },
    "correlations": [
      [
        1.0,
        -0.7172380097110146,
        -0.7492785995868655,
        -0.6929957519332268,
        -0.7225590752019154,
        -0.7392018353879442,
        -0.7504216611324149,
        -0.7265334370965715,
        -0.7043298743244536,
        -0.7226642759909511,
        -0.7261898541521705,
        -0.7336300577290302,
        -0.5757175495818391,
        -0.7431501341988768,
        -0.7540745698919903,
        -0.5435130078861834,
        -0.7107631037366104,
        -0.7069709756258479,
        -0.5664465221679051,
        -0.7307797009074972,
        -0.7443655910577833,
        -0.7080840498803767
      ],
      [
        -0.7172380097110146,
        1.0,
        -0.7372296223099998,
        -0.7419646017028695,
        -0.5953763261152477,
        -0.7559711341596432,
        -0.7615096134455707,
        -0.7469744417421662,
        -0.7321879993262559,
        -0.6912122417502087,
        -0.7125698049548435,
        -0.7266035441276558,
        -0.7359793663411673,
        -0.7484373916642166,
        -0.7603295003243262,
        -0.6985314042842394,
        -0.7421187819404769,
        -0.7459976126501997,
        -0.6945971682136663,
        -0.7240810481197115,
        -0.7424171767594434,
        -0.725036469762641
      ],
      [
        -0.7492785995868655,
        -0.7372296223099998,
        1.0,
        -0.7498411888612924,
        -0.6836829002234124,
        -0.7545104494989596,
        -0.7606228196567368,
        -0.7547495703035099,
        -0.6815906239548013,
        -0.7588959671201974,
        -0.7419965062939373,
        -0.735965912274342,
        -0.7543883212002885,
        -0.7613430420319456,
        -0.7566486026885,
        -0.7578929342120794,
        -0.7525949031360688,
        -0.7481156063624677,
        -0.7488202531211826,
        -0.7420446913596274,
        -0.7343821447341835,
        -0.7315731630020941
      ],
      [
        -0.6929957519332268,
        -0.7419646017028695,
        -0.7498411888612924,
        1.0,
        -0.7433000732873374,
        -0.7315598634687595,
        -0.7413560201866374,
        -0.49633839042342776,
        -0.7246711440582945,
        -0.7136817951610546,
        -0.7094134201018764,
        -0.7204771160002069,
        -0.5253352875652304,
        -0.6339202433210978,
        -0.7556740033561227,
        -0.7086096371366248,
        -0.3997582856233981,
        -0.11367418691082493,
        -0.7071840766821089,
        -0.7062564803743916,
        -0.7489460744283898,
        -0.33735832314730263
      ],
      [
        -0.7225590752019154,
        -0.5953763261152477,
        -0.6836829002234124,
        -0.7433000732873374,
        1.0,
        -0.7478310951245156,
        -0.7487272099859552,
        -0.7500380894322862,
        -0.6467005429347688,
        -0.7520998755295056,
        -0.7406847901208671,
        -0.7338540061358898,
        -0.7491474869187957,
        -0.7589928409788009,
        -0.7424299343190026,
        -0.7473100122599268,
        -0.7517608827283546,
        -0.7432350810810658,
        -0.743353771845108,
        -0.7434309771702206,
        -0.5686135589427043,
        -0.731502719816297
      ],
      [
        -0.7392018353879442,
        -0.7559711341596432,
        -0.7545104494989596,
        -0.7315598634687595,
        -0.7478310951245156,
        1.0,
        -0.7519796411932762,
        -0.7110493979620911,
        -0.7200313250192718,
        -0.7541100936022294,
        -0.7544933014752584,
        -0.7456494157701927,
        -0.7377458734027226,
        -0.7488405171820522,
        -0.7549060639039109,
        -0.7475501002241929,
        -0.7380013623326436,
        -0.7343936390667329,
        -0.750217667423493,
        -0.7507845203699255,
        -0.7549511529037648,
        -0.7465176201352802
      ],
      [
        -0.7504216611324149,
        -0.7615096134455707,
        -0.7606228196567368,
        -0.7413560201866374,
        -0.7487272099859552,
        -0.7519796411932762,
        1.0,
        -0.7291475256835815,
        -0.7427615014152824,
        -0.7522110891170377,
        -0.7531709444187529,
        -0.751241489897595,
        -0.7476162560999114,
        -0.7520076065259071,
        -0.7598300992283868,
        -0.7469444443782032,
        -0.745288996981831,
        -0.7378182250011603,
        -0.7508625573494987,
        -0.739496446892667,
        -0.758491309122561,
        -0.7500479771315376
      ],
      [
        -0.7265334370965715,
        -0.7469744417421662,
        -0.7547495703035099,
        -0.49633839042342776,
        -0.7500380894322862,
        -0.7110493979620911,
        -0.7291475256835815,
        1.0,
        -0.7384058187948244,
        -0.7185182511809614,
        -0.7248626964996598,
        -0.7135348261825692,
        -0.6938064436161306,
        -0.7146385161145759,
        -0.7460226031569677,
        -0.7235333707989893,
        -0.6859160337694645,
        -0.7021013113858007,
        -0.7291813839418713,
        -0.7194332732241266,
        -0.7484041176216643,
        -0.7093873817587686
      ],
      [
        -0.7043298743244536,
        -0.7321879993262559,
        -0.6815906239548013,
        -0.7246711440582945,
        -0.6467005429347688,
        -0.7200313250192718,
        -0.7427615014152824,
        -0.7384058187948244,
        1.0,
        -0.7481173374603944,
        -0.737715934119843,
        -0.7262072531407947,
        -0.7363674701184078,
        -0.7502580686573788,
        -0.7508048953374657,
        -0.7385175148599412,
        -0.7336404669309876,
        -0.7244169779161187,
        -0.7365163970865756,
        -0.7403606020417179,
        -0.7240417715823941,
        -0.7235121771735735
      ],
      [
        -0.7226642759909511,
        -0.6912122417502087,
        -0.7588959671201974,
        -0.7136817951610546,
        -0.7520998755295056,
        -0.7541100936022294,
        -0.7522110891170377,
        -0.7185182511809614,
        -0.7481173374603944,
        1.0,
        -0.7062386830645284,
        -0.620107508015306,
        -0.6923782193836319,
        -0.601440625712039,
        -0.7569215918620888,
        -0.6356719477616752,
        -0.46400277502849474,
        -0.7228605416348552,
        -0.7055061174037318,
        -0.7001506508070414,
        -0.7472128816718404,
        -0.7122730320549151
      ],
      [
        -0.7261898541521705,
        -0.7125698049548435,
        -0.7419965062939373,
        -0.7094134201018764,
        -0.7406847901208671,
        -0.7544933014752584,
        -0.7531709444187529,
        -0.7248626964996598,
        -0.737715934119843,
        -0.7062386830645284,
        1.0,
        -0.7038051723430401,
        -0.7146659590109224,
        -0.7501202179657862,
        -0.7505919152228333,
        -0.7133719901454094,
        -0.7147453475660086,
        -0.7243274819635683,
        -0.6473480264589628,
        -0.7340165226358026,
        -0.726608938586247,
        -0.7042642552037026
      ],
      [
        -0.7336300577290302,
        -0.7266035441276558,
        -0.735965912274342,
        -0.7204771160002069,
        -0.7338540061358898,
        -0.7456494157701927,
        -0.751241489897595,
        -0.7135348261825692,
        -0.7262072531407947,
        -0.620107508015306,
        -0.7038051723430401,
        1.0,
        -0.7175513805207607,
        -0.6391463389723973,
        -0.7480526381947015,
        -0.6688293486608738,
        -0.6323835454027629,
        -0.7245682518695324,
        -0.7216497059046254,
        -0.7214033560806954,
        -0.6017761803876804,
        -0.7229070421280716
      ],
      [
        -0.5757175495818391,
        -0.7359793663411673,
        -0.7543883212002885,
        -0.5253352875652304,
        -0.7491474869187957,
        -0.7377458734027226,
        -0.7476162560999114,
        -0.6938064436161306,
        -0.7363674701184078,
        -0.6923782193836319,
        -0.7146659590109224,
        -0.7175513805207607,
        1.0,
        -0.7070842463077244,
        -0.7597926395859519,
        -0.3533747757039981,
        -0.268128495530503,
        -0.5220368571529947,
        -0.4274297086880817,
        -0.7300181085014169,
        -0.7569713100350075,
        -0.5556526516929728
      ],
      [
        -0.7431501341988768,
        -0.7484373916642166,
        -0.7613430420319456,
        -0.6339202433210978,
        -0.7589928409788009,
        -0.7488405171820522,
        -0.7520076065259071,
        -0.7146385161145759,
        -0.7502580686573788,
        -0.601440625712039,
        -0.7501202179657862,
        -0.6391463389723973,
        -0.7070842463077244,
        1.0,
        -0.7561636875332781,
        -0.6543683681833206,
        -0.5345764048762842,
        -0.6127514532110533,
        -0.7373553688971725,
        -0.7456992579543931,
        -0.7543810112093794,
        -0.6693693080700696
      ],
      [
        -0.7540745698919903,
        -0.7603295003243262,
        -0.7566486026885,
        -0.7556740033561227,
        -0.7424299343190026,
        -0.7549060639039109,
        -0.7598300992283868,
        -0.7460226031569677,
        -0.7508048953374657,
        -0.7569215918620888,
        -0.7505919152228333,
        -0.7480526381947015,
        -0.7597926395859519,
        -0.7561636875332781,
        1.0,
        -0.759871818663685,
        -0.7525744811958484,
        -0.757039236259584,
        -0.7587345496416125,
        -0.7545917719139964,
        -0.7458044885830288,
        -0.7494825143448018
      ],
      [
        -0.5435130078861834,
        -0.6985314042842394,
        -0.7578929342120794,
        -0.7086096371366248,
        -0.7473100122599268,
        -0.7475501002241929,
        -0.7469444443782032,
        -0.7235333707989893,
        -0.7385175148599412,
        -0.6356719477616752,
        -0.7133719901454094,
        -0.6688293486608738,
        -0.3533747757039981,
        -0.6543683681833206,
        -0.759871818663685,
        1.0,
        -0.6259087500255559,
        -0.718915958742276,
        0.11334451443585797,
        -0.7324751020464471,
        -0.7455901195575465,
        -0.6938628780930698
      ],
      [
        -0.7107631037366104,
        -0.7421187819404769,
        -0.7525949031360688,
        -0.3997582856233981,
        -0.7517608827283546,
        -0.7380013623326436,
        -0.745288996981831,
        -0.6859160337694645,
        -0.7336404669309876,
        -0.46400277502849474,
        -0.7147453475660086,
        -0.6323835454027629,
        -0.268128495530503,
        -0.5345764048762842,
        -0.7525744811958484,
        -0.6259087500255559,
        1.0,
        -0.3719267455755616,
        -0.7018077417672748,
        -0.726181328745507,
        -0.7503454768423639,
        -0.46350086946508773
      ],
      [
        -0.7069709756258479,
        -0.7459976126501997,
        -0.7481156063624677,
        -0.11367418691082493,
        -0.7432350810810658,
        -0.7343936390667329,
        -0.7378182250011603,
        -0.7021013113858007,
        -0.7244169779161187,
        -0.7228605416348552,
        -0.7243274819635683,
        -0.7245682518695324,
        -0.5220368571529947,
        -0.6127514532110533,
        -0.757039236259584,
        -0.718915958742276,
        -0.3719267455755616,
        1.0,
        -0.7200157630547559,
        -0.7267139583407654,
        -0.7471085309364777,
        -0.40561557582773156
      ],
      [
        -0.5664465221679051,
        -0.6945971682136663,
        -0.7488202531211826,
        -0.7071840766821089,
        -0.743353771845108,
        -0.750217667423493,
        -0.7508625573494987,
        -0.7291813839418713,
        -0.7365163970865756,
        -0.7055061174037318,
        -0.6473480264589628,
        -0.7216497059046254,
        -0.4274297086880817,
        -0.7373553688971725,
        -0.7587345496416125,
        0.11334451443585797,
        -0.7018077417672748,
        -0.7200157630547559,
        1.0,
        -0.7303633392421538,
        -0.7378964158368859,
        -0.6071283522910993
      ],
      [
        -0.7307797009074972,
        -0.7240810481197115,
        -0.7420446913596274,
        -0.7062564803743916,
        -0.7434309771702206,
        -0.7507845203699255,
        -0.739496446892667,
        -0.7194332732241266,
        -0.7403606020417179,
        -0.7001506508070414,
        -0.7340165226358026,
        -0.7214033560806954,
        -0.7300181085014169,
        -0.7456992579543931,
        -0.7545917719139964,
        -0.7324751020464471,
        -0.726181328745507,
        -0.7267139583407654,
        -0.7303633392421538,
        1.0,
        -0.7460869384913593,
        -0.7308884823721691
      ],
      [
        -0.7443655910577833,
        -0.7424171767594434,
        -0.7343821447341835,
        -0.7489460744283898,
        -0.5686135589427043,
        -0.7549511529037648,
        -0.758491309122561,
        -0.7484041176216643,
        -0.7240417715823941,
        -0.7472128816718404,
        -0.726608938586247,
        -0.6017761803876804,
        -0.7569713100350075,
        -0.7543810112093794,
        -0.7458044885830288,
        -0.7455901195575465,
        -0.7503454768423639,
        -0.7471085309364777,
        -0.7378964158368859,
        -0.7460869384913593,
        1.0,
        -0.7377053597958403
      ],
      [
        -0.7080840498803767,
        -0.725036469762641,
        -0.7315731630020941,
        -0.33735832314730263,
        -0.731502719816297,
        -0.7465176201352802,
        -0.7500479771315376,
        -0.7093873817587686,
        -0.7235121771735735,
        -0.7122730320549151,
        -0.7042642552037026,
        -0.7229070421280716,
        -0.5556526516929728,
        -0.6693693080700696,
        -0.7494825143448018,
        -0.6938628780930698,
        -0.46350086946508773,
        -0.40561557582773156,
        -0.6071283522910993,
        -0.7308884823721691,
        -0.7377053597958403,
        1.0
      ]
    ],
    "series": {
      "2020-01": [
        35,
        23,
        4,
        29,
        11,
        7,
        3,
        6,
        12,
        12,
        6,
        9,
        3,
        1,
        1,
        17,
        1,
        5,
        5,
        6,
        2,
        9
      ],
      "2020-02": [
        61,
        18,
        8,
        27,
        10,
        7,
        3,
        12,
        15,
        10,
        29,
        11,
        2,
        2,
        0,
        33,
        0,
        3,
        4,
        5,
        3,
        10
      ],
      "2020-03": [
        87,
        42,
        18,
        45,
        21,
        11,
        12,
        9,
        22,
        18,
        17,
        22,
        14,
        3,
        1,
        31,
        4,
        8,
        5,
        11,
        1,
        18
      ],
      "2020-04": [
        55,
        29,
        4,
        26,
        10,
        5,
        3,
        10,
        18,
        8,
        11,
        12,
        7,
        1,
        2,
        26,
        4,
        1,
        3,
        9,
        4,
        7
      ],
      "2020-05": [
        56,
        36,
        9,
        37,
        11,
        7,
        4,
        2,
        16,
        7,
        27,
        6,
        5,
        1,
        1,
        16,
        5,
        8,
        6,
        10,
        3,
        3
      ],
      "2020-06": [
        51,
        30,
        7,
        36,
        11,
        11,
        8,
        12,
        18,
        8,
        20,
        12,
        11,
        1,
        4,
        31,
        0,
        6,
        3,
        10,
        0,
        12
      ],
      "2020-07": [
        65,
        32,
        12,
        48,
        15,
        4,
        9,
        3,
        21,
        9,
        20,
        11,
        12,
        1,
        1,
        30,
        3,
        5,
        5,
        12,
        1,
        15
      ],
      "2020-08": [
        57,
        23,
        13,
        27,
        11,
        12,
        1,
        10,
        22,
        11,
        12,
        11,
        6,
        0,
        1,
        38,
        5,
        5,
        10,
        11,
        5,
        12
      ],
      "2020-09": [
        49,
        22,
        8,
        28,
        7,
        4,
        1,
        13,
        18,
        14,
        11,
        7,
        1,
        2,
        2,
        20,
        1,
        1,
        8,
        7,
        0,
        13
      ],
      "2020-10": [
        99,
        27,
        14,
        44,
        11,
        10,
        10,
        7,
        23,
        14,
        18,
        22,
        17,
        4,
        4,
        45,
        4,
        6,
        8,
        14,
        4,
        19
      ],
      "2020-11": [
        126,
        37,
        18,
        58,
        13,
        13,
        13,
        17,
        35,
        25,
        26,
        23,
        27,
        3,
        3,
        71,
        7,
        7,
        10,
        15,
        4,
        20
      ],
      "2020-12": [
        85,
        26,
        10,
        55,
        17,
        11,
        8,
        14,
        17,
        16,
        23,
        13,
        4,
        2,
        2,
        21,
        2,
        3,
        5,
        12,
        1,
        22
      ],
      "2021-01": [
        66,
        31,
        9,
        26,
        4,
        9,
        4,
        11,
        11,
        10,
        16,
        9,
        9,
        1,
        0,
        18,
        3,
        6,
        2,
        15,
        1,
        9
      ],
      "2021-02": [
        70,
        25,
        17,
        30,
        9,
        9,
        4,
        5,
        19,
        8,
        20,
        11,
        1,
        1,
        1,
        36,
        4,
        7,
        9,
        7,
        6,
        15
      ],
      "2021-03": [
        132,
        48,
        25,
        69,
        22,
        17,
        14,
        17,
        45,
        45,
        34,
        26,
        14,
        1,
        5,
        55,
        9,
        10,
        19,
        13,
        4,
        20
      ],
      "2021-04": [
        76,
        43,
        14,
        46,
        10,
        10,
        5,
        8,
        22,
        22,
        17,
        15,
        9,
        2,
        6,
        25,
        4,
        8,
        4,
        10,
        3,
        19
      ],
      "2021-05": [
        78,
        27,
        14,
        42,
        11,
        11,
        5,
        10,
        21,
        17,
        24,
        12,
        8,
        5,
        1,
        26,
        2,
        4,
        7,
        9,
        2,
        10
      ],
      "2021-06": [
        52,
        38,
        9,
        32,
        7,
        9,
        8,
        11,
        19,
        16,
        19,
        13,
        7,
        3,
        1,
        35,
        3,
        6,
        10,
        11,
        2,
        16
      ],
      "2021-07": [
        87,
        32,
        16,
        41,
        10,
        11,
        8,
        11,
        21,
        17,
        27,
        17,
        20,
        2,
        3,
        33,
        4,
        8,
        7,
