{
  "topics": {
    "data": {
      "0": {
        "name": "0_social_media_social media_Twitter",
        "keywords": [
          [
            "social",
            0.023079163618000026
          ],
          [
            "media",
            0.022334438179080297
          ],
          [
            "social media",
            0.01859509250928141
          ],
          [
            "Twitter",
            0.017075520512101948
          ],
          [
            "users",
            0.016560428294101526
          ],
          [
            "news",
            0.015016221826050094
          ],
          [
            "content",
            0.01462231892215578
          ],
          [
            "online",
            0.01426742676574341
          ],
          [
            "data",
            0.012001309607357647
          ],
          [
            "information",
            0.011517306952966164
          ]
        ],
        "count": 2903
      },
      "1": {
        "name": "1_mobility_data_model_epidemic",
        "keywords": [
          [
            "mobility",
            0.02247155222365713
          ],
          [
            "data",
            0.019192571321730245
          ],
          [
            "model",
            0.01515472376643044
          ],
          [
            "epidemic",
            0.013223670056947103
          ],
          [
            "urban",
            0.012616515693323576
          ],
          [
            "network",
            0.012433552938150166
          ],
          [
            "time",
            0.011654862599309123
          ],
          [
            "contact",
            0.011422844513616416
          ],
          [
            "networks",
            0.011123167096421098
          ],
          [
            "spatial",
            0.011031082267627685
          ]
        ],
        "count": 969
      },
      "2": {
        "name": "2_graph_node_Graph_learning",
        "keywords": [
          [
            "graph",
            0.0425683966278486
          ],
          [
            "node",
            0.02898608572265382
          ],
          [
            "Graph",
            0.02280681735613719
          ],
          [
            "learning",
            0.021473261545590407
          ],
          [
            "graphs",
            0.019943596530575123
          ],
          [
            "nodes",
            0.01745766200771319
          ],
          [
            "GNNs",
            0.016922292913064955
          ],
          [
            "prediction",
            0.01586518211152935
          ],
          [
            "tasks",
            0.01472007188412564
          ],
          [
            "classification",
            0.01430419206560923
          ]
        ],
        "count": 920
      },
      "3": {
        "name": "3_community_detection_community detection_networks",
        "keywords": [
          [
            "community",
            0.04346547163246473
          ],
          [
            "detection",
            0.026354365588015138
          ],
          [
            "community detection",
            0.025782393664838074
          ],
          [
            "networks",
            0.02488069758354014
          ],
          [
            "communities",
            0.023893488167600577
          ],
          [
            "algorithm",
            0.019586764080908543
          ],
          [
            "Community",
            0.018301109121298363
          ],
          [
            "network",
            0.01772728251132764
          ],
          [
            "algorithms",
            0.01574375807061096
          ],
          [
            "graph",
            0.015516926349338747
          ]
        ],
        "count": 578
      },
      "4": {
        "name": "4_opinion_agents_opinions_social",
        "keywords": [
          [
            "opinion",
            0.042111664891940646
          ],
          [
            "agents",
            0.028357074245120368
          ],
          [
            "opinions",
            0.02782409958046891
          ],
          [
            "social",
            0.02585910082671025
          ],
          [
            "dynamics",
            0.025633952738732695
          ],
          [
            "model",
            0.025442524618521815
          ],
          [
            "network",
            0.022032335125535634
          ],
          [
            "networks",
            0.018009959022951945
          ],
          [
            "agent",
            0.015609363332173474
          ],
          [
            "opinion dynamics",
            0.014218629389514327
          ]
        ],
        "count": 464
      },
      "5": {
        "name": "5_research_citation_scientific_papers",
        "keywords": [
          [
            "research",
            0.03663349672619982
          ],
          [
            "citation",
            0.03254263304257872
          ],
          [
            "scientific",
            0.03134648572489385
          ],
          [
            "papers",
            0.020647130155493947
          ],
          [
            "knowledge",
            0.019345780354642954
          ],
          [
            "science",
            0.019327327230768458
          ],
          [
            "collaboration",
            0.017725152517696196
          ],
          [
            "citations",
            0.01711135269399662
          ],
          [
            "network",
            0.015609142081547877
          ],
          [
            "authors",
            0.014058531569598723
          ]
        ],
        "count": 392
      },
      "6": {
        "name": "6_user_recommendation_item_users",
        "keywords": [
          [
            "user",
            0.03716627871363261
          ],
          [
            "recommendation",
            0.03422822399201906
          ],
          [
            "item",
            0.024375341514919754
          ],
          [
            "users",
            0.022165700484732636
          ],
          [
            "items",
            0.017891122726003173
          ],
          [
            "social",
            0.017541692077288177
          ],
          [
            "model",
            0.017323182591286478
          ],
          [
            "recommender",
            0.01602110048462748
          ],
          [
            "Recommendation",
            0.0158916524866076
          ],
          [
            "information",
            0.015768716320849897
          ]
        ],
        "count": 281
      },
      "7": {
        "name": "7_temporal_dynamic_time_networks",
        "keywords": [
          [
            "temporal",
            0.05528137896064971
          ],
          [
            "dynamic",
            0.03491849975296751
          ],
          [
            "time",
            0.027680783665591423
          ],
          [
            "networks",
            0.023924236630158906
          ],
          [
            "graphs",
            0.022627305811625267
          ],
          [
            "graph",
            0.02178368716926269
          ],
          [
            "Temporal",
            0.020915588176116454
          ],
          [
            "network",
            0.017458446455188854
          ],
          [
            "model",
            0.01549156027835238
          ],
          [
            "node",
            0.014580528355137599
          ]
        ],
        "count": 205
      },
      "8": {
        "name": "8_influence_problem_Influence_IM",
        "keywords": [
          [
            "influence",
            0.04174011465477256
          ],
          [
            "problem",
            0.03187682108378381
          ],
          [
            "Influence",
            0.031440307323468704
          ],
          [
            "IM",
            0.030622588445794876
          ],
          [
            "Maximization",
            0.02581614921725384
          ],
          [
            "seed",
            0.024929439490470467
          ],
          [
            "maximization",
            0.024362270607579117
          ],
          [
            "network",
            0.021074032641959412
          ],
          [
            "nodes",
            0.01966834785460838
          ],
          [
            "networks",
            0.0192286190970541
          ]
        ],
        "count": 204
      },
      "9": {
        "name": "9_blockchain_transaction_Bitcoin_Ethereum",
        "keywords": [
          [
            "blockchain",
            0.037827201408640626
          ],
          [
            "transaction",
            0.028658906776039675
          ],
          [
            "Bitcoin",
            0.025296374086692587
          ],
          [
            "Ethereum",
            0.024171609002378327
          ],
          [
            "transactions",
            0.02372145081977781
          ],
          [
            "network",
            0.021153924602537594
          ],
          [
            "money",
            0.01601167937006983
          ],
          [
            "laundering",
            0.014994102256936372
          ],
          [
            "decentralized",
            0.014747056810748255
          ],
          [
            "data",
            0.014738904353780394
          ]
        ],
        "count": 195
      },
      "10": {
        "name": "10_networks_network_random_degree",
        "keywords": [
          [
            "networks",
            0.04487159351532004
          ],
          [
            "network",
            0.03164876452736495
          ],
          [
            "random",
            0.027252755143978614
          ],
          [
            "degree",
            0.02124948926496862
          ],
          [
            "graphs",
            0.01917831553965677
          ],
          [
            "distribution",
            0.016016380244996315
          ],
          [
            "model",
            0.015578254798876203
          ],
          [
            "real",
            0.015401106374518298
          ],
          [
            "world",
            0.015027451240301365
          ],
          [
            "graph",
            0.014742902811737433
          ]
        ],
        "count": 179
      },
      "11": {
        "name": "11_centrality_measures_nodes_network",
        "keywords": [
          [
            "centrality",
            0.08766710830280895
          ],
          [
            "measures",
            0.03322404080301448
          ],
          [
            "nodes",
            0.03321107625181428
          ],
          [
            "network",
            0.030859489441485952
          ],
          [
            "networks",
            0.02948126594576642
          ],
          [
            "centrality measures",
            0.027741736672825743
          ],
          [
            "Centrality",
            0.02317509148036588
          ],
          [
            "node",
            0.02194020586296461
          ],
          [
            "importance",
            0.016702860606600048
          ],
          [
            "centralities",
            0.016508896613102533
          ]
        ],
        "count": 161
      }
    },
    "correlations": [
      [
        1.0,
        -0.4074021482124196,
        -0.7302684770665356,
        -0.6755830500802857,
        -0.45265847598221276,
        -0.6804047810326994,
        -0.5508712209257572,
        -0.6603799156254209,
        -0.6579603134708703,
        -0.7294082452832775,
        -0.6785128645629657,
        -0.7096906333686182
      ],
      [
        -0.4074021482124196,
        1.0,
        -0.7217663320259339,
        -0.7162630570676554,
        -0.659222008654335,
        -0.7230620246961671,
        -0.7195533662673252,
        -0.666541525312893,
        -0.7120742529337925,
        -0.7392310232547734,
        -0.7052944341440641,
        -0.7186286141048874
      ],
      [
        -0.7302684770665356,
        -0.7217663320259339,
        1.0,
        -0.6641033484396555,
        -0.6723294447256357,
        -0.7246790290575257,
        -0.7084104815654317,
        -0.49655718147233946,
        -0.686695189063341,
        -0.7238484468383124,
        -0.5928500950023794,
        -0.6042168323882556
      ],
      [
        -0.6755830500802857,
        -0.7162630570676554,
        -0.6641033484396555,
        1.0,
        -0.6343042478303151,
        -0.714630707934697,
        -0.7011076690722494,
        -0.6006301823018851,
        -0.6656932699983786,
        -0.696284462614289,
        -0.46853392274940675,
        -0.5401191412122985
      ],
      [
        -0.45265847598221276,
        -0.659222008654335,
        -0.6723294447256357,
        -0.6343042478303151,
        1.0,
        -0.7042150897897772,
        -0.658743292558057,
        -0.6223020582692703,
        -0.4940978922492575,
        -0.5994913155509303,
        -0.4430085459856994,
        -0.5619902987684056
      ],
      [
        -0.6804047810326994,
        -0.7230620246961671,
        -0.7246790290575257,
        -0.714630707934697,
        -0.7042150897897772,
        1.0,
        -0.7280274095727699,
        -0.7148871807102569,
        -0.721282407528876,
        -0.7439573471791269,
        -0.7052320925226259,
        -0.7210755366485957
      ],
      [
        -0.5508712209257572,
        -0.7195533662673252,
        -0.7084104815654317,
        -0.7011076690722494,
        -0.658743292558057,
        -0.7280274095727699,
        1.0,
        -0.6952087658760617,
        -0.6812095110969245,
        -0.7403235193817974,
        -0.6937109170932017,
        -0.7330410709116426
      ],
      [
        -0.6603799156254209,
        -0.666541525312893,
        -0.49655718147233946,
        -0.6006301823018851,
        -0.6223020582692703,
        -0.7148871807102569,
        -0.6952087658760617,
        1.0,
        -0.6727822345552114,
        -0.6976611360527916,
        -0.5236096636300311,
        -0.5758333476420873
      ],
      [
        -0.6579603134708703,
        -0.7120742529337925,
        -0.686695189063341,
        -0.6656932699983786,
        -0.4940978922492575,
        -0.721282407528876,
        -0.6812095110969245,
        -0.6727822345552114,
        1.0,
        -0.7061478059683333,
        -0.5456375284222186,
        -0.6353256026674723
      ],
      [
        -0.7294082452832775,
        -0.7392310232547734,
        -0.7238484468383124,
        -0.696284462614289,
        -0.5994913155509303,
        -0.7439573471791269,
        -0.7403235193817974,
        -0.6976611360527916,
        -0.7061478059683333,
        1.0,
        -0.5232987525938501,
        -0.5346621459258167
      ],
      [
        -0.6785128645629657,
        -0.7052944341440641,
        -0.5928500950023794,
        -0.46853392274940675,
        -0.4430085459856994,
        -0.7052320925226259,
        -0.6937109170932017,
        -0.5236096636300311,
        -0.5456375284222186,
        -0.5232987525938501,
        1.0,
        -0.30436774756974583
      ],
      [
        -0.7096906333686182,
        -0.7186286141048874,
        -0.6042168323882556,
        -0.5401191412122985,
        -0.5619902987684056,
        -0.7210755366485957,
        -0.7330410709116426,
        -0.5758333476420873,
        -0.6353256026674723,
        -0.5346621459258167,
        -0.30436774756974583,
        1.0
      ]
    ],
    "series": {
      "2020-01": [
        49,
        2,
        15,
        18,
        21,
        6,
        12,
        2,
        7,
        2,
        14,
        9
      ],
      "2020-02": [
        31,
        9,
        14,
        16,
        10,
        8,
        11,
        9,
        9,
        4,
        15,
        9
      ],
      "2020-03": [
        55,
        10,
        15,
        11,
        15,
        3,
        7,
        10,
        8,
        2,
        11,
        11
      ],
      "2020-04": [
        94,
        20,
        5,
        17,
        21,
        12,
        13,
        13,
        20,
        4,
        22,
        2
      ],
      "2020-05": [
        89,
        5,
        16,
        15,
        18,
        9,
        10,
        17,
        9,
        1,
        15,
        15
      ],
      "2020-06": [
        85,
        8,
        30,
        18,
        30,
        5,
        10,
        15,
        19,
        1,
        23,
        14
      ],
      "2020-07": [
        63,
        9,
        20,
        14,
        19,
        7,
        11,
        20,
        4,
        5,
        12,
        12
      ],
      "2020-08": [
        80,
        14,
        15,
        8,
        21,
        8,
        10,
        15,
        7,
        2,
        30,
        10
      ],
      "2020-09": [
        61,
        9,
        25,
        13,
        20,
        7,
        10,
        13,
        9,
        1,
        14,
        4
      ],
      "2020-10": [
        64,
        12,
        16,
        11,
        17,
        5,
        5,
        12,
        14,
        2,
        14,
        8
      ],
      "2020-11": [
        54,
        7,
        12,
        12,
        20,
        3,
        2,
        11,
        10,
        3,
        15,
        7
      ],
      "2020-12": [
        51,
        7,
        13,
        12,
        23,
        6,
        8,
        10,
        11,
        1,
        25,
        9
      ],
      "2021-01": [
        58,
        5,
        12,
        14,
        17,
        9,
        7,
        9,
        3,
        1,
        14,
        11
      ],
      "2021-02": [
        51,
        15,
        25,
        13,
        18,
        1,
        6,
        8,
        6,
        3,
        7,
        10
      ],
      "2021-03": [
        50,
        5,
        16,
        13,
        21,
        7,
        9,
        7,
        0,
        1,
        25,
        10
      ],
      "2021-04": [
        61,
        9,
        25,
        7,
        17,
        6,
        10,
        12,
        7,
        1,
        8,
        3
      ],
      "2021-05": [
        40,
        7,
        23,
        17,
        28,
        9,
        10,
        11,
        8,
        4,
        13,
        15
      ],
      "2021-06": [
        52,
        8,
        21,
        13,
        20,
        10,
        11,
        13,
        11,
        1,
        14,
        10
      ],
      "2021-07": [
        41,
        6,
        8,
        12,
        18,
        7,
        8,
        11,
        6,
        0,
        14,
        11
      ],
      "2021-08": [
        30,
        5,
        13,
        9,
        7,
        6,
        10,
        8,
        4,
        2,
        14,
        5
      ],
      "2021-09": [
        50,
        6,
        14,
        11,
        15,
        4,
        7,
        8,
        11,
        1,
        14,
        5
      ],
      "2021-10": [
        51,
        1,
        19,
        13,
        14,
        5,
        9,
        18,
        11,
        2,
        22,
        6
      ],
      "2021-11": [
        45,
        9,
        9,
        14,
        13,
        3,
        3,
        12,
        3,
        0,
        18,
        7
      ],
      "2021-12": [
        20,
        4,
        20,
        17,
        18,
        6,
        10,
        9,
        2,
        4,
        17,
        12
      ],
      "2022-01": [
        42,
        9,
        13,
        16,
        17,
        3,
        9,
        7,
        6,
        2,
        11,
        13
      ],
      "2022-02": [
        46,
        5,
        22,
        10,
        13,
        4,
        7,
        9,
        4,
        1,
        9,
        8
      ],
      "2022-03": [
        51,
        4,
        13,
        18,
        20,
        3,
        9,
        18,
        9,
        5,
        10,
        9
      ],
      "2022-04": [
        36,
        5,
        8,
        8,
        21,
        4,
        8,
        8,
        8,
        6,
        6,
        6
      ],
      "2022-05": [
        39,
        6,
        11,
        12,
        12,
        7,
        4,
        11,
        4,
        4,
        16,
        12
      ],
      "2022-06": [
        34,
        3,
        20,
        10,
        19,
        7,
        4,
        11,
        11,
        2,
        18,
        6
      ],
      "2022-07": [
        42,
        3,
        14,
        7,
        13,
        2,
        8,
        14,
        4,
        3,
        15,
        9
      ],
      "2022-08": [
        37,
        4,
        14,
        6,
        17,
        5,
        9,
        8,
        3,
        1,
        11,
        7
      ],
      "2022-09": [
        43,
        2,
        17,
        9,
        13,
        6,
        5,
        7,
        7,
        3,
        20,
        8
      ],
      "2022-10": [
        54,
        6,
        17,
        14,
        14,
        10,
        10,
        16,
        4,
        2,
        16,
        9
      ],
      "2022-11": [
        42,
        1,
        25,
        15,
        16,
        5,
        6,
        11,
        10,
        5,
        12,
        9
      ],
      "2022-12": [
        29,
        7,
        19,
        20,
        18,
        2,
        7,
        10,
        6,
        1,
        13,
        6
      ],
      "2023-01": [
        42,
        6,
        18,
        13,
        9,
        5,
        4,
        11,
        8,
        3,
        8,
        7
      ],
      "2023-02": [
        47,
        0,
        17,
        11,
        8,
        3,
        5,
        19,
        8,
        0,
        14,
        1
      ],
      "2023-03": [
        49,
        5,
        13,
        13,
        19,
        9,
        5,
        14,
        6,
        5,
        16,
        10
      ],
      "2023-04": [
        43,
        2,
        13,
        9,
        19,
        10,
        3,
        10,
        5,
        1,
        11,
        3
      ],
      "2023-05": [
        48,
        4,
        30,
        11,
        19,
        5,
        10,
        9,
        11,
        2,
        14,
        10
      ],
      "2023-06": [
        35,
        3,
        34,
        12,
        17,
        13,
        12,
        18,
        7,
        2,
        11,
        12
      ],
      "2023-07": [
        46,
        6,
        19,
        17,
        19,
        4,
        5,
        17,
        7,
        3,
        15,
        6
      ],
      "2023-08": [
        33,
        5,
        27,
        10,
        13,
        13,
        11,
        9,
        9,
        1,
        14,
        14
      ],
      "2023-09": [
        50,
        7,
        17,
        11,
        15,
        5,
        2,
        8,
        8,
        3,
        15,
        11
      ],
      "2023-10": [
        56,
        3,
        17,
        10,
        19,
        6,
        6,
        8,
        8,
        6,
        15,
        9
      ],
      "2023-11": [
        41,
        8,
        26,
        15,
        20,
        8,
        4,
        16,
        9,
        1,
        11,
        4
      ],
      "2023-12": [
        50,
        4,
        23,
        12,
        14,
        8,
        6,
        10,
        10,
        3,
        12,
        5
      ],
      "2024-01": [
        55,
        6,
        35,
        16,
        17,
        5,
        9,
        10,
        3,
        1,
        13,
        10
      ],
      "2024-02": [
        66,
        2,
        39,
        18,
        22,
        12,
        10,
        13,
        9,
        2,
        14,
        12
      ],
      "2024-03": [
        54,
        3,
        30,
        16,
        24,
        8,
        9,
        13,
        7,
        2,
        13,
        8
      ],
      "2024-04": [
        56,
        2,
        16,
        7,
        13,
        5,
        4,
        11,
        5,
        1,
        8,
        5
      ],
      "2024-05": [
        46,
        7,
        17,
        17,
        4,
        5,
        7,
        13,
        10,
        2,
        15,
        10
      ],
      "2024-06": [
        50,
        5,
        22,
        18,
        23,
        11,
        4,
        11,
        12,
        2,
        16,
        9
      ],
      "2024-07": [
        68,
        3,
        26,
        11,
        17,
        6,
        7,
        5,
        4,
        5,
        11,
        6
      ],
      "2024-08": [
        36,
        4,
        18,
        15,
        12,
        10,
        6,
        8,
        3,
        1,
        12,
        6
      ],
      "2024-09": [
        52,
        3,
        22,
        13,
        14,
        7,
        3,
        14,
        7,
        4,
        18,
        8
      ],
      "2024-10": [
        60,
        9,
        16,
        22,
        28,
        9,
        14,
        9,
        12,
        4,
        8,
        5
      ],
      "2024-11": [
        42,
        4,
        22,
        13,
        14,
        5,
        4,
        10,
        5,
        6,
        12,
        5
      ],
      "2024-12": [
        51,
        8,
        13,
        20,
        15,
        7,
        6,
        17,
        12,
        3,
        7,
        8
      ],
      "2025-01": [
        49,
        4,
        15,
        23,
        23,
        11,
        9,
        15,
        6,
        1,
        6,
        5
      ],
      "2025-02": [
        54,
        6,
        15,
        21,
        23,
        14,
        10,
        7,
        8,
        3,
        22,
        8
      ],
      "2025-03": [
        62,
        4,
        13,
        9,
        13,
        12,
        5,
        11,
        10,
        3,
        18,
        4
      ],
      "2025-04": [
        48,
        6,
        7,
        16,
        17,
        10,
        5,
        7,
        8,
        1,
        12,
        5
      ],
      "2025-05": [
        61,
        7,
        15,
        19,
        22,
        7,
        7,
        17,
        7,
        1,
        18,
        10
      ],
      "2025-06": [
        47,
        3,
        14,
        14,
        16,
        5,
        4,
        10,
        4,
        4,
        7,
        9
      ],
      "2025-07": [
        52,
        7,
        7,
        11,
        12,
        7,
        9,
        14,
        3,
        4,
        11,
        10
      ],
      "2025-08": [
        49,
        3,
        6,
        16,
        7,
        4,
        6,
        5,
        7,
        1,
        12,
        10
      ],
      "2025-09": [
        29,
        2,
        1,
        7,
        12,
        4,
        4,
        7,
        3,
        1,
        5,
        3
      ]
    },
    "papers": {
      "0": [
        {
          "title": "An Exploratory Study of COVID-19 Misinformation on Twitter",
          "year": "2020-05",
          "abstract": "During the COVID-19 pandemic, social media has become a home ground for\nmisinformation. To tackle this infodemic, scientific oversight, as well as a\nbetter understanding by practitioners in crisis management, is needed. We have\nconducted an exploratory study into the propagation, authors and content of\nmisinformation on Twitter around the topic of COVID-19 in order to gain early\ninsights. We have collected all tweets mentioned in the verdicts of\nfact-checked claims related to COVID-19 by over 92 professional fact-checking\norganisations between January and mid-July 2020 and share this corpus with the\ncommunity. This resulted in 1 500 tweets relating to 1 274 false and 276\npartially false claims, respectively. Exploratory analysis of author accounts\nrevealed that the verified twitter handle(including Organisation/celebrity) are\nalso involved in either creating (new tweets) or spreading (retweet) the\nmisinformation. Additionally, we found that false claims propagate faster than\npartially false claims. Compare to a background corpus of COVID-19 tweets,\ntweets with misinformation are more often concerned with discrediting other\ninformation on social media. Authors use less tentative language and appear to\nbe more driven by concerns of potential harm to others. Our results enable us\nto suggest gaps in the current scientific coverage of the topic as well as\npropose actions for authorities and social media users to counter\nmisinformation.",
          "arxiv_id": "2005.05710v2"
        },
        {
          "title": "What social media told about us in the time of COVID-19: a scoping review",
          "year": "2021-01",
          "abstract": "With the onset of COVID-19 pandemic, social media has rapidly become a\ncrucial communication tool for information generation, dissemination, and\nconsumption. In this scoping review, we selected and examined peer-reviewed\nempirical studies relating to COVID-19 and social media during the first\noutbreak starting in November 2019 until May 2020. From an analysis of 81\nstudies, we identified five overarching public health themes concerning the\nrole of online social platforms and COVID-19. These themes focused on: (i)\nsurveying public attitudes, (ii) identifying infodemics, (iii) assessing mental\nhealth, (iv) detecting or predicting COVID-19 cases, (v) analyzing government\nresponses to the pandemic, and (vi) evaluating quality of health information in\nprevention education videos. Furthermore, our review highlights the paucity of\nstudies on the application of machine learning on social media data related to\nCOVID-19 and a lack of studies documenting real-time surveillance developed\nwith social media data on COVID-19. For COVID-19, social media can play a\ncrucial role in disseminating health information as well as tackling infodemics\nand misinformation.",
          "arxiv_id": "2101.01688v2"
        },
        {
          "title": "Bridging the Gap: Commonality and Differences between Online and Offline COVID-19 Data",
          "year": "2022-08",
          "abstract": "With the onset of the COVID-19 pandemic, news outlets and social media have\nbecome central tools for disseminating and consuming information. Because of\ntheir ease of access, users seek COVID-19-related information from online\nsocial media (i.e., online news) and news outlets (i.e., offline news). Online\nand offline news are often connected, sharing common topics while each has\nunique, different topics. A gap between these two news sources can lead to\nmisinformation propagation. For instance, according to the Guardian, most\nCOVID-19 misinformation comes from users on social media. Without fact-checking\nsocial media news, misinformation can lead to health threats. In this paper, we\nfocus on the novel problem of bridging the gap between online and offline data\nby monitoring their common and distinct topics generated over time. We employ\nTwitter (online) and local news (offline) data for a time span of two years.\nUsing online matrix factorization, we analyze and study online and offline\nCOVID-19-related data differences and commonalities. We design experiments to\nshow how online and offline data are linked together and what trends they\nfollow.",
          "arxiv_id": "2208.03907v3"
        }
      ],
      "1": [
        {
          "title": "Examining COVID-19 Forecasting using Spatio-Temporal Graph Neural Networks",
          "year": "2020-07",
          "abstract": "In this work, we examine a novel forecasting approach for COVID-19 case\nprediction that uses Graph Neural Networks and mobility data. In contrast to\nexisting time series forecasting models, the proposed approach learns from a\nsingle large-scale spatio-temporal graph, where nodes represent the\nregion-level human mobility, spatial edges represent the human mobility based\ninter-region connectivity, and temporal edges represent node features through\ntime. We evaluate this approach on the US county level COVID-19 dataset, and\ndemonstrate that the rich spatial and temporal information leveraged by the\ngraph neural network allows the model to learn complex dynamics. We show a 6%\nreduction of RMSLE and an absolute Pearson Correlation improvement from 0.9978\nto 0.998 compared to the best performing baseline models. This novel source of\ninformation combined with graph based deep learning approaches can be a\npowerful tool to understand the spread and evolution of COVID-19. We encourage\nothers to further develop a novel modeling paradigm for infectious disease\nbased on GNNs and high resolution mobility data.",
          "arxiv_id": "2007.03113v1"
        },
        {
          "title": "WorldMove, a global open data for human mobility",
          "year": "2025-04",
          "abstract": "High-quality human mobility data is crucial for applications such as urban\nplanning, transportation management, and public health, yet its collection is\noften hindered by privacy concerns and data scarcity-particularly in\nless-developed regions. To address this challenge, we introduce WorldMove, a\nlarge-scale synthetic mobility dataset covering over 1,600 cities across 179\ncountries and 6 continents. Our method leverages publicly available\nmulti-source data, including gridded population distribution, point-of-interest\n(POI) maps, and commuting origin-destination (OD) flows-to generate realistic\ncity-scale mobility trajectories using a diffusion-based generative model. The\ngeneration process involves defining city boundaries, collecting multi-source\ninput features, and simulating individual-level movements that reflect\nplausible daily mobility behavior. Comprehensive validation demonstrates that\nthe generated data closely aligns with real-world observations, both in terms\nof fine-grained individual mobility behavior and city-scale population flows.\nAlongside the pre-generated datasets, we release the trained model and a\ncomplete open-source pipeline, enabling researchers and practitioners to\ngenerate custom synthetic mobility data for any city worldwide. This work not\nonly fills critical data gaps, but also lays a global foundation for scalable,\nprivacy-preserving, and inclusive mobility research-empowering data-scarce\nregions and enabling universal access to human mobility insights.",
          "arxiv_id": "2504.10506v1"
        },
        {
          "title": "How mobility patterns drive disease spread: A case study using public transit passenger card travel data",
          "year": "2020-04",
          "abstract": "Outbreaks of infectious diseases present a global threat to human health and\nare considered a major health-care challenge. One major driver for the rapid\nspatial spread of diseases is human mobility. In particular, the travel\npatterns of individuals determine their spreading potential to a great extent.\nThese travel behaviors can be captured and modelled using novel location-based\ndata sources, e.g., smart travel cards, social media, etc. Previous studies\nhave shown that individuals who cannot be characterized by their most\nfrequently visited locations spread diseases farther and faster; however, these\nstudies are based on GPS data and mobile call records which have position\nuncertainty and do not capture explicit contacts. It is unclear if the same\nconclusions hold for large scale real-world transport networks. In this paper,\nwe investigate how mobility patterns impact disease spread in a large-scale\npublic transit network of empirical data traces. In contrast to previous\nfindings, our results reveal that individuals with mobility patterns\ncharacterized by their most frequently visited locations and who typically\ntravel large distances pose the highest spreading risk.",
          "arxiv_id": "2004.01466v1"
        }
      ],
      "2": [
        {
          "title": "GCC: Graph Contrastive Coding for Graph Neural Network Pre-Training",
          "year": "2020-06",
          "abstract": "Graph representation learning has emerged as a powerful technique for\naddressing real-world problems. Various downstream graph learning tasks have\nbenefited from its recent developments, such as node classification, similarity\nsearch, and graph classification. However, prior arts on graph representation\nlearning focus on domain specific problems and train a dedicated model for each\ngraph dataset, which is usually non-transferable to out-of-domain data.\nInspired by the recent advances in pre-training from natural language\nprocessing and computer vision, we design Graph Contrastive Coding (GCC) -- a\nself-supervised graph neural network pre-training framework -- to capture the\nuniversal network topological properties across multiple networks. We design\nGCC's pre-training task as subgraph instance discrimination in and across\nnetworks and leverage contrastive learning to empower graph neural networks to\nlearn the intrinsic and transferable structural representations. We conduct\nextensive experiments on three graph learning tasks and ten graph datasets. The\nresults show that GCC pre-trained on a collection of diverse datasets can\nachieve competitive or better performance to its task-specific and\ntrained-from-scratch counterparts. This suggests that the pre-training and\nfine-tuning paradigm presents great potential for graph representation\nlearning.",
          "arxiv_id": "2006.09963v3"
        },
        {
          "title": "Conditional Local Feature Encoding for Graph Neural Networks",
          "year": "2024-05",
          "abstract": "Graph neural networks (GNNs) have shown great success in learning from\ngraph-based data. The key mechanism of current GNNs is message passing, where a\nnode's feature is updated based on the information passing from its local\nneighbourhood. A limitation of this mechanism is that node features become\nincreasingly dominated by the information aggregated from the neighbourhood as\nwe use more rounds of message passing. Consequently, as the GNN layers become\ndeeper, adjacent node features tends to be similar, making it more difficult\nfor GNNs to distinguish adjacent nodes, thereby, limiting the performance of\nGNNs. In this paper, we propose conditional local feature encoding (CLFE) to\nhelp prevent the problem of node features being dominated by the information\nfrom local neighbourhood. The idea of our method is to extract the node hidden\nstate embedding from message passing process and concatenate it with the nodes\nfeature from previous stage, then we utilise linear transformation to form a\nCLFE based on the concatenated vector. The CLFE will form the layer output to\nbetter preserve node-specific information, thus help to improve the performance\nof GNN models. To verify the feasibility of our method, we conducted extensive\nexperiments on seven benchmark datasets for four graph domain tasks:\nsuper-pixel graph classification, node classification, link prediction, and\ngraph regression. The experimental results consistently demonstrate that our\nmethod improves model performance across a variety of baseline GNN models for\nall four tasks.",
          "arxiv_id": "2405.04755v1"
        },
        {
          "title": "CAGNN: Cluster-Aware Graph Neural Networks for Unsupervised Graph Representation Learning",
          "year": "2020-09",
