{
  "topics": {
    "data": {
      "0": {
        "name": "0_speech_ASR_model_models",
        "keywords": [
          [
            "speech",
            0.024665049211856967
          ],
          [
            "ASR",
            0.017933849407870697
          ],
          [
            "model",
            0.016080309372167235
          ],
          [
            "models",
            0.014066962690344149
          ],
          [
            "Speech",
            0.01261686504881634
          ],
          [
            "language",
            0.012288277040345382
          ],
          [
            "training",
            0.011871201279461513
          ],
          [
            "data",
            0.011780985690274536
          ],
          [
            "TTS",
            0.011676440287705106
          ],
          [
            "text",
            0.011451181430462587
          ]
        ],
        "count": 3710
      },
      "1": {
        "name": "1_music_generation_musical_audio",
        "keywords": [
          [
            "music",
            0.04381413738878939
          ],
          [
            "generation",
            0.019898128698315604
          ],
          [
            "musical",
            0.018105421145693627
          ],
          [
            "audio",
            0.01750203334472416
          ],
          [
            "Music",
            0.016662085408757788
          ],
          [
            "model",
            0.013032922308033965
          ],
          [
            "models",
            0.011563103381899491
          ],
          [
            "text",
            0.009158183044818058
          ],
          [
            "music generation",
            0.008639264506386435
          ],
          [
            "symbolic",
            0.008258744732023936
          ]
        ],
        "count": 1396
      },
      "2": {
        "name": "2_speaker_Speaker_diarization_speech",
        "keywords": [
          [
            "speaker",
            0.04315876204517221
          ],
          [
            "Speaker",
            0.01898820438436267
          ],
          [
            "diarization",
            0.01709308840464635
          ],
          [
            "speech",
            0.014355974407014315
          ],
          [
            "verification",
            0.012327751612150323
          ],
          [
            "model",
            0.011685724522850124
          ],
          [
            "visual",
            0.011042980458493867
          ],
          [
            "performance",
            0.010945645168372847
          ],
          [
            "recognition",
            0.01093948401406091
          ],
          [
            "speaker verification",
            0.010820597259320207
          ]
        ],
        "count": 1117
      },
      "3": {
        "name": "3_attacks_audio_detection_adversarial",
        "keywords": [
          [
            "attacks",
            0.022289710277884865
          ],
          [
            "audio",
            0.019997649159432248
          ],
          [
            "detection",
            0.018221893469072832
          ],
          [
            "adversarial",
            0.0172274534995553
          ],
          [
            "deepfake",
            0.01582506927391507
          ],
          [
            "speech",
            0.015713369035760115
          ],
          [
            "spoofing",
            0.013838405405593328
          ],
          [
            "attack",
            0.013356836403436552
          ],
          [
            "privacy",
            0.012423955399290552
          ],
          [
            "speaker",
            0.011853833959845444
          ]
        ],
        "count": 888
      },
      "4": {
        "name": "4_enhancement_speech_speech enhancement_noise",
        "keywords": [
          [
            "enhancement",
            0.0294152882587389
          ],
          [
            "speech",
            0.02874768509255403
          ],
          [
            "speech enhancement",
            0.0248646728212655
          ],
          [
            "noise",
            0.014997729009352674
          ],
          [
            "channel",
            0.013974889260040336
          ],
          [
            "network",
            0.013771512891002879
          ],
          [
            "Speech",
            0.012974842550604554
          ],
          [
            "Enhancement",
            0.012828164985070223
          ],
          [
            "SE",
            0.012754659318578292
          ],
          [
            "performance",
            0.012523337039795747
          ]
        ],
        "count": 751
      },
      "5": {
        "name": "5_sound_acoustic_room_source",
        "keywords": [
          [
            "sound",
            0.029488555623634446
          ],
          [
            "acoustic",
            0.019336088125001608
          ],
          [
            "room",
            0.016760905628220284
          ],
          [
            "source",
            0.01514129045460834
          ],
          [
            "method",
            0.015099805226619571
          ],
          [
            "microphone",
            0.013724536447193299
          ],
          [
            "field",
            0.013500438468072373
          ],
          [
            "spatial",
            0.013095481492011436
          ],
          [
            "estimation",
            0.011981144480088768
          ],
          [
            "localization",
            0.011908043634237463
          ]
        ],
        "count": 681
      },
      "6": {
        "name": "6_event_audio_sound_classification",
        "keywords": [
          [
            "event",
            0.020407033855806726
          ],
          [
            "audio",
            0.020390727354704895
          ],
          [
            "sound",
            0.019961428737572513
          ],
          [
            "classification",
            0.015825987445190395
          ],
          [
            "events",
            0.012918496258919132
          ],
          [
            "data",
            0.012569830719937647
          ],
          [
            "SED",
            0.012531382206027866
          ],
          [
            "sound event",
            0.012482068962519821
          ],
          [
            "Sound",
            0.011782974473378992
          ],
          [
            "learning",
            0.011529076955600664
          ]
        ],
        "count": 618
      },
      "7": {
        "name": "7_emotion_emotion recognition_Emotion_recognition",
        "keywords": [
          [
            "emotion",
            0.04086556897674479
          ],
          [
            "emotion recognition",
            0.02615030313231896
          ],
          [
            "Emotion",
            0.025239501617280034
          ],
          [
            "recognition",
            0.02023959424359984
          ],
          [
            "Recognition",
            0.01615925835196395
          ],
          [
            "emotional",
            0.014328251925144813
          ],
          [
            "speech",
            0.01423231194207246
          ],
          [
            "speech emotion",
            0.013928970609938977
          ],
          [
            "emotions",
            0.01387158459116965
          ],
          [
            "Speech",
            0.013350498742488802
          ]
        ],
        "count": 542
      },
      "8": {
        "name": "8_speech_EEG_features_dysarthric",
        "keywords": [
          [
            "speech",
            0.03043990663076137
          ],
          [
            "EEG",
            0.017924884676701038
          ],
          [
            "features",
            0.015344777305415676
          ],
          [
            "dysarthric",
            0.013089496502582431
          ],
          [
            "articulatory",
            0.012393811514299293
          ],
          [
            "data",
            0.011136671565559562
          ],
          [
            "Speech",
            0.0111010122693329
          ],
          [
            "model",
            0.010412955242358012
          ],
          [
            "signals",
            0.008865394331012114
          ],
          [
            "classification",
            0.008679502563590126
          ]
        ],
        "count": 535
      },
      "9": {
        "name": "9_audio_visual_Audio_text",
        "keywords": [
          [
            "audio",
            0.048272932677527525
          ],
          [
            "visual",
            0.023851511963272582
          ],
          [
            "Audio",
            0.02363182815998132
          ],
          [
            "text",
            0.01583374640672776
          ],
          [
            "captioning",
            0.01353781626859514
          ],
          [
            "language",
            0.013468007856808108
          ],
          [
            "video",
            0.012307207586256953
          ],
          [
            "models",
            0.012217115026127046
          ],
          [
            "modal",
            0.011352475317794047
          ],
          [
            "sound",
            0.011086720936446817
          ]
        ],
        "count": 517
      },
      "10": {
        "name": "10_speech_quality_audio_neural",
        "keywords": [
          [
            "speech",
            0.022183051722476452
          ],
          [
            "quality",
            0.018234790370444447
          ],
          [
            "audio",
            0.015626255025198734
          ],
          [
            "neural",
            0.01521515342104825
          ],
          [
            "model",
            0.014256844870849798
          ],
          [
            "high",
            0.01345122752835521
          ],
          [
            "models",
            0.013390439063525541
          ],
          [
            "generative",
            0.012450447115774633
          ],
          [
            "codecs",
            0.012196884691688089
          ],
          [
            "vocoder",
            0.012191894594915787
          ]
        ],
        "count": 349
      },
      "11": {
        "name": "11_COVID_respiratory_cough_heart",
        "keywords": [
          [
            "COVID",
            0.04037034915291991
          ],
          [
            "respiratory",
            0.02900955355631456
          ],
          [
            "cough",
            0.02617290401728421
          ],
          [
            "heart",
            0.019646741896204037
          ],
          [
            "sounds",
            0.01865996903879566
          ],
          [
            "sound",
            0.017212819359609503
          ],
          [
            "detection",
            0.014581542460775216
          ],
          [
            "classification",
            0.014232348142575539
          ],
          [
            "data",
            0.013176120604777236
          ],
          [
            "learning",
            0.01233244369035914
          ]
        ],
        "count": 331
      },
      "12": {
        "name": "12_separation_source_source separation_audio",
        "keywords": [
          [
            "separation",
            0.027683539295826346
          ],
          [
            "source",
            0.022334438779493874
          ],
          [
            "source separation",
            0.02224719986497567
          ],
          [
            "audio",
            0.021187737197867273
          ],
          [
            "music",
            0.015677625456539283
          ],
          [
            "model",
            0.013589232577095071
          ],
          [
            "effects",
            0.01298296195450178
          ],
          [
            "neural",
            0.01210102513016368
          ],
          [
            "time",
            0.010959957712895837
          ],
          [
            "sound",
            0.010887281247034987
          ]
        ],
        "count": 303
      },
      "13": {
        "name": "13_singing_singing voice_voice_Singing",
        "keywords": [
          [
            "singing",
            0.08268055888992547
          ],
          [
            "singing voice",
            0.04643518274556669
          ],
          [
            "voice",
            0.042884125276273395
          ],
          [
            "Singing",
            0.03327005324837384
          ],
          [
            "SVS",
            0.02672028817565196
          ],
          [
            "singer",
            0.02150504739791059
          ],
          [
            "Voice",
            0.018727199572302417
          ],
          [
            "voice synthesis",
            0.018682562619222853
          ],
          [
            "pitch",
            0.01829213874977256
          ],
          [
            "singing voice synthesis",
            0.01625341923074023
          ]
        ],
        "count": 190
      },
      "14": {
        "name": "14_species_bird_classification_data",
        "keywords": [
          [
            "species",
            0.036053799561024814
          ],
          [
            "bird",
            0.025968135084434386
          ],
          [
            "classification",
            0.021554930272881738
          ],
          [
            "data",
            0.019962391296567284
          ],
          [
            "monitoring",
            0.019564833983012966
          ],
          [
            "learning",
            0.018385009193117356
          ],
          [
            "bioacoustic",
            0.015689039195972965
          ],
          [
            "animal",
            0.014048260324997276
          ],
          [
            "vocalizations",
            0.013904391414981423
          ],
          [
            "acoustic",
            0.013897285365491067
          ]
        ],
        "count": 172
      },
      "15": {
        "name": "15_KWS_keyword_spotting_Keyword",
        "keywords": [
          [
            "KWS",
            0.05840247818462445
          ],
          [
            "keyword",
            0.04745709118563305
          ],
          [
            "spotting",
            0.03378947645389047
          ],
          [
            "Keyword",
            0.03168313416189051
          ],
          [
            "keyword spotting",
            0.02826884049998163
          ],
          [
            "Spotting",
            0.023568647066597583
          ],
          [
            "keywords",
            0.018675650699328705
          ],
          [
            "model",
            0.016224860711893246
          ],
          [
            "devices",
            0.011970910910662574
          ],
          [
            "false",
            0.011204341500538884
          ]
        ],
        "count": 171
      },
      "16": {
        "name": "16_face_talking_lip_speech",
        "keywords": [
          [
            "face",
            0.034098063775325954
          ],
          [
            "talking",
            0.030615816226344596
          ],
          [
            "lip",
            0.02794589972778246
          ],
          [
            "speech",
            0.024914750462236807
          ],
          [
            "facial",
            0.024089875178023353
          ],
          [
            "video",
            0.023353838059136465
          ],
          [
            "audio",
            0.018653872600096735
          ],
          [
            "head",
            0.015188438195456006
          ],
          [
            "3D",
            0.014692195773950057
          ],
          [
            "visual",
            0.01360693678316667
          ]
        ],
        "count": 139
      },
      "17": {
        "name": "17_anomalous_detection_machine_ASD",
        "keywords": [
          [
            "anomalous",
            0.036448999633393986
          ],
          [
            "detection",
            0.03043177223757324
          ],
          [
            "machine",
            0.028858192968544676
          ],
          [
            "ASD",
            0.024427751735183034
          ],
          [
            "sound",
            0.022642854550497648
          ],
          [
            "anomaly",
            0.020078714608235203
          ],
          [
            "Anomalous",
            0.01981008999931344
          ],
          [
            "anomalous sound",
            0.019603667361157595
          ],
          [
            "sounds",
            0.01930884629488213
          ],
          [
            "sound detection",
            0.01906924948482998
          ]
        ],
        "count": 131
      },
      "18": {
        "name": "18_MOS_quality_speech_prediction",
        "keywords": [
          [
            "MOS",
            0.0464717413612549
          ],
          [
            "quality",
            0.03244813178041213
          ],
          [
            "speech",
            0.028214220801855823
          ],
          [
            "prediction",
            0.02436733725975708
          ],
          [
            "speech quality",
            0.022654819562253417
          ],
          [
            "assessment",
            0.01759462017366565
          ],
          [
            "MOS prediction",
            0.017023214024334255
          ],
          [
            "Speech",
            0.01449133518877433
          ],
          [
            "models",
            0.014490244302865954
          ],
          [
            "model",
            0.014250835408449574
          ]
        ],
        "count": 128
      }
    },
    "correlations": [
      [
        1.0,
        -0.7206337354543855,
        -0.6443190640799122,
        -0.6655121708453224,
        -0.6437869035749536,
        -0.7341607340443421,
        -0.7373444360264374,
        -0.6784008685565523,
        -0.5581393639513818,
        -0.697734133910114,
        -0.6225179284326837,
        -0.7501787702639686,
        -0.7237742329563414,
        -0.7336116681716972,
        -0.6906876428597172,
        -0.7518777316558318,
        -0.6552465520819799,
        -0.7457231522902348,
        -0.6341041159893805
      ],
      [
        -0.7206337354543855,
        1.0,
        -0.7562920511557432,
        -0.6912665802246325,
        -0.7463694823385443,
        -0.7432746980580954,
        -0.6919193657015887,
        -0.7384317977643022,
        -0.7331512457485205,
        -0.6366130691163416,
        -0.7021099341534436,
        -0.7632543380700312,
        -0.6676597075607298,
        -0.7423145802646081,
        -0.7224991610937415,
        -0.7632678816449369,
        -0.7368739341870549,
        -0.7406320163925142,
        -0.7346104259812927
      ],
      [
        -0.6443190640799122,
        -0.7562920511557432,
        1.0,
        -0.6823707368812908,
        -0.7032258344573503,
        -0.7478216645574782,
        -0.7536166540944358,
        -0.6875644135009953,
        -0.6465739266469027,
        -0.723807402763488,
        -0.6994153539904218,
        -0.7556412727620003,
        -0.7200886167279137,
        -0.6943110578501248,
        -0.7239642838244622,
        -0.756698851919055,
        -0.6989557933158215,
        -0.7482256625413579,
        -0.7065346427465866
      ],
      [
        -0.6655121708453224,
        -0.6912665802246325,
        -0.6823707368812908,
        1.0,
        -0.6619781476415787,
        -0.7473061616546589,
        -0.6431465015031084,
        -0.7339497700624549,
        -0.5941744404089462,
        -0.5923979506254637,
        -0.6270642475769015,
        -0.7473316599843224,
        -0.6510051967866123,
        -0.7332496602048846,
        -0.7208049106042205,
        -0.753937091671961,
        -0.600941756068746,
        -0.6156252642375908,
        -0.6545475995631624
      ],
      [
        -0.6437869035749536,
        -0.7463694823385443,
        -0.7032258344573503,
        -0.6619781476415787,
        1.0,
        -0.7294995000657964,
        -0.7456543692096216,
        -0.7416695567404388,
        -0.574105906875277,
        -0.7274198854544598,
        -0.4734534301462657,
        -0.7582564017004746,
        -0.6854472781587462,
        -0.7524123978156116,
        -0.7328527669623952,
        -0.7570073956463004,
        -0.6005551171999509,
        -0.7525197883130315,
        -0.5697105564863671
      ],
      [
        -0.7341607340443421,
        -0.7432746980580954,
        -0.7478216645574782,
        -0.7473061616546589,
        -0.7294995000657964,
        1.0,
        -0.6422511049445607,
        -0.758131081534763,
        -0.7389224419400819,
        -0.7094405284050369,
        -0.7380248248491668,
        -0.7432272539855528,
        -0.7142271790521713,
        -0.7534205475921208,
        -0.7304479367527371,
        -0.7644676033321247,
        -0.7542553791652509,
        -0.657413197629952,
        -0.7495109192273439
      ],
      [
        -0.7373444360264374,
        -0.6919193657015887,
        -0.7536166540944358,
        -0.6431465015031084,
        -0.7456543692096216,
        -0.6422511049445607,
        1.0,
        -0.7466727448445141,
        -0.743433545118704,
        -0.5549952076416478,
        -0.7434820467300964,
        -0.7345063856784437,
        -0.6396557785782936,
        -0.7600121532810181,
        -0.6530907043197909,
        -0.7572784731428649,
        -0.7358314312411861,
        -0.6452500709088584,
        -0.7458793755436242
      ],
      [
        -0.6784008685565523,
        -0.7384317977643022,
        -0.6875644135009953,
        -0.7339497700624549,
        -0.7416695567404388,
        -0.758131081534763,
        -0.7466727448445141,
        1.0,
        -0.6502706500035953,
        -0.7265183273249423,
        -0.734885280843389,
        -0.7601720062511279,
        -0.7522634758476844,
        -0.7510772259803007,
        -0.744599873033283,
        -0.7583631647703131,
        -0.7237979788107824,
        -0.7541735217299652,
        -0.7325879012666465
      ],
      [
        -0.5581393639513818,
        -0.7331512457485205,
        -0.6465739266469027,
        -0.5941744404089462,
        -0.574105906875277,
        -0.7389224419400819,
        -0.743433545118704,
        -0.6502706500035953,
        1.0,
        -0.7202907433384624,
        -0.5355178936524722,
        -0.7483801408315736,
        -0.7344151248864995,
        -0.7384411110265259,
        -0.7297938495717049,
        -0.7554659096724898,
        -0.5148814847721336,
        -0.7386887257431458,
        -0.5824274982040694
      ],
      [
        -0.697734133910114,
        -0.6366130691163416,
        -0.723807402763488,
        -0.5923979506254637,
        -0.7274198854544598,
        -0.7094405284050369,
        -0.5549952076416478,
        -0.7265183273249423,
        -0.7202907433384624,
        1.0,
        -0.7010544633555671,
        -0.7526542329010397,
        -0.6098973613512679,
        -0.7510523171507559,
        -0.7034265776772792,
        -0.7527521921272822,
        -0.6413523293260194,
        -0.7288469738940471,
        -0.7245603916375729
      ],
      [
        -0.6225179284326837,
        -0.7021099341534436,
        -0.6994153539904218,
        -0.6270642475769015,
        -0.4734534301462657,
        -0.7380248248491668,
        -0.7434820467300964,
        -0.734885280843389,
        -0.5355178936524722,
        -0.7010544633555671,
        1.0,
        -0.7564967277262553,
        -0.7229061333602246,
        -0.7179425194183886,
        -0.7305204687280693,
        -0.7599703494590071,
        -0.5543649457447182,
        -0.7510724312896628,
        -0.3018677550893569
      ],
      [
        -0.7501787702639686,
        -0.7632543380700312,
        -0.7556412727620003,
        -0.7473316599843224,
        -0.7582564017004746,
        -0.7432272539855528,
        -0.7345063856784437,
        -0.7601720062511279,
        -0.7483801408315736,
        -0.7526542329010397,
        -0.7564967277262553,
        1.0,
        -0.7581238806313186,
        -0.7597730967917805,
        -0.7326798895519813,
        -0.7584732276341741,
        -0.7599882222076524,
        -0.7167583174222252,
        -0.7600439198711159
      ],
      [
        -0.7237742329563414,
        -0.6676597075607298,
        -0.7200886167279137,
        -0.6510051967866123,
        -0.6854472781587462,
        -0.7142271790521713,
        -0.6396557785782936,
        -0.7522634758476844,
        -0.7344151248864995,
        -0.6098973613512679,
        -0.7229061333602246,
        -0.7581238806313186,
        1.0,
        -0.7325258314866612,
        -0.72754498028935,
        -0.7622317952353669,
        -0.7312261818170936,
        -0.7446993689171331,
        -0.7359844735170198
      ],
      [
        -0.7336116681716972,
        -0.7423145802646081,
        -0.6943110578501248,
        -0.7332496602048846,
        -0.7524123978156116,
        -0.7534205475921208,
        -0.7600121532810181,
        -0.7510772259803007,
        -0.7384411110265259,
        -0.7510523171507559,
        -0.7179425194183886,
        -0.7597730967917805,
        -0.7325258314866612,
        1.0,
        -0.7457053175879031,
        -0.7633148832508443,
        -0.7341728493072014,
        -0.755045135591262,
        -0.720460434590408
      ],
      [
        -0.6906876428597172,
        -0.7224991610937415,
        -0.7239642838244622,
        -0.7208049106042205,
        -0.7328527669623952,
        -0.7304479367527371,
        -0.6530907043197909,
        -0.744599873033283,
        -0.7297938495717049,
        -0.7034265776772792,
        -0.7305204687280693,
        -0.7326798895519813,
        -0.72754498028935,
        -0.7457053175879031,
        1.0,
        -0.7534758965712729,
        -0.7355508890569687,
        -0.6422303442421771,
        -0.7244207257862756
      ],
      [
        -0.7518777316558318,
        -0.7632678816449369,
        -0.756698851919055,
        -0.753937091671961,
        -0.7570073956463004,
        -0.7644676033321247,
        -0.7572784731428649,
        -0.7583631647703131,
        -0.7554659096724898,
        -0.7527521921272822,
        -0.7599703494590071,
        -0.7584732276341741,
        -0.7622317952353669,
        -0.7633148832508443,
        -0.7534758965712729,
        1.0,
        -0.7588099228889422,
        -0.7573221924279414,
        -0.7616821174208851
      ],
      [
        -0.6552465520819799,
        -0.7368739341870549,
        -0.6989557933158215,
        -0.600941756068746,
        -0.6005551171999509,
        -0.7542553791652509,
        -0.7358314312411861,
        -0.7237979788107824,
        -0.5148814847721336,
        -0.6413523293260194,
        -0.5543649457447182,
        -0.7599882222076524,
        -0.7312261818170936,
        -0.7341728493072014,
        -0.7355508890569687,
        -0.7588099228889422,
        1.0,
        -0.7411689145174278,
        -0.5975882609440424
      ],
      [
        -0.7457231522902348,
        -0.7406320163925142,
        -0.7482256625413579,
        -0.6156252642375908,
        -0.7525197883130315,
        -0.657413197629952,
        -0.6452500709088584,
        -0.7541735217299652,
        -0.7386887257431458,
        -0.7288469738940471,
        -0.7510724312896628,
        -0.7167583174222252,
        -0.7446993689171331,
        -0.755045135591262,
        -0.6422303442421771,
        -0.7573221924279414,
        -0.7411689145174278,
        1.0,
        -0.7481119115421881
      ],
      [
        -0.6341041159893805,
        -0.7346104259812927,
        -0.7065346427465866,
        -0.6545475995631624,
        -0.5697105564863671,
        -0.7495109192273439,
        -0.7458793755436242,
        -0.7325879012666465,
        -0.5824274982040694,
        -0.7245603916375729,
        -0.3018677550893569,
        -0.7600439198711159,
        -0.7359844735170198,
        -0.720460434590408,
        -0.7244207257862756,
        -0.7616821174208851,
        -0.5975882609440424,
        -0.7481119115421881,
        1.0
      ]
    ],
    "series": {
      "2020-01": [
        37,
        4,
        11,
        2,
        7,
        2,
        5,
        5,
        2,
        6,
        0,
        3,
        2,
        2,
        3,
        3,
        0,
        0,
        0
      ],
      "2020-02": [
        36,
        5,
        20,
        3,
        15,
        3,
        8,
        8,
        4,
        9,
        0,
        0,
        8,
        4,
        6,
        1,
        3,
        3,
        4
      ],
      "2020-03": [
        32,
        3,
        12,
        3,
        8,
        3,
        3,
        7,
        2,
        4,
        0,
        1,
        5,
        3,
        2,
        0,
        2,
        1,
        6
      ],
      "2020-04": [
        42,
        14,
        23,
        1,
        6,
        1,
        2,
        1,
        4,
        7,
        0,
        5,
        5,
        4,
        1,
        1,
        1,
        2,
        2
      ],
      "2020-05": [
        89,
        5,
        22,
        2,
        18,
        4,
        4,
        7,
        10,
        15,
        1,
        6,
        5,
        6,
        10,
        7,
        2,
        5,
        12
      ],
      "2020-06": [
        49,
        15,
        13,
        2,
        14,
        5,
        3,
        3,
        9,
        8,
        0,
        4,
        5,
        6,
        7,
        1,
        2,
        4,
        3
      ],
      "2020-07": [
        44,
        12,
        21,
        3,
        9,
        9,
        15,
        7,
        3,
        19,
        0,
        0,
        6,
        2,
        4,
        2,
        0,
        1,
        9
      ],
      "2020-08": [
        51,
        24,
        37,
        2,
        11,
        3,
        1,
        10,
        6,
        11,
        1,
        3,
        10,
        9,
        1,
        4,
        3,
        1,
        11
      ],
      "2020-09": [
        24,
        5,
        8,
        0,
        3,
        1,
        2,
        7,
        4,
        3,
        0,
        2,
        4,
        5,
        3,
        4,
        0,
        2,
        7
      ],
      "2020-10": [
        100,
        25,
        42,
        6,
        17,
        9,
        8,
        12,
        6,
        22,
        1,
        6,
        15,
        6,
        7,
        4,
        4,
        1,
        13
      ],
      "2020-11": [
        58,
        12,
        28,
        2,
        20,
        7,
        5,
        6,
        5,
        10,
        1,
        5,
        9,
        5,
        2,
        3,
        1,
        1,
        7
      ],
      "2020-12": [
        36,
        7,
        17,
        2,
        7,
        8,
        1,
        1,
        3,
        6,
        2,
        8,
        3,
        2,
        4,
        1,
        0,
        3,
        8
      ],
      "2021-01": [
        26,
        9,
        7,
        2,
        5,
        2,
        3,
        3,
        1,
        7,
        1,
        5,
        7,
        2,
        1,
        1,
        0,
        1,
        4
      ],
      "2021-02": [
        50,
        11,
        17,
        2,
        13,
        2,
        13,
        9,
        5,
        8,
        1,
        5,
        9,
        7,
        6,
        3,
        2,
        7,
        8
      ],
      "2021-03": [
        52,
        11,
        13,
        7,
        3,
        10,
        6,
        6,
        4,
        8,
        1,
        5,
        7,
        6,
        4,
        3,
        0,
        2,
        10
      ],
      "2021-04": [
        84,
        11,
        24,
        6,
        14,
        6,
        6,
        9,
        8,
        13,
        2,
        5,
        6,
        3,
        3,
        4,
        3,
        1,
        16
      ],
      "2021-05": [
        46,
        11,
        15,
        0,
        13,
        3,
        9,
        7,
        3,
        7,
        1,
        4,
        8,
        5,
        8,
        1,
        3,
        2,
        9
      ],
      "2021-06": [
        72,
        11,
        30,
        2,
        12,
        8,
        11,
        14,
        13,
        11,
        1,
        11,
        10,
        4,
        9,
        5,
        2,
        3,
        11
      ],
      "2021-07": [
        62,
        16,
        23,
        6,
        9,
        6,
        13,
        8,
        5,
        15,
        0,
        10,
        6,
        8,
        10,
        2,
        4,
        3,
        5
      ],
      "2021-08": [
        51,
        15,
        10,
        3,
        5,
        2,
        2,
        1,
        7,
        12,
        2,
        5,
        5,
        3,
        5,
        4,
        1,
        4,
        5
      ],
      "2021-09": [
        45,
        11,
        30,
        6,
        7,
        9,
        2,
        5,
        5,
        11,
        4,
        5,
        7,
        2,
        5,
        2,
        1,
        0,
        6
      ],
      "2021-10": [
        112,
        11,
        31,
        4,
        21,
        6,
        15,
        13,
        7,
        23,
        0,
        8,
        19,
        16,
        16,
        8,
        2,
        1,
        9
      ],
      "2021-11": [
        54,
        16,
        15,
        3,
        20,
        6,
        7,
        9,
        6,
        8,
        2,
        5,
        10,
        6,
        0,
        3,
        1,
        5,
        8
      ],
      "2021-12": [
        33,
        7,
        13,
        4,
        12,
        3,
        2,
        10,
        6,
        11,
        1,
        2,
        7,
        2,
        4,
        2,
        1,
        3,
        4
      ],
      "2022-01": [
        43,
        5,
        10,
        5,
        7,
        2,
        2,
        11,
        6,
        11,
        2,
        10,
        6,
        5,
        7,
        4,
        0,
        5,
        4
      ],
      "2022-02": [
        61,
        15,
        28,
        11,
        22,
        8,
        11,
        6,
        7,
        17,
        3,
        3,
        6,
        5,
        4,
        1,
        0,
        6,
        11
      ],
      "2022-03": [
        92,
        13,
        46,
        10,
        20,
        11,
        10,
        23,
        7,
        15,
        4,
        6,
        12,
        14,
        6,
        4,
        6,
        5,
        17
      ],
      "2022-04": [
        105,
        10,
        31,
        8,
        18,
        5,
        7,
        11,
        5,
        21,
        3,
        5,
        8,
        11,
        6,
        4,
        6,
        4,
        19
      ],
      "2022-05": [
        57,
        9,
        10,
        3,
        13,
        3,
        2,
        3,
        5,
        16,
        2,
        3,
        2,
        4,
        9,
        3,
        1,
        3,
        6
      ],
      "2022-06": [
        71,
        9,
        19,
        6,
        21,
        3,
        8,
        11,
        6,
        20,
        1,
        6,
        4,
        6,
        7,
        4,
        6,
        4,
        11
      ],
      "2022-07": [
        61,
        12,
        22,
        3,
        7,
        9,
        6,
        14,
        1,
        20,
        3,
        2,
        8,
        6,
        3,
        5,
        2,
        2,
        4
      ],
      "2022-08": [
        40,
        16,
        15,
        6,
        4,
        6,
        2,
        8,
        1,
        10,
        1,
        5,
        4,
        4,
        2,
        4,
        3,
        9,
        2
      ],
      "2022-09": [
        48,
        16,
        17,
        4,
        5,
        4,
        5,
        3,
        3,
        11,
        1,
        5,
        4,
        4,
        4,
        4,
        2,
        1,
        7
      ],
      "2022-10": [
        150,
        19,
        42,
        9,
        18,
        9,
        10,
        18,
        12,
        29,
        6,
        6,
        8,
        10,
        8,
        6,
        2,
        4,
        9
      ],
      "2022-11": [
        126,
        18,
        33,
        8,
        28,
        9,
        4,
        18,
        7,
        23,
        4,
        6,
        12,
        9,
        5,
        7,
        1,
        2,
        16
      ],
      "2022-12": [
        45,
        10,
        8,
        5,
        7,
        2,
        1,
        8,
        2,
        15,
        1,
        3,
        3,
        3,
        8,
        1,
        5,
        1,
        7
      ],
      "2023-01": [
        27,
        19,
        4,
        2,
        5,
        6,
        2,
        4,
        2,
        15,
        3,
        2,
        1,
        3,
        2,
        0,
        1,
        2,
        3
      ],
      "2023-02": [
        52,
        7,
        18,
        0,
        22,
        4,
        7,
        13,
        9,
        13,
        2,
        0,
        6,
        3,
        6,
        1,
        5,
        1,
        5
      ],
      "2023-03": [
        73,
        11,
        27,
        4,
        11,
        7,
        9,
        13,
        8,
        23,
        8,
        3,
        10,
        4,
        1,
        3,
        6,
        4,
        6
      ],
      "2023-04": [
        40,
        15,
        5,
        3,
        4,
        5,
        1,
        7,
        5,
        13,
        1,
        2,
        3,
        5,
        2,
        4,
        3,
        3,
        2
      ],
      "2023-05": [
        132,
        16,
        29,
        8,
        13,
        8,
        8,
        20,
        13,
        33,
        6,
        5,
        10,
        9,
        8,
        8,
        4,
        9,
        9
      ],
      "2023-06": [
        109,
        26,
        20,
        6,
        15,
        13,
        9,
        18,
        8,
        26,
        4,
        3,
        10,
        6,
        7,
        2,
        4,
        2,
        8
      ],
      "2023-07": [
        61,
        27,
        12,
        6,
        10,
        9,
        0,
        8,
        4,
        18,
        3,
        3,
        6,
        2,
        7,
        2,
        3,
        2,
        5
      ],
      "2023-08": [
        57,
        20,
        18,
        7,
        9,
        8,
        5,
        13,
        9,
        18,
        2,
        4,
        5,
        8,
        10,
        5,
        4,
        3,
        10
      ],
      "2023-09": [
        167,
        27,
        35,
        13,
        31,
        9,
        16,
        17,
        11,
        47,
        8,
        10,
        7,
        14,
        10,
        6,
        6,
        5,
        17
      ],
      "2023-10": [
        75,
        20,
        22,
        6,
        17,
        10,
        4,
        12,
        6,
        20,
        3,
        3,
        4,
        10,
        4,
        2,
        4,
        6,
        10
      ],
      "2023-11": [
        46,
        17,
        11,
        1,
        3,
        8,
        2,
        2,
        1,
        13,
        5,
        5,
        3,
        6,
        2,
        2,
        2,
        5,
        5
      ],
      "2023-12": [
        68,
        17,
        22,
        4,
        9,
        7,
        7,
        19,
        3,
        19,
        5,
        3,
        5,
        4,
        8,
        4,
        6,
        8,
        3
      ],
