{
  "topics": {
    "data": {
      "0": {
        "name": "0_EEG_data_ECG_learning",
        "keywords": [
          [
            "EEG",
            0.02296350527948555
          ],
          [
            "data",
            0.014250098546000851
          ],
          [
            "ECG",
            0.013956151744854014
          ],
          [
            "learning",
            0.011756622535019483
          ],
          [
            "signals",
            0.01159030958556191
          ],
          [
            "classification",
            0.010938010588368343
          ],
          [
            "model",
            0.010612628375622855
          ],
          [
            "brain",
            0.009148433175467813
          ],
          [
            "models",
            0.009091029079273373
          ],
          [
            "accuracy",
            0.00893283505731479
          ]
        ],
        "count": 3671
      },
      "1": {
        "name": "1_RIS_IRS_intelligent_channel",
        "keywords": [
          [
            "RIS",
            0.03576970618455901
          ],
          [
            "IRS",
            0.016199668109706338
          ],
          [
            "intelligent",
            0.012198494720913644
          ],
          [
            "channel",
            0.01156152745894061
          ],
          [
            "surface",
            0.010569885267250296
          ],
          [
            "phase",
            0.009297757040493774
          ],
          [
            "reconfigurable",
            0.009173203847522857
          ],
          [
            "RISs",
            0.00914781256821482
          ],
          [
            "communication",
            0.008852843665553103
          ],
          [
            "elements",
            0.008730478005941312
          ]
        ],
        "count": 2342
      },
      "2": {
        "name": "2_optical_The_signal_high",
        "keywords": [
          [
            "optical",
            0.01842522997384386
          ],
          [
            "The",
            0.01092781909003842
          ],
          [
            "signal",
            0.009321368918238315
          ],
          [
            "high",
            0.008782096991137548
          ],
          [
            "power",
            0.008620333429745452
          ],
          [
            "noise",
            0.007972747133998091
          ],
          [
            "performance",
            0.007618741484356
          ],
          [
            "systems",
            0.007110445564295856
          ],
          [
            "fiber",
            0.006921958056674498
          ],
          [
            "Optical",
            0.00681930485708325
          ]
        ],
        "count": 2031
      },
      "3": {
        "name": "3_data_signal_reconstruction_image",
        "keywords": [
          [
            "data",
            0.011734470363883722
          ],
          [
            "signal",
            0.011341129116554563
          ],
          [
            "reconstruction",
            0.01084158988974389
          ],
          [
            "image",
            0.010646142147848803
          ],
          [
            "imaging",
            0.010533245874637576
          ],
          [
            "method",
            0.009702858980748219
          ],
          [
            "methods",
            0.009149646802872089
          ],
          [
            "problem",
            0.008800576494461252
          ],
          [
            "algorithm",
            0.008446656860031872
          ],
          [
            "matrix",
            0.007711471532502764
          ]
        ],
        "count": 2007
      },
      "4": {
        "name": "4_sensing_radar_communication_OTFS",
        "keywords": [
          [
            "sensing",
            0.019738386434741233
          ],
          [
            "radar",
            0.018788307043942208
          ],
          [
            "communication",
            0.014058527748668618
          ],
          [
            "OTFS",
            0.013444186766117153
          ],
          [
            "Doppler",
            0.013389809814990654
          ],
          [
            "OFDM",
            0.012475181406504056
          ],
          [
            "frequency",
            0.011899593526216714
          ],
          [
            "target",
            0.010730537010446609
          ],
          [
            "waveform",
            0.010533500097543873
          ],
          [
            "performance",
            0.010308225377107124
          ]
        ],
        "count": 1353
      },
      "5": {
        "name": "5_UAV_UAVs_aerial_unmanned",
        "keywords": [
          [
            "UAV",
            0.054250556879232865
          ],
          [
            "UAVs",
            0.027143414962612793
          ],
          [
            "aerial",
            0.020316316264894028
          ],
          [
            "unmanned",
            0.012655287109011948
          ],
          [
            "ground",
            0.011419637601548472
          ],
          [
            "trajectory",
            0.010704886068327325
          ],
          [
            "communication",
            0.01057151977741965
          ],
          [
            "problem",
            0.010474036307825691
          ],
          [
            "optimization",
            0.008909700481053896
          ],
          [
            "energy",
            0.008831290821550954
          ]
        ],
        "count": 909
      },
      "6": {
        "name": "6_speech_audio_speaker_Speech",
        "keywords": [
          [
            "speech",
            0.048084652337159695
          ],
          [
            "audio",
            0.026937281778971915
          ],
          [
            "speaker",
            0.017555107070567275
          ],
          [
            "Speech",
            0.014402227621362156
          ],
          [
            "model",
            0.013199377007163997
          ],
          [
            "models",
            0.012033992943805215
          ],
          [
            "sound",
            0.010163319968669595
          ],
          [
            "acoustic",
            0.009473860485556243
          ],
          [
            "quality",
            0.009278638327677802
          ],
          [
            "performance",
            0.008722321917412849
          ]
        ],
        "count": 701
      },
      "7": {
        "name": "7_CSI_channel_MIMO_feedback",
        "keywords": [
          [
            "CSI",
            0.02114275383746627
          ],
          [
            "channel",
            0.02053923654215724
          ],
          [
            "MIMO",
            0.016941546062499032
          ],
          [
            "feedback",
            0.01555266869451501
          ],
          [
            "learning",
            0.011743930123266225
          ],
          [
            "DL",
            0.011144958434836545
          ],
          [
            "neural",
            0.01094334151619851
          ],
          [
            "performance",
            0.010587105604784847
          ],
          [
            "deep",
            0.010491147881556013
          ],
          [
            "network",
            0.00996836990610858
          ]
        ],
        "count": 700
      },
      "8": {
        "name": "8_data_fault_time_series",
        "keywords": [
          [
            "data",
            0.019788959165095973
          ],
          [
            "fault",
            0.016405085711880308
          ],
          [
            "time",
            0.014419711068820474
          ],
          [
            "series",
            0.013892533503891939
          ],
          [
            "time series",
            0.013250212131917028
          ],
          [
            "detection",
            0.011876474164825368
          ],
          [
            "model",
            0.011375901192764543
          ],
          [
            "learning",
            0.010142794540864045
          ],
          [
            "vibration",
            0.00979416210749902
          ],
          [
            "monitoring",
            0.009527399312745067
          ]
        ],
        "count": 670
      },
      "9": {
        "name": "9_power_energy_load_data",
        "keywords": [
          [
            "power",
            0.023308958803903854
          ],
          [
            "energy",
            0.0175349729793929
          ],
          [
            "load",
            0.016798116058159483
          ],
          [
            "data",
            0.0166164343624794
          ],
          [
            "grid",
            0.014469743431596783
          ],
          [
            "forecasting",
            0.013676519192891397
          ],
          [
            "model",
            0.011986391237122375
          ],
          [
            "electricity",
            0.01061565042958606
          ],
          [
            "time",
            0.00972319176306495
          ],
          [
            "models",
            0.009488331523550969
          ]
        ],
        "count": 658
      },
      "10": {
        "name": "10_MIMO_massive_free_cell",
        "keywords": [
          [
            "MIMO",
            0.0199006459188823
          ],
          [
            "massive",
            0.018741608284777757
          ],
          [
            "free",
            0.015704502056762347
          ],
          [
            "cell",
            0.013487117579698291
          ],
          [
            "Massive",
            0.013107558693216963
          ],
          [
            "multiple",
            0.012672117812645432
          ],
          [
            "channel",
            0.012176771112734412
          ],
          [
            "user",
            0.01189840643429369
          ],
          [
            "access",
            0.011629124275642808
          ],
          [
            "pilot",
            0.01054903698840057
          ]
        ],
        "count": 641
      },
      "11": {
        "name": "11_beam_MIMO_field_near field",
        "keywords": [
          [
            "beam",
            0.03136912057572715
          ],
          [
            "MIMO",
            0.019609058308123845
          ],
          [
            "field",
            0.01774174805286384
          ],
          [
            "near field",
            0.015729005051531297
          ],
          [
            "near",
            0.015514073517423345
          ],
          [
            "mmWave",
            0.015180755957641276
          ],
          [
            "channel",
            0.014324921618429963
          ],
          [
            "array",
            0.011498099574834263
          ],
          [
            "antenna",
            0.010557370156608783
          ],
          [
            "multiple",
            0.010242174891071845
          ]
        ],
        "count": 635
      },
      "12": {
        "name": "12_graph_graphs_Graph_signals",
        "keywords": [
          [
            "graph",
            0.08283881170526196
          ],
          [
            "graphs",
            0.02788218088110972
          ],
          [
            "Graph",
            0.025728279352889193
          ],
          [
            "signals",
            0.016874297123970778
          ],
          [
            "signal",
            0.01667781915257434
          ],
          [
            "graph signals",
            0.015524960405590484
          ],
          [
            "graph signal",
            0.015482540609157248
          ],
          [
            "data",
            0.013691675426563034
          ],
          [
            "processing",
            0.012093317088667514
          ],
          [
            "GSP",
            0.011974473674269563
          ]
        ],
        "count": 586
      },
      "13": {
        "name": "13_FL_learning_Federated_federated",
        "keywords": [
          [
            "FL",
            0.035774577526781724
          ],
          [
            "learning",
            0.025438809653578
          ],
          [
            "Federated",
            0.022834969352005807
          ],
          [
            "federated",
            0.018595957401473934
          ],
          [
            "privacy",
            0.016976650657857167
          ],
          [
            "convergence",
            0.015361149365223538
          ],
          [
            "Learning",
            0.015101213296806951
          ],
          [
            "federated learning",
            0.014257598901570122
          ],
          [
            "model",
            0.014201853719533045
          ],
          [
            "data",
            0.013563387880410302
          ]
        ],
        "count": 571
      },
      "14": {
        "name": "14_localization_positioning_indoor_accuracy",
        "keywords": [
          [
            "localization",
            0.033408603708283344
          ],
          [
            "positioning",
            0.02293192118147168
          ],
          [
            "indoor",
            0.016450018477622095
          ],
          [
            "accuracy",
            0.013693005236426333
          ],
          [
            "Localization",
            0.01205844717243563
          ],
          [
            "measurements",
            0.011949765101810486
          ],
          [
            "SLAM",
            0.010716663327210281
          ],
          [
            "location",
            0.009860850264122997
          ],
          [
            "position",
            0.009256486423288189
          ],
          [
            "method",
            0.008870895712153186
          ]
        ],
        "count": 537
      },
      "15": {
        "name": "15_secrecy_secure_security_legitimate",
        "keywords": [
          [
            "secrecy",
            0.023710906335263668
          ],
          [
            "secure",
            0.016247024267653207
          ],
          [
            "security",
            0.016068312372217813
          ],
          [
            "legitimate",
            0.01393181304798911
          ],
          [
            "rate",
            0.012997749036645575
          ],
          [
            "IRS",
            0.01222481900113122
          ],
          [
            "secrecy rate",
            0.012107850299437343
          ],
          [
            "eavesdropper",
            0.011937772166357904
          ],
          [
            "communication",
            0.011452925331165884
          ],
          [
            "channel",
            0.010288828927376797
          ]
        ],
        "count": 434
      },
      "16": {
        "name": "16_semantic_Semantic_communication_semantic communication",
        "keywords": [
          [
            "semantic",
            0.06343516172336387
          ],
          [
            "Semantic",
            0.02475520304516199
          ],
          [
            "communication",
            0.024184611575517725
          ],
          [
            "semantic communication",
            0.021455842853805623
          ],
          [
            "transmission",
            0.018378470339852782
          ],
          [
            "channel",
            0.015252080842527308
          ],
          [
            "SemCom",
            0.014559927794361372
          ],
          [
            "information",
            0.014062852327672527
          ],
          [
            "task",
            0.013340330447284382
          ],
          [
            "coding",
            0.013144721693001116
          ]
        ],
        "count": 433
      },
      "17": {
        "name": "17_energy_power_SWIPT_IoT",
        "keywords": [
          [
            "energy",
            0.035369092030815924
          ],
          [
            "power",
            0.02648047000522231
          ],
          [
            "SWIPT",
            0.014728448619146756
          ],
          [
            "IoT",
            0.014304433789271254
          ],
          [
            "harvesting",
            0.014055256354645874
          ],
          [
            "transfer",
            0.013869398362566227
          ],
          [
            "power transfer",
            0.013112986030350852
          ],
          [
            "energy harvesting",
            0.012856699015138492
          ],
          [
            "wireless",
            0.011985197494673668
          ],
          [
            "WPT",
            0.011484076229983929
          ]
        ],
        "count": 424
      },
      "18": {
        "name": "18_satellite_LEO_satellites_Satellite",
        "keywords": [
          [
            "satellite",
            0.03414636828428055
          ],
          [
            "LEO",
            0.02361593775195109
          ],
          [
            "satellites",
            0.014952117932919406
          ],
          [
            "Satellite",
            0.012770336312263817
          ],
          [
            "networks",
            0.012614787902668805
          ],
          [
            "terrestrial",
            0.012573166617886548
          ],
          [
            "network",
            0.011325592484524258
          ],
          [
            "communication",
            0.0095359997909073
          ],
          [
            "orbit",
            0.009051210614254419
          ],
          [
            "spectrum",
            0.008653828163096502
          ]
        ],
        "count": 413
      },
      "19": {
        "name": "19_filter_Kalman_tracking_state",
        "keywords": [
          [
            "filter",
            0.025259121169733098
          ],
          [
            "Kalman",
            0.02140504410062354
          ],
          [
            "tracking",
            0.01908350590559186
          ],
          [
            "state",
            0.01763705300756713
          ],
          [
            "estimation",
            0.014517909077096287
          ],
          [
            "Gaussian",
            0.013689918474146665
          ],
          [
            "filtering",
            0.012634230845618157
          ],
          [
            "filters",
            0.012504951869949132
          ],
          [
            "target",
            0.01220897031898471
          ],
          [
            "model",
            0.012081604136791537
          ]
        ],
        "count": 404
      },
      "20": {
        "name": "20_reinforcement_learning_reinforcement learning_network",
        "keywords": [
          [
            "reinforcement",
            0.017476539891314487
          ],
          [
            "learning",
            0.01742079455851925
          ],
          [
            "reinforcement learning",
            0.017318472520043045
          ],
          [
            "network",
            0.016209209638224788
          ],
          [
            "DRL",
            0.015778863715338008
          ],
          [
            "Reinforcement",
            0.015215742588423875
          ],
          [
            "policy",
            0.01272506943737663
          ],
          [
            "Learning",
            0.01263521859846932
          ],
          [
            "resource",
            0.012612190959611953
          ],
          [
            "RL",
            0.011995596271263325
          ]
        ],
        "count": 292
      },
      "21": {
        "name": "21_classification_modulation_RF_learning",
        "keywords": [
          [
            "classification",
            0.019700854853024103
          ],
          [
            "modulation",
            0.016475772179811683
          ],
          [
            "RF",
            0.016269503934424785
          ],
          [
            "learning",
            0.015543565736769736
          ],
          [
            "signals",
            0.01399260762485035
          ],
          [
            "signal",
            0.013425568849996548
          ],
          [
            "AMC",
            0.012992797603695315
          ],
          [
            "adversarial",
            0.012176781810403988
          ],
          [
            "deep",
            0.011741834207225953
          ],
          [
            "accuracy",
            0.011115489226525428
          ]
        ],
        "count": 289
      },
      "22": {
        "name": "22_THz_Terahertz_terahertz_beam",
        "keywords": [
          [
            "THz",
            0.07420139215859492
          ],
          [
            "Terahertz",
            0.019001258891583897
          ],
          [
            "terahertz",
            0.013367791361362943
          ],
          [
            "beam",
            0.012188337805178008
          ],
          [
            "channel",
            0.010758725553192433
          ],
          [
            "communications",
            0.0103034222541073
          ],
          [
            "band",
            0.010266574980925173
          ],
          [
            "communication",
            0.009991710259456336
          ],
          [
            "systems",
            0.009401604999723586
          ],
          [
            "sub",
            0.00923867162175016
          ]
        ],
        "count": 283
      },
      "23": {
        "name": "23_radar_SAR_Radar_data",
        "keywords": [
          [
            "radar",
            0.025869388470825917
          ],
          [
            "SAR",
            0.015804342331412827
          ],
          [
            "Radar",
            0.011672657334697295
          ],
          [
            "data",
            0.011412417488689907
          ],
          [
            "learning",
            0.010488396458419397
          ],
          [
            "imaging",
            0.010193356974690378
          ],
          [
            "target",
            0.008847151666444716
          ],
          [
            "deep",
            0.008778549935235105
          ],
          [
            "methods",
            0.00856045396270849
          ],
          [
            "method",
            0.0080775213127163
          ]
        ],
        "count": 246
      },
      "24": {
        "name": "24_DOA_array_estimation_arrays",
        "keywords": [
          [
            "DOA",
            0.03737970514040551
          ],
          [
            "array",
            0.02905551447902776
          ],
          [
            "estimation",
            0.026930547221552494
          ],
          [
            "arrays",
            0.020767452842164795
          ],
          [
            "MUSIC",
            0.01654957594288023
          ],
          [
            "method",
            0.014637833190096962
          ],
          [
            "arrival",
            0.014522731885010803
          ],
          [
            "matrix",
            0.014258371708387547
          ],
          [
            "direction",
            0.0140655157538716
          ],
          [
            "DoA",
            0.013904909728385463
          ]
        ],
        "count": 242
      },
      "25": {
        "name": "25_computing_MEC_offloading_edge",
        "keywords": [
          [
            "computing",
            0.03467619529143817
          ],
          [
            "MEC",
            0.033158524429697675
          ],
          [
            "offloading",
            0.0325883139726852
          ],
          [
            "edge",
            0.024143233137201518
          ],
          [
            "computation",
            0.022385107678670073
          ],
          [
            "edge computing",
            0.017437418029555396
          ],
          [
            "task",
            0.01732772995885781
          ],
          [
            "problem",
            0.016689519356979682
          ],
          [
            "energy",
            0.015563113959092245
          ],
          [
            "allocation",
            0.015302470707323322
          ]
        ],
        "count": 237
      },
      "26": {
        "name": "26_traffic_data_vehicle_driving",
        "keywords": [
          [
            "traffic",
            0.054768272667038036
          ],
          [
            "data",
            0.020381491806505607
          ],
          [
            "vehicle",
            0.016037751890779547
          ],
          [
            "driving",
            0.014931573197582908
          ],
          [
            "prediction",
            0.014167161493812771
          ],
          [
            "Traffic",
            0.013792889893051965
          ],
          [
            "time",
            0.013634825627825864
          ],
          [
            "vehicles",
            0.013345479724469636
          ],
          [
            "model",
            0.012693499740135485
          ],
          [
            "lane",
            0.011846605836182713
          ]
        ],
        "count": 195
      },
      "27": {
        "name": "27_GHz_channel_model_path",
        "keywords": [
          [
            "GHz",
            0.025152169411679675
          ],
          [
            "channel",
            0.023704758172902088
          ],
          [
            "model",
            0.017791698791343003
          ],
          [
            "path",
            0.016126809270975578
          ],
          [
            "5G",
            0.015507055341323921
          ],
          [
            "propagation",
            0.013996265261928213
          ],
          [
            "loss",
            0.013519742961085506
          ],
          [
            "mmWave",
            0.013515402309959198
          ],
          [
            "models",
            0.011802672681459618
          ],
          [
            "path loss",
            0.011786669338703577
          ]
        ],
        "count": 194
      }
    },
    "correlations": [
      [
        1.0,
        -0.76450936939245,
        -0.7583449119723988,
        -0.7384801346522709,
        -0.7585375371485206,
        -0.7626858176177522,
        -0.7330985288575438,
        -0.7252535043239139,
        -0.5699803677590982,
        -0.5479442847215196,
        -0.7618539890863205,
        -0.7514695792521786,
        -0.7335070480174801,
        -0.7331589631383284,
        -0.7357594635786222,
        -0.7639043225765141,
        -0.7493542723459601,
        -0.7475596591059592,
        -0.7610611838406626,
        -0.7134878230836894,
        -0.7441386280910245,
        -0.6595019985412613,
        -0.7648283633516189,
        -0.736097936557587,
        -0.7562315823368058,
        -0.7500131940535099,
        -0.5698298894022271,
        -0.7173293549691422
      ],
      [
        -0.76450936939245,
        1.0,
        -0.7614653237155935,
        -0.764226756359855,
        -0.6975138400981404,
        -0.7351819626515066,
        -0.7653602748348954,
        -0.6647109624637103,
        -0.7526932298366046,
        -0.7401248554980895,
        -0.7035912810078337,
        -0.6733099222422148,
        -0.7556984734622705,
        -0.7557591019060632,
        -0.7219620069562922,
        -0.6915058962777931,
        -0.7351657804744378,
        -0.6858088459690714,
        -0.7516424252373358,
        -0.7521506791005709,
        -0.7327010709505741,
        -0.754986888304688,
        -0.7366189916212187,
        -0.7479694060369948,
        -0.741745686150896,
        -0.7431506078630785,
        -0.7573284478465868,
        -0.7229613428450921
      ],
      [
        -0.7583449119723988,
        -0.7614653237155935,
        1.0,
        -0.7337955368452704,
        -0.7514276317938464,
        -0.7645304897164259,
        -0.7637879142455143,
        -0.741938456117293,
        -0.7367084746768,
        -0.7425920163054938,
        -0.7618167236011879,
        -0.7535917767467553,
        -0.7587280242076438,
        -0.7609306329239218,
        -0.7508677049658539,
        -0.7531194875543279,
        -0.7492325903502599,
        -0.7481490992064961,
        -0.7475274822331903,
        -0.7531750198845164,
        -0.7548683564329368,
        -0.7464163065111535,
        -0.7609392806098337,
        -0.7525837947447035,
        -0.7562232876187631,
        -0.7488918386741032,
        -0.7512564942788755,
        -0.7422566598824033
      ],
      [
        -0.7384801346522709,
        -0.764226756359855,
        -0.7337955368452704,
        1.0,
        -0.7583223962787449,
        -0.7649032429254674,
        -0.7554346550455111,
        -0.7474636529299961,
        -0.7315276032332552,
        -0.7309051321631997,
        -0.7586837814148417,
        -0.7600681055970582,
        -0.7536241313810821,
        -0.7594628290528558,
        -0.7448787695595679,
        -0.7618412235212977,
        -0.7593486422111194,
        -0.7595496351009186,
        -0.7640633754539378,
        -0.7522921059714713,
        -0.7589628424210166,
        -0.7478961309986557,
        -0.7655764556207767,
        -0.7510389366619004,
        -0.7207429498811895,
        -0.7607227172665927,
        -0.7450133297760498,
        -0.7508276378525464
      ],
      [
        -0.7585375371485206,
        -0.6975138400981404,
        -0.7514276317938464,
        -0.7583223962787449,
        1.0,
        -0.7398013233751837,
        -0.7633014961856139,
        -0.6676329170458388,
        -0.7397179454380431,
        -0.7356667128937961,
        -0.7000378765856123,
        -0.6912931576940637,
        -0.7544095570439617,
        -0.7526613548815516,
        -0.7136530383021351,
        -0.7322522774833682,
        -0.6241707763984345,
        -0.7196208863094087,
        -0.7430196825460812,
        -0.7315944160093961,
        -0.7372840447032301,
        -0.7411405809907892,
        -0.7482712346916943,
        -0.6251441575739219,
        -0.7273469900841734,
        -0.7450795776316856,
        -0.7494498314864775,
        -0.7263830991155056
      ],
      [
        -0.7626858176177522,
        -0.7351819626515066,
        -0.7645304897164259,
        -0.7649032429254674,
        -0.7398013233751837,
        1.0,
        -0.7654221619008537,
        -0.7501808629569562,
        -0.7557804549468028,
        -0.7448209107717461,
        -0.7503960044828788,
        -0.7487604446659649,
        -0.7592942709082229,
        -0.7524461575026289,
        -0.7412301577764042,
        -0.7318368857785102,
        -0.7518890060115259,
        -0.7224453579310093,
        -0.7405494932178656,
        -0.7574284766321667,
        -0.716112607810575,
        -0.7578892263422136,
        -0.7489288504790581,
        -0.7500430037643602,
        -0.7596731083816586,
        -0.724124153388024,
        -0.7376374975598396,
        -0.7494998591244035
      ],
      [
        -0.7330985288575438,
        -0.7653602748348954,
        -0.7637879142455143,
        -0.7554346550455111,
        -0.7633014961856139,
        -0.7654221619008537,
        1.0,
        -0.7471331656284204,
        -0.7438556651529362,
        -0.7484188213792318,
        -0.7649332844694929,
        -0.7606647719210837,
        -0.7587743617711917,
        -0.7568885674417146,
        -0.7525509068530571,
        -0.7646594916401492,
        -0.7504339184191988,
        -0.760051314989707,
        -0.765302764419555,
        -0.7406636918739944,
        -0.7598958870884034,
        -0.747066522908228,
        -0.7655764556207769,
        -0.7588465687127205,
        -0.7527215473428255,
        -0.7610330133387646,
        -0.7537371914545978,
        -0.74750510951149
      ],
      [
        -0.7252535043239139,
        -0.6647109624637103,
        -0.741938456117293,
        -0.7474636529299961,
        -0.6676329170458388,
        -0.7501808629569562,
        -0.7471331656284204,
        1.0,
        -0.7089809360630512,
        -0.7130880074480344,
        -0.3190067085409992,
        -0.4521776379815674,
        -0.7383670563391427,
        -0.7303025213730163,
        -0.5107460389859713,
        -0.731062752358423,
        -0.714270377265288,
        -0.6955712086354962,
        -0.7388188240828686,
        -0.7004945171542432,
        -0.703379110602003,
        -0.6008547961280236,
        -0.7451681108067747,
        -0.6498328225060195,
        -0.7100634567312667,
        -0.7341407423133053,
        -0.7285217471693259,
        -0.6165849315149187
      ],
      [
        -0.5699803677590982,
        -0.7526932298366046,
        -0.7367084746768,
        -0.7315276032332552,
        -0.7397179454380431,
        -0.7557804549468028,
        -0.7438556651529362,
        -0.7089809360630512,
        1.0,
        -0.49147597199406884,
        -0.7523316469430599,
        -0.7419735774366578,
        -0.7287211422410593,
        -0.7281781744967557,
        -0.7202207475496508,
        -0.7588096544951295,
        -0.7416951173752757,
        -0.7241256289210684,
        -0.7452404773092942,
        -0.6983726044017022,
        -0.7266258319777563,
        -0.6959075547860207,
        -0.7611559539293766,
        -0.7323258467446125,
        -0.7449241048503348,
        -0.7403246936758252,
        -0.5397671649832558,
        -0.7088135503229681
      ],
      [
        -0.5479442847215196,
        -0.7401248554980895,
        -0.7425920163054938,
        -0.7309051321631997,
        -0.7356667128937961,
        -0.7448209107717461,
        -0.7484188213792318,
        -0.7130880074480344,
        -0.49147597199406884,
        1.0,
        -0.7360785328731638,
        -0.7347835157888594,
        -0.734099670595303,
        -0.7286279807317348,
        -0.7301772354449039,
        -0.7503409755086825,
        -0.7428622643368689,
        -0.36350438883730307,
        -0.7516298299380653,
        -0.7156287854214749,
        -0.7242479907896009,
        -0.7164053365588472,
        -0.7567799642683777,
        -0.7406653341980785,
        -0.7443086907749683,
        -0.7217190261087485,
        -0.46555042673258173,
        -0.7188367159184846
      ],
      [
        -0.7618539890863205,
        -0.7035912810078337,
        -0.7618167236011879,
        -0.7586837814148417,
        -0.7000378765856123,
        -0.7503960044828788,
        -0.7649332844694929,
        -0.3190067085409992,
        -0.7523316469430599,
        -0.7360785328731638,
        1.0,
        -0.31228349871779715,
        -0.7490348956627098,
        -0.7545745532173538,
        -0.7408903670980371,
        -0.7517309615323995,
        -0.7424161751372669,
        -0.7157822848965966,
        -0.7442039378358312,
        -0.7403905816807161,
        -0.7353457594796197,
        -0.7391524397699776,
        -0.7391686320023554,
        -0.7440452645367301,
        -0.7239943658445636,
        -0.7468668878265619,
        -0.7496013364685312,
        -0.7252857330590897
      ],
      [
        -0.7514695792521786,
        -0.6733099222422148,
        -0.7535917767467553,
        -0.7600681055970582,
        -0.6912931576940637,
        -0.7487604446659649,
        -0.7606647719210837,
        -0.4521776379815674,
        -0.7419735774366578,
        -0.7347835157888594,
        -0.31228349871779715,
        1.0,
        -0.7485475691370234,
        -0.7520765769538424,
        -0.7143298682630097,
        -0.7426587423178748,
        -0.7351961075278624,
        -0.7153514214941882,
        -0.7433821331430889,
        -0.7335058202452134,
        -0.7367215764293662,
        -0.7336986348153567,
        -0.7023109629887925,
        -0.7325446088151,
        -0.696681988075704,
        -0.750041498887375,
        -0.747381183938514,
        -0.6972343442063027
      ],
      [
        -0.7335070480174801,
        -0.7556984734622705,
        -0.7587280242076438,
        -0.7536241313810821,
        -0.7544095570439617,
        -0.7592942709082229,
        -0.7587743617711917,
        -0.7383670563391427,
        -0.7287211422410593,
        -0.734099670595303,
        -0.7490348956627098,
        -0.7485475691370234,
        1.0,
        -0.7485368650559588,
        -0.7400447258861593,
        -0.7617099873254223,
        -0.7524608911185942,
        -0.7530669454885874,
        -0.7593902368588697,
        -0.7293358994789592,
        -0.7401142528433897,
        -0.7484949554408382,
        -0.764370068937341,
        -0.754040465382805,
        -0.7542892017002749,
        -0.7470902802444288,
        -0.7344278325972513,
        -0.7461728696151787
      ],
      [
        -0.7331589631383284,
        -0.7557591019060632,
        -0.7609306329239218,
        -0.7594628290528558,
        -0.7526613548815516,
        -0.7524461575026289,
        -0.7568885674417146,
        -0.7303025213730163,
        -0.7281781744967557,
        -0.7286279807317348,
        -0.7545745532173538,
        -0.7520765769538424,
        -0.7485368650559588,
        1.0,
        -0.7446816480298066,
        -0.7557288966118165,
        -0.7486353524202145,
        -0.7364379781657153,
        -0.7542340425063764,
        -0.7455684129950428,
        -0.6841350307359007,
        -0.6900750929343537,
        -0.7636136221604315,
        -0.7465042880457586,
        -0.7594645393369508,
        -0.7362830015489126,
        -0.7366720603788774,
        -0.7445263422307216
      ],
      [
        -0.7357594635786222,
        -0.7219620069562922,
        -0.7508677049658539,
        -0.7448787695595679,
        -0.7136530383021351,
        -0.7412301577764042,
        -0.7525509068530571,
        -0.5107460389859713,
        -0.7202207475496508,
        -0.7301772354449039,
        -0.7408903670980371,
        -0.7143298682630097,
        -0.7400447258861593,
        -0.7446816480298066,
        1.0,
        -0.755545328894101,
        -0.7447640189730039,
        -0.7328478785876151,
        -0.7389385633933491,
        -0.7021052129236368,
        -0.7406457091399962,
        -0.7347227820856936,
        -0.75512990436936,
        -0.7303527936005312,
        -0.7285919384520179,
        -0.747067894493352,
        -0.7379213516453458,
        -0.7274913913750536
      ],
      [
        -0.7639043225765141,
        -0.6915058962777931,
        -0.7531194875543279,
        -0.7618412235212977,
        -0.7322522774833682,
        -0.7318368857785102,
        -0.7646594916401492,
        -0.731062752358423,
        -0.7588096544951295,
        -0.7503409755086825,
        -0.7517309615323995,
        -0.7426587423178748,
        -0.7617099873254223,
        -0.7557288966118165,
        -0.755545328894101,
        1.0,
        -0.7443682419196777,
        -0.7323783417055568,
        -0.7442727952381134,
        -0.7602436759271242,
        -0.7507064460001873,
        -0.748568579404296,
        -0.7560620921109227,
        -0.7553776367046119,
        -0.7604101236327492,
        -0.7537796394482525,
        -0.7584404714932265,
        -0.751799738354861
      ],
      [
        -0.7493542723459601,
        -0.7351657804744378,
        -0.7492325903502599,
        -0.7593486422111194,
        -0.6241707763984345,
        -0.7518890060115259,
        -0.7504339184191988,
        -0.714270377265288,
        -0.7416951173752757,
        -0.7428622643368689,
        -0.7424161751372669,
        -0.7351961075278624,
        -0.7524608911185942,
        -0.7486353524202145,
        -0.7447640189730039,
        -0.7443682419196777,
        1.0,
        -0.7349330058346777,
        -0.7428259550464329,
        -0.7473266141285423,
        -0.7340574384362493,
        -0.7406156803108881,
        -0.7567452012540086,
        -0.7434394756112488,
        -0.7574168705818691,
        -0.7431472341363241,
        -0.7436251865348568,
