{
  "topics": {
    "data": {
      "0": {
        "name": "0_music_generation_musical_audio",
        "keywords": [
          [
            "music",
            0.03946158165377838
          ],
          [
            "generation",
            0.018298041268572932
          ],
          [
            "musical",
            0.01619213509483555
          ],
          [
            "audio",
            0.015615982427515258
          ],
          [
            "Music",
            0.015097499951422696
          ],
          [
            "model",
            0.010847586888329765
          ],
          [
            "models",
            0.009881635435400311
          ],
          [
            "music generation",
            0.008385696753486226
          ],
          [
            "melody",
            0.00824390463273352
          ],
          [
            "text",
            0.007885041226664589
          ]
        ],
        "count": 1322
      },
      "1": {
        "name": "1_attacks_detection_adversarial_audio",
        "keywords": [
          [
            "attacks",
            0.021618902797114575
          ],
          [
            "detection",
            0.016061396389037943
          ],
          [
            "adversarial",
            0.01561131029788385
          ],
          [
            "audio",
            0.015559693190325912
          ],
          [
            "spoofing",
            0.01487850057187302
          ],
          [
            "deepfake",
            0.013384159081015676
          ],
          [
            "privacy",
            0.012302152995087249
          ],
          [
            "attack",
            0.012288516204731646
          ],
          [
            "speech",
            0.011896723572545615
          ],
          [
            "speaker",
            0.011693506054114046
          ]
        ],
        "count": 973
      },
      "2": {
        "name": "2_sound_acoustic_room_method",
        "keywords": [
          [
            "sound",
            0.02384137384880846
          ],
          [
            "acoustic",
            0.016591469784707203
          ],
          [
            "room",
            0.014960782535901676
          ],
          [
            "method",
            0.013714189261298573
          ],
          [
            "source",
            0.012913924244592496
          ],
          [
            "field",
            0.012260103841405827
          ],
          [
            "microphone",
            0.01211341373145432
          ],
          [
            "spatial",
            0.01189650038273658
          ],
          [
            "estimation",
            0.01135571998580211
          ],
          [
            "localization",
            0.01044480162847734
          ]
        ],
        "count": 843
      },
      "3": {
        "name": "3_enhancement_speech enhancement_speech_channel",
        "keywords": [
          [
            "enhancement",
            0.02538750310354819
          ],
          [
            "speech enhancement",
            0.022130403761147527
          ],
          [
            "speech",
            0.02115116798781154
          ],
          [
            "channel",
            0.01421170864706964
          ],
          [
            "noise",
            0.012402817057663738
          ],
          [
            "network",
            0.012364515140252542
          ],
          [
            "SE",
            0.01148948194961418
          ],
          [
            "Enhancement",
            0.011363446133261217
          ],
          [
            "Speech",
            0.010807059767093273
          ],
          [
            "proposed",
            0.010646653112849921
          ]
        ],
        "count": 805
      },
      "4": {
        "name": "4_TTS_speech_style_speaker",
        "keywords": [
          [
            "TTS",
            0.033993823116799174
          ],
          [
            "speech",
            0.023010117019381455
          ],
          [
            "style",
            0.019503892326316708
          ],
          [
            "speaker",
            0.018194576992283534
          ],
          [
            "prosody",
            0.017000542333968575
          ],
          [
            "text",
            0.016166059702373514
          ],
          [
            "synthesis",
            0.013812380654837995
          ],
          [
            "model",
            0.01287572891070965
          ],
          [
            "emotion",
            0.011937267099771382
          ],
          [
            "Speech",
            0.01100621027821456
          ]
        ],
        "count": 755
      },
      "5": {
        "name": "5_emotion_emotion recognition_Emotion_recognition",
        "keywords": [
          [
            "emotion",
            0.03182525282338383
          ],
          [
            "emotion recognition",
            0.02071135945636234
          ],
          [
            "Emotion",
            0.020205683473732323
          ],
          [
            "recognition",
            0.015369915336065597
          ],
          [
            "Recognition",
            0.012396502218751696
          ],
          [
            "features",
            0.011557316081288727
          ],
          [
            "emotional",
            0.011526817402569235
          ],
          [
            "emotions",
            0.01129593168007374
          ],
          [
            "speech emotion",
            0.011291923680664633
          ],
          [
            "speech",
            0.011189492280287795
          ]
        ],
        "count": 676
      },
      "6": {
        "name": "6_ASR_CTC_streaming_model",
        "keywords": [
          [
            "ASR",
            0.02238157289051604
          ],
          [
            "CTC",
            0.019933958029580458
          ],
          [
            "streaming",
            0.017258611979161103
          ],
          [
            "model",
            0.016006254961725485
          ],
          [
            "recognition",
            0.015565471178246628
          ],
          [
            "speech recognition",
            0.01520372009680814
          ],
          [
            "models",
            0.015139380500287762
          ],
          [
            "attention",
            0.014258757883643655
          ],
          [
            "end",
            0.014039526720060393
          ],
          [
            "RNN",
            0.013775543436493667
          ]
        ],
        "count": 644
      },
      "7": {
        "name": "7_event_sound_audio_classification",
        "keywords": [
          [
            "event",
            0.020059424782873297
          ],
          [
            "sound",
            0.0182890950219005
          ],
          [
            "audio",
            0.01705551643161939
          ],
          [
            "classification",
            0.014221485301858384
          ],
          [
            "SED",
            0.01267351841945298
          ],
          [
            "sound event",
            0.012414427461784169
          ],
          [
            "events",
            0.012063712872422463
          ],
          [
            "Sound",
            0.011633497204448461
          ],
          [
            "Event",
            0.010734221364730992
          ],
          [
            "data",
            0.010464966147543137
          ]
        ],
        "count": 633
      },
      "8": {
        "name": "8_audio_Audio_visual_text",
        "keywords": [
          [
            "audio",
            0.040604465512020384
          ],
          [
            "Audio",
            0.021209047033743652
          ],
          [
            "visual",
            0.02083891950727227
          ],
          [
            "text",
            0.014267882806360934
          ],
          [
            "captioning",
            0.012635317160543627
          ],
          [
            "language",
            0.01259402723088915
          ],
          [
            "video",
            0.011358922744774498
          ],
          [
            "modal",
            0.010785753748462456
          ],
          [
            "models",
            0.010421228004615203
          ],
          [
            "tasks",
            0.010007141516281598
          ]
        ],
        "count": 539
      },
      "9": {
        "name": "9_speech_dysarthric_articulatory_features",
        "keywords": [
          [
            "speech",
            0.023704973933045412
          ],
          [
            "dysarthric",
            0.014754047995094983
          ],
          [
            "articulatory",
            0.014592213185322018
          ],
          [
            "features",
            0.012745320627849157
          ],
          [
            "Speech",
            0.011064851131676852
          ],
          [
            "data",
            0.010276282389041526
          ],
          [
            "disease",
            0.01000414259067377
          ],
          [
            "dysarthric speech",
            0.009495817230427401
          ],
          [
            "detection",
            0.009005459892263928
          ],
          [
            "AD",
            0.0088625393191185
          ]
        ],
        "count": 532
      },
      "10": {
        "name": "10_speaker_verification_speaker verification_Speaker",
        "keywords": [
          [
            "speaker",
            0.04112017229131047
          ],
          [
            "verification",
            0.026116439211498605
          ],
          [
            "speaker verification",
            0.023458776656022143
          ],
          [
            "Speaker",
            0.022111036606629126
          ],
          [
            "speaker recognition",
            0.01492489923590218
          ],
          [
            "Verification",
            0.01239942322905078
          ],
          [
            "embeddings",
            0.01057833735305975
          ],
          [
            "VoxCeleb",
            0.010374452023743395
          ],
          [
            "performance",
            0.010260536319343167
          ],
          [
            "recognition",
            0.009912536349436
          ]
        ],
        "count": 491
      },
      "11": {
        "name": "11_speaker_diarization_speaker diarization_Speaker",
        "keywords": [
          [
            "speaker",
            0.0427997478778291
          ],
          [
            "diarization",
            0.03937537359282891
          ],
          [
            "speaker diarization",
            0.017928180500498356
          ],
          [
            "Speaker",
            0.01701151290847432
          ],
          [
            "speakers",
            0.014351593939590374
          ],
          [
            "clustering",
            0.013901657849625998
          ],
          [
            "multi",
            0.013621865933413616
          ],
          [
            "Diarization",
            0.013547517870573986
          ],
          [
            "speech",
            0.012740418426519148
          ],
          [
            "EEND",
            0.012271131514218315
          ]
        ],
        "count": 451
      },
      "12": {
        "name": "12_SLU_spoken_speech_Spoken",
        "keywords": [
          [
            "SLU",
            0.023846113750250593
          ],
          [
            "spoken",
            0.02098357943031237
          ],
          [
            "speech",
            0.018759789627142365
          ],
          [
            "Spoken",
            0.016686093567291695
          ],
          [
            "language",
            0.01655111668024953
          ],
          [
            "dialogue",
            0.015953392268674732
          ],
          [
            "models",
            0.01437861813257158
          ],
          [
            "text",
            0.014369859301691339
          ],
          [
            "understanding",
            0.012908796000078937
          ],
          [
            "end",
            0.012447953084876132
          ]
        ],
        "count": 368
      },
      "13": {
        "name": "13_supervised_speech_training_data",
        "keywords": [
          [
            "supervised",
            0.020827492202965134
          ],
          [
            "speech",
            0.01613386941885593
          ],
          [
            "training",
            0.01517537198811564
          ],
          [
            "data",
            0.014687837672744007
          ],
          [
            "self",
            0.014662880155082795
          ],
          [
            "pre",
            0.01455276506630964
          ],
          [
            "Self",
            0.01447523466388267
          ],
          [
            "representations",
            0.013587611733448461
          ],
          [
            "models",
            0.013505674407039587
          ],
          [
            "ASR",
            0.013182026092621946
          ]
        ],
        "count": 362
      },
      "14": {
        "name": "14_COVID_respiratory_cough_heart",
        "keywords": [
          [
            "COVID",
            0.036338364668166014
          ],
          [
            "respiratory",
            0.0263844048925479
          ],
          [
            "cough",
            0.024585593435595847
          ],
          [
            "heart",
            0.019338415369404355
          ],
          [
            "sounds",
            0.019084175724576765
          ],
          [
            "sound",
            0.015769701321458166
          ],
          [
            "detection",
            0.013355999885035153
          ],
          [
            "classification",
            0.012991694501722453
          ],
          [
            "data",
            0.01078512504124468
          ],
          [
            "patients",
            0.010700042325790884
          ]
        ],
        "count": 343
      },
      "15": {
        "name": "15_diffusion_speech_quality_neural",
        "keywords": [
          [
            "diffusion",
            0.019528667123577873
          ],
          [
            "speech",
            0.017819440531700537
          ],
          [
            "quality",
            0.015936357351584374
          ],
          [
            "neural",
            0.014248872423812235
          ],
          [
            "vocoder",
            0.013885498201167334
          ],
          [
            "codecs",
            0.011775727397189946
          ],
          [
            "audio",
            0.011500772078067482
          ],
          [
            "high",
            0.011436943575768563
          ],
          [
            "model",
            0.011393145324519191
          ],
          [
            "codec",
            0.011354912203154146
          ]
        ],
        "count": 343
      },
      "16": {
        "name": "16_VC_conversion_voice conversion_voice",
        "keywords": [
          [
            "VC",
            0.05100495816894143
          ],
          [
            "conversion",
            0.046975561011055114
          ],
          [
            "voice conversion",
            0.035859779570101113
          ],
          [
            "voice",
            0.03289234210525824
          ],
          [
            "speaker",
            0.025589132630190265
          ],
          [
            "Conversion",
            0.023011176438515964
          ],
          [
            "Voice",
            0.022097988399468596
          ],
          [
            "content",
            0.017800235792617428
          ],
          [
            "speech",
            0.015507613533438937
          ],
          [
            "shot",
            0.012816299789113446
          ]
        ],
        "count": 289
      },
      "17": {
        "name": "17_KWS_keyword_spotting_Keyword",
        "keywords": [
          [
            "KWS",
            0.04879384000504368
          ],
          [
            "keyword",
            0.0417500288130915
          ],
          [
            "spotting",
            0.02847462626865995
          ],
          [
            "Keyword",
            0.02744710999690241
          ],
          [
            "keyword spotting",
            0.024475598095778255
          ],
          [
            "Spotting",
            0.021101254541724
          ],
          [
            "keywords",
            0.015772549434265808
          ],
          [
            "model",
            0.013467374030284408
          ],
          [
            "learning",
            0.009802751403142126
          ],
          [
            "accuracy",
            0.009417040181948201
          ]
        ],
        "count": 211
      },
      "18": {
        "name": "18_ASR_languages_speech_language",
        "keywords": [
          [
            "ASR",
            0.030544003854366498
          ],
          [
            "languages",
            0.025775309157373978
          ],
          [
            "speech",
            0.018691199050453636
          ],
          [
            "language",
            0.01757860431593112
          ],
          [
            "Speech",
            0.016643401997105872
          ],
          [
            "speech recognition",
            0.01549641202768859
          ],
          [
            "recognition",
            0.015335912994141823
          ],
          [
            "data",
            0.014460226443480955
          ],
          [
            "Recognition",
            0.013280483594611758
          ],
          [
            "models",
            0.01287233282722191
          ]
        ],
        "count": 205
      },
      "19": {
        "name": "19_singing_singing voice_voice_Singing",
        "keywords": [
          [
            "singing",
            0.07743942320229019
          ],
          [
            "singing voice",
            0.04372505276291297
          ],
          [
            "voice",
            0.03844777591377311
          ],
          [
            "Singing",
            0.0314807310167443
          ],
          [
            "SVS",
            0.025198437701030172
          ],
          [
            "singer",
            0.01990073430863237
          ],
          [
            "Voice",
            0.017442137785900837
          ],
          [
            "pitch",
            0.016997167440807676
          ],
          [
            "voice synthesis",
            0.016804046197633305
          ],
          [
            "singing voice synthesis",
            0.014645563197539969
          ]
        ],
        "count": 203
      },
      "20": {
        "name": "20_translation_speech translation_Translation_ST",
        "keywords": [
          [
            "translation",
            0.07074318453431189
          ],
          [
            "speech translation",
            0.035646808359885845
          ],
          [
            "Translation",
            0.031363062818841325
          ],
          [
            "ST",
            0.029720235718806783
          ],
          [
            "speech",
            0.028336803039494336
          ],
          [
            "text",
            0.023702825181357832
          ],
          [
            "Speech",
            0.019738276480468876
          ],
          [
            "end",
            0.01927363490692252
          ],
          [
            "BLEU",
            0.017404425745312316
          ],
          [
            "language",
            0.01522463160933739
          ]
        ],
        "count": 184
      },
      "21": {
        "name": "21_species_bird_classification_monitoring",
        "keywords": [
          [
            "species",
            0.03256033000814255
          ],
          [
            "bird",
            0.02431181763503277
          ],
          [
            "classification",
            0.018708888792805117
          ],
          [
            "monitoring",
            0.01755476342450617
          ],
          [
            "bioacoustic",
            0.01718617989292827
          ],
          [
            "data",
            0.016878018500648156
          ],
          [
            "learning",
            0.016532906801424826
          ],
          [
            "animal",
            0.01372142214453514
          ],
          [
            "vocalizations",
            0.013301792990782914
          ],
          [
            "recordings",
            0.012724478796012486
          ]
        ],
        "count": 178
      },
      "22": {
        "name": "22_visual_audio_AVSR_Visual",
        "keywords": [
          [
            "visual",
            0.05141038842525886
          ],
          [
            "audio",
            0.0227430379993657
          ],
          [
            "AVSR",
            0.02085049663428871
          ],
          [
            "Visual",
            0.020230755934427726
          ],
          [
            "lip",
            0.019962385251623277
          ],
          [
            "visual speech",
            0.01898824851116326
          ],
          [
            "recognition",
            0.01627006382760535
          ],
          [
            "AV",
            0.01585647780433711
          ],
          [
            "speech recognition",
            0.01480342880629372
          ],
          [
            "speech",
            0.014624093764060382
          ]
        ],
        "count": 166
      },
      "23": {
        "name": "23_separation_source separation_source_music",
        "keywords": [
          [
            "separation",
            0.05238221148741084
          ],
          [
            "source separation",
            0.04125740916616738
          ],
          [
            "source",
            0.038386387246707454
          ],
          [
            "music",
            0.022037784931127218
          ],
          [
            "Separation",
            0.018687991788062255
          ],
          [
            "Source",
            0.016623360279443358
          ],
          [
            "music source",
            0.016093933369681852
          ],
          [
            "music source separation",
            0.015579243232992061
          ],
          [
            "Music",
            0.012962103793603649
          ],
          [
            "sources",
            0.01231553431935793
          ]
        ],
        "count": 164
      },
      "24": {
        "name": "24_face_lip_facial_speech",
        "keywords": [
          [
            "face",
            0.027691509729775358
          ],
          [
            "lip",
            0.02467865509015729
          ],
          [
            "facial",
            0.022044777332619937
          ],
          [
            "speech",
            0.01935572886581342
          ],
          [
            "video",
            0.018939239199393738
          ],
          [
            "head",
            0.015011998477730604
          ],
          [
            "audio",
            0.014580936130239343
          ],
          [
            "3D",
            0.013587353047658866
          ],
          [
            "generation",
            0.011703328818776709
          ],
          [
            "visual",
            0.011352599805434188
          ]
        ],
        "count": 164
      },
      "25": {
        "name": "25_MOS_quality_speech_speech quality",
        "keywords": [
          [
            "MOS",
            0.04370534594221722
          ],
          [
            "quality",
            0.029167988908739676
          ],
          [
            "speech",
            0.021820632068055228
          ],
          [
            "speech quality",
            0.021685002248552434
          ],
          [
            "prediction",
            0.02074053664141912
          ],
          [
            "assessment",
            0.017445455881231545
          ],
          [
            "evaluation",
            0.014016712085911952
          ],
          [
            "subjective",
            0.013021937732269168
          ],
          [
            "Quality",
            0.012688224130322188
          ],
          [
            "Speech",
            0.012455842597131877
          ]
        ],
        "count": 154
      },
      "26": {
        "name": "26_EEG_brain_decoding_auditory",
        "keywords": [
          [
            "EEG",
            0.0753712323797411
          ],
          [
            "brain",
            0.03773213323415979
          ],
          [
            "decoding",
            0.02468515790447396
          ],
          [
            "auditory",
            0.02289629291685684
          ],
          [
            "speech",
            0.02108398156953489
          ],
          [
            "signals",
            0.019875605683893592
          ],
          [
            "AAD",
            0.016918981934009744
          ],
          [
            "attention",
            0.01599089975444367
          ],
          [
            "neural",
            0.014875970947055193
          ],
          [
            "auditory attention",
            0.01316630885228397
          ]
        ],
        "count": 143
      },
      "27": {
        "name": "27_anomalous_detection_machine_anomaly",
        "keywords": [
          [
            "anomalous",
            0.0334213075267356
          ],
          [
            "detection",
            0.027672112405620702
          ],
          [
            "machine",
            0.025219923893385753
          ],
          [
            "anomaly",
            0.021360822214183263
          ],
          [
            "ASD",
            0.020670342033314183
          ],
          [
            "sound",
            0.019213778316955126
          ],
          [
            "anomalous sound",
            0.017878033701169548
          ],
          [
            "sounds",
            0.01704727137136137
          ],
          [
            "Anomalous",
            0.017023158998116704
          ],
          [
            "sound detection",
            0.016854518669577795
          ]
        ],
        "count": 140
      },
      "28": {
        "name": "28_audio_effects_sound_neural",
        "keywords": [
          [
            "audio",
            0.021175041381402318
          ],
          [
            "effects",
            0.020766421638847853
          ],
          [
            "sound",
            0.014304340950542631
          ],
          [
            "neural",
            0.014217984467506491
          ],
          [
            "synthesizer",
            0.014162417152925388
          ],
          [
            "differentiable",
            0.013862125111255348
          ],
          [
            "synthesis",
            0.01365428109900614
          ],
          [
            "time",
            0.013185688026718146
          ],
          [
            "audio effects",
            0.012247789248809017
          ],
          [
            "signal",
            0.01218945008449041
          ]
        ],
        "count": 130
      }
    },
    "correlations": [
      [
        1.0,
        -0.6972401839905578,
        -0.7471011978448123,
        -0.7525788117918365,
        -0.7391206249036265,
        -0.741469185051695,
        -0.7109042364700542,
        -0.7030856347275873,
        -0.6348928165119208,
        -0.7562579836425598,
        -0.7610818307953527,
        -0.760970201949924,
        -0.7329640987553605,
        -0.7175303506491635,
        -0.7586580449514095,
        -0.6998806309104733,
        -0.7546335853939673,
        -0.7631717291484907,
        -0.7530607322405709,
        -0.73966728093454,
        -0.7408446634435106,
        -0.7283879169414711,
        -0.6815353839059602,
        -0.6517021630473693,
        -0.7411744536484932,
        -0.7317178711416117,
        -0.7545195971237683,
        -0.7453804424449475,
        -0.6672332178725218
      ],
      [
        -0.6972401839905578,
        1.0,
        -0.7532888198385004,
        -0.7495189002344305,
        -0.7247501381637791,
        -0.746780932237548,
        -0.7272020679939624,
        -0.6657115349714753,
        -0.5967053338234548,
        -0.7359559892595346,
        -0.6554740154300549,
        -0.741224893939804,
        -0.7406521089704083,
        -0.7208645076558282,
        -0.7474002798088313,
        -0.7319106173178859,
        -0.7175046624817656,
        -0.7547726109704287,
        -0.7275254358348,
        -0.747491848109419,
        -0.7401132173773771,
        -0.7305888506212996,
        -0.6525148821550054,
        -0.7525504935275448,
        -0.7284757079308088,
        -0.7445424860450713,
        -0.7597091074869058,
        -0.6099412440860489,
        -0.6084312531758604
      ],
      [
        -0.7471011978448123,
        -0.7532888198385004,
        1.0,
        -0.7263418677439926,
        -0.755367950771416,
        -0.7593255741854819,
        -0.7335488785689444,
        -0.6497025531617613,
        -0.7300413336564329,
        -0.7490671073221922,
        -0.7554805557117932,
        -0.754216863262426,
        -0.7554932815472608,
        -0.745123340498127,
        -0.7391665644310716,
        -0.7413015221783812,
        -0.7564182248418464,
        -0.7639855270324301,
        -0.752772812708459,
        -0.7569728439940907,
        -0.751684166671057,
        -0.7271763769706131,
        -0.7212180114603823,
        -0.6803216801255006,
        -0.753791058079492,
        -0.7506893037510778,
        -0.7594623089845594,
        -0.7413607285516192,
        -0.7312385686080507
      ],
      [
        -0.7525788117918365,
        -0.7495189002344305,
        -0.7263418677439926,
        1.0,
        -0.6797125419541301,
        -0.7505802663123127,
        -0.6899067368981617,
        -0.7504989795461905,
        -0.7414972344896102,
        -0.6207668480664041,
        -0.7274466895983329,
        -0.7209059322141331,
        -0.6805461218712628,
        -0.6663764547352238,
        -0.7573765256793263,
        -0.4863239963458902,
        -0.73693296292043,
        -0.7557927176776892,
        -0.677713379115783,
        -0.7571221158415287,
        -0.6748789950961094,
        -0.7342075828958483,
        -0.7280537577341174,
        -0.6961599403913987,
        -0.6391776636910701,
        -0.5841458305401943,
        -0.7554601671251184,
        -0.7564457678400135,
        -0.7392304514512607
      ],
      [
        -0.7391206249036265,
        -0.7247501381637791,
        -0.755367950771416,
        -0.6797125419541301,
        1.0,
        -0.719801881925932,
        -0.6788285415344669,
        -0.7542767186581143,
        -0.7248800706169161,
        -0.6061795963553982,
        -0.6728869998274234,
        -0.6473758303050539,
        -0.6158138534157952,
        -0.654031348092314,
        -0.7614579780550405,
        -0.5742155941229392,
        -0.6162641855930825,
        -0.7578115518108816,
        -0.6522581519767898,
        -0.7320773699729327,
        -0.49219729704846715,
        -0.7300257976647264,
        -0.7350093228129082,
        -0.7462641910895165,
        -0.6148809386555322,
        -0.5647323044843798,
        -0.7551219131480421,
        -0.758464441163861,
        -0.7421802264331495
      ],
      [
        -0.741469185051695,
        -0.746780932237548,
        -0.7593255741854819,
        -0.7505802663123127,
        -0.719801881925932,
        1.0,
        -0.7126386548211208,
        -0.7529530612841115,
        -0.731811519040089,
        -0.7355141389656015,
        -0.7388086748868673,
        -0.7441643512253286,
        -0.7292831592109847,
        -0.7079205451177966,
        -0.7618799141706718,
        -0.7447781302448071,
        -0.7336051720683521,
        -0.7615732591019317,
        -0.7278169932270915,
        -0.7584721736110465,
        -0.7344773070988126,
        -0.7491044359987054,
        -0.7246941177555895,
        -0.7563991911849135,
        -0.7285303191085273,
        -0.7426315970784559,
        -0.759269640309925,
        -0.7544854186458414,
        -0.7493681769433946
      ],
      [
        -0.7109042364700542,
        -0.7272020679939624,
        -0.7335488785689444,
        -0.6899067368981617,
        -0.6788285415344669,
        -0.7126386548211208,
        1.0,
        -0.7328566803264205,
        -0.7077859984713344,
        -0.6454153432314368,
        -0.7186268722410931,
        -0.6970573287007777,
        -0.6484103416993643,
        -0.44606976518711283,
        -0.7475479892267276,
        -0.6921331986584406,
        -0.7251434400951728,
        -0.746588179487261,
        -0.06388514448230642,
        -0.7464845942773893,
        -0.6436610508282807,
        -0.6971060107182807,
        -0.653479867417326,
        -0.7188450732153366,
        -0.7209555910000274,
        -0.6971443012706731,
        -0.7436001853095046,
        -0.7487505889303903,
        -0.7311215365869586
      ],
      [
        -0.7030856347275873,
        -0.6657115349714753,
        -0.6497025531617613,
        -0.7504989795461905,
        -0.7542767186581143,
        -0.7529530612841115,
        -0.7328566803264205,
        1.0,
        -0.5865153321427592,
        -0.7567808517125366,
        -0.7593733416729511,
        -0.759103896642997,
        -0.75070097610422,
        -0.7267865222938001,
        -0.7316364068618126,
        -0.7449283498986162,
        -0.7601627328738312,
        -0.7574585949233604,
        -0.7530720817879406,
        -0.7613464354100166,
        -0.7516950393908407,
        -0.7010505947445815,
        -0.6579283874073283,
        -0.735310177281653,
        -0.7455161578600047,
        -0.74792772740367,
        -0.7576991242431517,
        -0.7145604756186175,
        -0.6156734551566446
      ],
      [
        -0.6348928165119208,
        -0.5967053338234548,
        -0.7300413336564329,
        -0.7414972344896102,
        -0.7248800706169161,
        -0.731811519040089,
        -0.7077859984713344,
        -0.5865153321427592,
        1.0,
        -0.7432047835081567,
        -0.7474277865179351,
        -0.741495467590559,
        -0.7069229524932867,
        -0.7041492302516448,
        -0.7485299362213409,
        -0.7155887006849879,
        -0.7506602816127514,
        -0.753270901748951,
        -0.7251460062723076,
        -0.7557580437241094,
        -0.7162594955245174,
        -0.7237318000280525,
        -0.22819852371456406,
        -0.7318787057487919,
        -0.6778528708006739,
        -0.7355607756409213,
        -0.7504320692237141,
        -0.741343125879307,
        -0.5060466471733763
      ],
      [
        -0.7562579836425598,
        -0.7359559892595346,
        -0.7490671073221922,
        -0.6207668480664041,
        -0.6061795963553982,
        -0.7355141389656015,
        -0.6454153432314368,
        -0.7567808517125366,
        -0.7432047835081567,
        1.0,
        -0.7281113148850409,
        -0.7251978784146211,
        -0.5819470907174566,
        -0.5857492985374195,
        -0.7579831279542661,
        -0.5564189491016793,
        -0.715395142154994,
        -0.7561943085926262,
        -0.5555865098144865,
        -0.7519470557558225,
        -0.573223270368294,
        -0.7426568166381708,
        -0.6712610576753886,
        -0.7457048264481232,
        -0.5041972111259222,
        -0.5904830921624027,
        -0.7490875644799433,
        -0.7511024514474176,
        -0.7496983428148232
      ],
      [
        -0.7610818307953527,
        -0.6554740154300549,
        -0.7554805557117932,
        -0.7274466895983329,
        -0.6728869998274234,
        -0.7388086748868673,
        -0.7186268722410931,
        -0.7593733416729511,
        -0.7474277865179351,
        -0.7281113148850409,
        1.0,
        -0.3451528131035716,
        -0.7391459461084138,
        -0.6910581203143396,
        -0.7567350125181598,
        -0.727874178321452,
        -0.6015736909852989,
        -0.7524258902347887,
        -0.7306333741343956,
        -0.7330756846323969,
        -0.7411267846089141,
        -0.7396922404903398,
        -0.735797784992613,
        -0.7432997916060322,
        -0.7211222230961414,
        -0.7323595154406772,
        -0.7585482665435459,
        -0.7537144264384974,
        -0.7543170164609597
      ],
      [
        -0.760970201949924,
        -0.741224893939804,
        -0.754216863262426,
        -0.7209059322141331,
        -0.6473758303050539,
        -0.7441643512253286,
        -0.6970573287007777,
        -0.759103896642997,
        -0.741495467590559,
        -0.7251978784146211,
        -0.3451528131035716,
        1.0,
        -0.7389239658227382,
        -0.709650408464956,
        -0.756223559844901,
        -0.7251414040611225,
        -0.5349524228015511,
        -0.761658388803645,
        -0.7037479710566306,
        -0.7306582469226521,
        -0.737664952464852,
        -0.7432610091564955,
        -0.7241395879493655,
        -0.7119958532941318,
        -0.7196173437089421,
        -0.7303184026753831,
        -0.7528360087655914,
        -0.757105220572805,
        -0.75427713810471
      ],
      [
        -0.7329640987553605,
        -0.7406521089704083,
        -0.7554932815472608,
        -0.6805461218712628,
        -0.6158138534157952,
        -0.7292831592109847,
        -0.6484103416993643,
        -0.75070097610422,
        -0.7069229524932867,
        -0.5819470907174566,
        -0.7391459461084138,
        -0.7389239658227382,
        1.0,
        -0.6270364135824698,
        -0.7561447520689586,
        -0.6228665728818037,
        -0.7392083266588748,
        -0.7557695895361136,
        -0.562575007306542,
        -0.7564425407956732,
        -0.5519206852067087,
        -0.7379723025191052,
        -0.72700808092662,
        -0.750146365120806,
        -0.6088891445442081,
        -0.6544446270510953,
        -0.7535460763037607,
        -0.7557223058998551,
        -0.7516637884398547
      ],
      [
        -0.7175303506491635,
        -0.7208645076558282,
        -0.745123340498127,
        -0.6663764547352238,
        -0.654031348092314,
        -0.7079205451177966,
        -0.44606976518711283,
        -0.7267865222938001,
        -0.7041492302516448,
        -0.5857492985374195,
        -0.6910581203143396,
        -0.709650408464956,
        -0.6270364135824698,
        1.0,
        -0.7490263446621781,
        -0.6622786831011893,
        -0.7198905147235681,
        -0.744765850643335,
        -0.3978188299549209,
        -0.7436800456760515,
        -0.644115351764444,
        -0.7082389019011592,
        -0.6713072739602325,
        -0.7290663295345663,
        -0.6603334073834171,
        -0.6523586239330098,
        -0.7490252704221597,
        -0.7411892193560754,
        -0.7455433449187834
      ],
      [
        -0.7586580449514095,
        -0.7474002798088313,
        -0.7391665644310716,
        -0.7573765256793263,
        -0.7614579780550405,
        -0.7618799141706718,
        -0.7475479892267276,
        -0.7316364068618126,
        -0.7485299362213409,
        -0.7579831279542661,
        -0.7567350125181598,
        -0.756223559844901,
        -0.7561447520689586,
        -0.7490263446621781,
        1.0,
        -0.7533788941800798,
        -0.7580282733282706,
        -0.7584161657223667,
        -0.7553817596609945,
        -0.7602268450107219,
        -0.7615522696999063,
        -0.7241244312841529,
        -0.7541524286762776,
        -0.7530521424095842,
        -0.7529470000235166,
        -0.7581556716166906,
        -0.7606722028962061,
        -0.7169756425931075,
        -0.7568524438705286
      ],
      [
