{
  "topics": {
    "data": {
      "0": {
        "name": "0_model_dark_dark energy_cosmological",
        "keywords": [
          [
            "model",
            0.026568713273770337
          ],
          [
            "dark",
            0.023874889532406126
          ],
          [
            "dark energy",
            0.02038371301812823
          ],
          [
            "cosmological",
            0.020211746115117793
          ],
          [
            "energy",
            0.01979164914043113
          ],
          [
            "data",
            0.018330423628857805
          ],
          [
            "models",
            0.01555096118033906
          ],
          [
            "Hubble",
            0.01414969957301524
          ],
          [
            "matter",
            0.013593435533622985
          ],
          [
            "parameter",
            0.012923577947457817
          ]
        ],
        "count": 3127
      },
      "1": {
        "name": "1_inflation_primordial_inflationary_scalar",
        "keywords": [
          [
            "inflation",
            0.03744633595407875
          ],
          [
            "primordial",
            0.021288403625131982
          ],
          [
            "inflationary",
            0.019806172936586517
          ],
          [
            "scalar",
            0.01794285167025157
          ],
          [
            "roll",
            0.01506541472895473
          ],
          [
            "field",
            0.014902199836836166
          ],
          [
            "spectrum",
            0.01412801752303262
          ],
          [
            "non",
            0.013097039771417294
          ],
          [
            "power",
            0.012844242837240167
          ],
          [
            "model",
            0.012699005647967056
          ]
        ],
        "count": 1817
      },
      "2": {
        "name": "2_holographic_AdS_boundary_CFT",
        "keywords": [
          [
            "holographic",
            0.02571242055575063
          ],
          [
            "AdS",
            0.02025712293547259
          ],
          [
            "boundary",
            0.018357751974719436
          ],
          [
            "CFT",
            0.017736242651314287
          ],
          [
            "bulk",
            0.016393740635653818
          ],
          [
            "theory",
            0.016384363611452908
          ],
          [
            "dual",
            0.015809791624331236
          ],
          [
            "gravity",
            0.015585750898103327
          ],
          [
            "entanglement",
            0.015305147258049665
          ],
          [
            "entropy",
            0.014514005118864581
          ]
        ],
        "count": 1645
      },
      "3": {
        "name": "3_gravitational wave_wave_gravitational_binary",
        "keywords": [
          [
            "gravitational wave",
            0.025561110147567106
          ],
          [
            "wave",
            0.025452523907925788
          ],
          [
            "gravitational",
            0.023257670145394684
          ],
          [
            "binary",
            0.02289766676492242
          ],
          [
            "GW",
            0.019058595066321047
          ],
          [
            "LIGO",
            0.017850399625521547
          ],
          [
            "mass",
            0.01668115469706969
          ],
          [
            "signals",
            0.01658183253673987
          ],
          [
            "data",
            0.015721563326282228
          ],
          [
            "events",
            0.01477235152737033
          ]
        ],
        "count": 1407
      },
      "4": {
        "name": "4_quantum_entanglement_Unruh_time",
        "keywords": [
          [
            "quantum",
            0.05651328749138226
          ],
          [
            "entanglement",
            0.022782558757984336
          ],
          [
            "Unruh",
            0.018693774409725306
          ],
          [
            "time",
            0.018573281637018452
          ],
          [
            "field",
            0.016727943636061834
          ],
          [
            "gravity",
            0.015785443701384877
          ],
          [
            "classical",
            0.015195811851518502
          ],
          [
            "spacetime",
            0.014088595978466274
          ],
          [
            "gravitational",
            0.013309495168548367
          ],
          [
            "detector",
            0.013187736334304603
          ]
        ],
        "count": 1177
      },
      "5": {
        "name": "5_black_hole_black hole_thermodynamic",
        "keywords": [
          [
            "black",
            0.04738451207724798
          ],
          [
            "hole",
            0.0364066841531777
          ],
          [
            "black hole",
            0.03617713878311834
          ],
          [
            "thermodynamic",
            0.03179521250346008
          ],
          [
            "phase",
            0.028312022975885295
          ],
          [
            "AdS",
            0.02644239357817231
          ],
          [
            "holes",
            0.026090736502535572
          ],
          [
            "black holes",
            0.026044514447059977
          ],
          [
            "thermodynamics",
            0.023895923382486566
          ],
          [
            "transition",
            0.019371235691743687
          ]
        ],
        "count": 1005
      },
      "6": {
        "name": "6_black_hole_black hole_shadow",
        "keywords": [
          [
            "black",
            0.04013243168457793
          ],
          [
            "hole",
            0.03444065125211957
          ],
          [
            "black hole",
            0.03428152732136603
          ],
          [
            "shadow",
            0.033171496690992355
          ],
          [
            "holes",
            0.018112606885912565
          ],
          [
            "black holes",
            0.01802208768196403
          ],
          [
            "accretion",
            0.01724628743088179
          ],
          [
            "Kerr",
            0.016422475223071338
          ],
          [
            "photon",
            0.015805885426168714
          ],
          [
            "parameter",
            0.01464975288295148
          ]
        ],
        "count": 971
      },
      "7": {
        "name": "7_initial data_data_equations_initial",
        "keywords": [
          [
            "initial data",
            0.020346546362174256
          ],
          [
            "data",
            0.0194417430955445
          ],
          [
            "equations",
            0.019388850620516644
          ],
          [
            "initial",
            0.019339027920071965
          ],
          [
            "Einstein",
            0.017848548419389928
          ],
          [
            "spacetimes",
            0.016823647027359116
          ],
          [
            "spacetime",
            0.016548061663513695
          ],
          [
            "solutions",
            0.016523185080421037
          ],
          [
            "boundary",
            0.014110876168084733
          ],
          [
            "Kerr",
            0.013854317835064927
          ]
        ],
        "count": 660
      },
      "8": {
        "name": "8_stars_anisotropic_compact_star",
        "keywords": [
          [
            "stars",
            0.031804094731681554
          ],
          [
            "anisotropic",
            0.023074706545298154
          ],
          [
            "compact",
            0.021635906510364088
          ],
          [
            "star",
            0.019879736869222155
          ],
          [
            "model",
            0.019204277327525318
          ],
          [
            "mass",
            0.0191336512434549
          ],
          [
            "stellar",
            0.018373630924983037
          ],
          [
            "gravity",
            0.01799389296243251
          ],
          [
            "equations",
            0.017109562867235355
          ],
          [
            "equation",
            0.016571672094855903
          ]
        ],
        "count": 597
      },
      "9": {
        "name": "9_neutron_star_neutron star_stars",
        "keywords": [
          [
            "neutron",
            0.051477012409225247
          ],
          [
            "star",
            0.037142964977385014
          ],
          [
            "neutron star",
            0.03448826498275571
          ],
          [
            "stars",
            0.03017059852580625
          ],
          [
            "neutron stars",
            0.022970398510071908
          ],
          [
            "merger",
            0.021145771480112853
          ],
          [
            "mass",
            0.018413980985531663
          ],
          [
            "nuclear",
            0.017151864100432908
          ],
          [
            "state",
            0.01673822208880953
          ],
          [
            "matter",
            0.01570745305097098
          ]
        ],
        "count": 594
      },
      "10": {
        "name": "10_wormhole_wormholes_throat_traversable",
        "keywords": [
          [
            "wormhole",
            0.0895438366252009
          ],
          [
            "wormholes",
            0.051924362863830016
          ],
          [
            "throat",
            0.03181799177384279
          ],
          [
            "traversable",
            0.030399401792355826
          ],
          [
            "wormhole solutions",
            0.02277051215010761
          ],
          [
            "solutions",
            0.022500033069944796
          ],
          [
            "energy",
            0.0221675897308679
          ],
          [
            "matter",
            0.019629628995120316
          ],
          [
            "conditions",
            0.018547057522433668
          ],
          [
            "energy conditions",
            0.016651699618534015
          ]
        ],
        "count": 543
      },
      "11": {
        "name": "11_black_hole_black hole_scalar",
        "keywords": [
          [
            "black",
            0.04191522896708979
          ],
          [
            "hole",
            0.031370720552754784
          ],
          [
            "black hole",
            0.031297426638325875
          ],
          [
            "scalar",
            0.02919975656075807
          ],
          [
            "quasinormal",
            0.026246266736527437
          ],
          [
            "holes",
            0.02409268082801797
          ],
          [
            "black holes",
            0.023957970450007405
          ],
          [
            "modes",
            0.02371964665231782
          ],
          [
            "quasinormal modes",
            0.019538716822556812
          ],
          [
            "field",
            0.016177660770208532
          ]
        ],
        "count": 541
      },
      "12": {
        "name": "12_waveform_binary_eccentricity_waveforms",
        "keywords": [
          [
            "waveform",
            0.035442154115933475
          ],
          [
            "binary",
            0.02658213964549942
          ],
          [
            "eccentricity",
            0.025031977301326256
          ],
          [
            "waveforms",
            0.024687976564649168
          ],
          [
            "eccentric",
            0.023884787949119007
          ],
          [
            "spin",
            0.020223872410150057
          ],
          [
            "mass",
            0.01926545502339591
          ],
          [
            "gravitational",
            0.018335971126299026
          ],
          [
            "model",
            0.017132329471829553
          ],
          [
            "binaries",
            0.016651363978242625
          ]
        ],
        "count": 445
      },
      "13": {
        "name": "13_scattering_amplitudes_spin_gravity",
        "keywords": [
          [
            "scattering",
            0.030224787117916447
          ],
          [
            "amplitudes",
            0.02353439378591554
          ],
          [
            "spin",
            0.02141215384141693
          ],
          [
            "gravity",
            0.020983420233606775
          ],
          [
            "quantum",
            0.020036873081783924
          ],
          [
            "theory",
            0.018255174206914606
          ],
          [
            "loop",
            0.017633991272873902
          ],
          [
            "graviton",
            0.017444861757642077
          ],
          [
            "order",
            0.017400766128582972
          ],
          [
            "classical",
            0.015811618716556376
          ]
        ],
        "count": 377
      },
      "14": {
        "name": "14_gravitational_spectrum_gravitational wave_wave",
        "keywords": [
          [
            "gravitational",
            0.027895028606725776
          ],
          [
            "spectrum",
            0.023114202925397617
          ],
          [
            "gravitational wave",
            0.02308292560596154
          ],
          [
            "wave",
            0.022668234804883166
          ],
          [
            "background",
            0.019908773635949024
          ],
          [
            "stochastic",
            0.019824616246214476
          ],
          [
            "NANOGrav",
            0.019651411717438495
          ],
          [
            "waves",
            0.019322990464406643
          ],
          [
            "GW",
            0.01763824675258923
          ],
          [
            "PTA",
            0.016675282736344405
          ]
        ],
        "count": 310
      },
      "15": {
        "name": "15_noise_laser_TDI_frequency",
        "keywords": [
          [
            "noise",
            0.05829627675411441
          ],
          [
            "laser",
            0.0351151607762297
          ],
          [
            "TDI",
            0.030067518889381188
          ],
          [
            "frequency",
            0.028253705130638868
          ],
          [
            "gravitational",
            0.026540343783483456
          ],
          [
            "wave",
            0.024691358991933945
          ],
          [
            "gravitational wave",
            0.024663014756080612
          ],
          [
            "LISA",
            0.022735751009715564
          ],
          [
            "sensitivity",
            0.02236926216433368
          ],
          [
            "optical",
            0.0194438937558767
          ]
        ],
        "count": 280
      },
      "16": {
        "name": "16_pulsar_timing_gravitational wave_background",
        "keywords": [
          [
            "pulsar",
            0.03697840144139013
          ],
          [
            "timing",
            0.032669244962277
          ],
          [
            "gravitational wave",
            0.029632738168635358
          ],
          [
            "background",
            0.02910152902847595
          ],
          [
            "wave",
            0.028430346987308966
          ],
          [
            "gravitational",
            0.027227987904733943
          ],
          [
            "wave background",
            0.023717389938667562
          ],
          [
            "gravitational wave background",
            0.0236946310466475
          ],
          [
            "stochastic",
            0.022404412265236293
          ],
          [
            "SGWB",
            0.02157076965305381
          ]
        ],
        "count": 280
      },
      "17": {
        "name": "17_quantum_quantum gravity_gravity_foam",
        "keywords": [
          [
            "quantum",
            0.048767038163951455
          ],
          [
            "quantum gravity",
            0.036280830396959944
          ],
          [
            "gravity",
            0.025729359407299774
          ],
          [
            "foam",
            0.023422299723426472
          ],
          [
            "spin foam",
            0.02328140684128939
          ],
          [
            "spin",
            0.023091391255618807
          ],
          [
            "loop quantum gravity",
            0.019983624933622445
          ],
          [
            "loop quantum",
            0.019340506913626238
          ],
          [
            "loop",
            0.018419344310670497
          ],
          [
            "geometry",
            0.01834385712444717
          ]
        ],
        "count": 244
      },
      "18": {
        "name": "18_string_Sitter_vacua_theory",
        "keywords": [
          [
            "string",
            0.03303407674911898
          ],
          [
            "Sitter",
            0.029953026677086117
          ],
          [
            "vacua",
            0.023579712221123577
          ],
          [
            "theory",
            0.02008951432236522
          ],
          [
            "vacuum",
            0.019678321046175295
          ],
          [
            "string theory",
            0.01921387830618945
          ],
          [
            "decay",
            0.018177266713980685
          ],
          [
            "compactifications",
            0.018049995409802153
          ],
          [
            "solutions",
            0.016777317232730002
          ],
          [
            "conjecture",
            0.016219610775349818
          ]
        ],
        "count": 196
      }
    },
    "correlations": [
      [
        1.0,
        -0.6381576085134545,
        -0.6496967705467699,
        -0.7007876086169578,
        -0.6883820620996655,
        -0.6939752086801876,
        -0.7151590241957868,
        -0.6492744503181754,
        -0.6522579205067993,
        -0.6899007364465451,
        -0.7339237955127201,
        -0.6747847928300701,
        -0.7259363259294844,
        -0.634142608921951,
        -0.6845763386864296,
        -0.7177346276410503,
        -0.6894301284544186,
        -0.6898889430682253,
        -0.64410476169858
      ],
      [
        -0.6381576085134545,
        1.0,
        -0.6397859835343549,
        -0.7110433785863113,
        -0.6681997081603177,
        -0.6690904724578086,
        -0.7035900768534324,
        -0.6931561005400269,
        -0.7279861408656618,
        -0.7391786682586463,
        -0.7518685928307958,
        -0.4872467136226377,
        -0.7382413782006004,
        -0.6299208067371568,
        -0.5753559796968437,
        -0.7275717928646872,
        -0.6825213606430125,
        -0.6981250474943923,
        -0.616821891102866
      ],
      [
        -0.6496967705467699,
        -0.6397859835343549,
        1.0,
        -0.6833048922062352,
        -0.5984117333377641,
        -0.5962476807107818,
        -0.6409403325298307,
        -0.6503586537443752,
        -0.7056424689807104,
        -0.7120946001734403,
        -0.7305935169087259,
        -0.6079453626660866,
        -0.6884333609277672,
        -0.22536559317642146,
        -0.673657187457012,
        -0.7032025024235922,
        -0.6864360278793256,
        -0.6540051954885295,
        -0.17608916762697505
      ],
      [
        -0.7007876086169578,
        -0.7110433785863113,
        -0.6833048922062352,
        1.0,
        -0.7173155337711761,
        -0.6108281772476603,
        -0.6069115158147231,
        -0.7102769952758892,
        -0.6902944378630285,
        -0.532031511119933,
        -0.7599872771740719,
        -0.6175136065392579,
        -0.2592604120570255,
        -0.667391190310496,
        -0.004511389254900678,
        -0.11890790084621226,
        0.02257830178189487,
        -0.7260134949640433,
        -0.6868327375170624
      ],
      [
        -0.6883820620996655,
        -0.6681997081603177,
        -0.5984117333377641,
        -0.7173155337711761,
        1.0,
        -0.6593486064404002,
        -0.6764357393086609,
        -0.6993256599972397,
        -0.7348989090592817,
        -0.7410249673850073,
        -0.7411051081501092,
        -0.6507039850433534,
        -0.7214078223387561,
        -0.4531368242323662,
        -0.7024020826898267,
        -0.7100003848352506,
        -0.711195206318104,
        -0.1542523923351194,
        -0.6155226545148514
      ],
      [
        -0.6939752086801876,
        -0.6690904724578086,
        -0.5962476807107818,
        -0.6108281772476603,
        -0.6593486064404002,
        1.0,
        0.40961932913442595,
        -0.7043878474819185,
        -0.7044836196311735,
        -0.6924827327405372,
        -0.718415196133106,
        0.26013703742552063,
        -0.38946892632340124,
        -0.6283651592759991,
        -0.6533803479632125,
        -0.6878040924542078,
        -0.6530486176065313,
        -0.6683232094180632,
        -0.6407051076691838
      ],
      [
        -0.7151590241957868,
        -0.7035900768534324,
        -0.6409403325298307,
        -0.6069115158147231,
        -0.6764357393086609,
        0.40961932913442595,
        1.0,
        -0.7089552226769156,
        -0.7149665879467857,
        -0.6978517697385853,
        -0.7114754780050484,
        0.32411431156615866,
        -0.34360629387368147,
        -0.6436539910391644,
        -0.6648487313018758,
        -0.689228036536992,
        -0.6572486074090675,
        -0.681200606499208,
        -0.6636253437423086
      ],
      [
        -0.6492744503181754,
        -0.6931561005400269,
        -0.6503586537443752,
        -0.7102769952758892,
        -0.6993256599972397,
        -0.7043878474819185,
        -0.7089552226769156,
        1.0,
        -0.7173494196931613,
        -0.7275965678876223,
        -0.7496333984344635,
        -0.6878010507883953,
        -0.7195480459418413,
        -0.6526285748116112,
        -0.7147898626812133,
        -0.7293657682209101,
        -0.7190917190560379,
        -0.7225262195547086,
        -0.6626465990741905
      ],
      [
        -0.6522579205067993,
        -0.7279861408656618,
        -0.7056424689807104,
        -0.6902944378630285,
        -0.7348989090592817,
        -0.7044836196311735,
        -0.7149665879467857,
        -0.7173494196931613,
        1.0,
        -0.19814526092403986,
        -0.733343190956931,
        -0.7030068128203191,
        -0.7144082812285275,
        -0.6983558645340042,
        -0.7073363837647594,
        -0.7236372960000019,
        -0.6986131333364327,
        -0.7285918226246785,
        -0.7143595428239299
      ],
      [
        -0.6899007364465451,
        -0.7391786682586463,
        -0.7120946001734403,
        -0.532031511119933,
        -0.7410249673850073,
        -0.6924827327405372,
        -0.6978517697385853,
        -0.7275965678876223,
        -0.19814526092403986,
        1.0,
        -0.7496193258935069,
        -0.6998895127597486,
        -0.6449557234944217,
        -0.7074813908046356,
        -0.646646466269009,
        -0.6583430014366808,
        -0.6360778699040703,
        -0.7425021822028264,
        -0.7166722986670443
      ],
      [
        -0.7339237955127201,
        -0.7518685928307958,
        -0.7305935169087259,
        -0.7599872771740719,
        -0.7411051081501092,
        -0.718415196133106,
        -0.7114754780050484,
        -0.7496333984344635,
        -0.733343190956931,
        -0.7496193258935069,
        1.0,
        -0.7126861455029891,
        -0.7514592102412587,
        -0.7355666663951526,
        -0.7586210840805588,
        -0.7608307258660805,
        -0.7537961606871072,
        -0.7369762163591327,
        -0.7366167945170782
      ],
      [
        -0.6747847928300701,
        -0.4872467136226377,
        -0.6079453626660866,
        -0.6175136065392579,
        -0.6507039850433534,
        0.26013703742552063,
        0.32411431156615866,
        -0.6878010507883953,
        -0.7030068128203191,
        -0.6998895127597486,
        -0.7126861455029891,
        1.0,
        -0.41092059916596785,
        -0.6105258548906085,
        -0.652739622399015,
        -0.6877706002668746,
        -0.6534908404337565,
        -0.665917090009593,
        -0.6256242803969982
      ],
      [
        -0.7259363259294844,
        -0.7382413782006004,
        -0.6884333609277672,
        -0.2592604120570255,
        -0.7214078223387561,
        -0.38946892632340124,
        -0.34360629387368147,
        -0.7195480459418413,
        -0.7144082812285275,
        -0.6449557234944217,
        -0.7514592102412587,
        -0.41092059916596785,
        1.0,
        -0.670609818393953,
        -0.5203992436769056,
        -0.5356499688057843,
        -0.5166751323165019,
        -0.7208330520046675,
        -0.6990911193251962
      ],
      [
        -0.634142608921951,
        -0.6299208067371568,
        -0.22536559317642146,
        -0.667391190310496,
        -0.4531368242323662,
        -0.6283651592759991,
        -0.6436539910391644,
        -0.6526285748116112,
        -0.6983558645340042,
        -0.7074813908046356,
        -0.7355666663951526,
        -0.6105258548906085,
        -0.670609818393953,
        1.0,
        -0.6581996961720555,
        -0.6925803482185793,
        -0.6744332138151926,
        -0.20160944307747103,
        -0.2596995529316761
      ],
      [
        -0.6845763386864296,
        -0.5753559796968437,
        -0.673657187457012,
        -0.004511389254900678,
        -0.7024020826898267,
        -0.6533803479632125,
        -0.6648487313018758,
        -0.7147898626812133,
        -0.7073363837647594,
        -0.646646466269009,
        -0.7586210840805588,
        -0.652739622399015,
        -0.5203992436769056,
        -0.6581996961720555,
        1.0,
        -0.33737132546480114,
        0.12896502242852476,
        -0.7152477415245335,
        -0.672293267633031
      ],
      [
        -0.7177346276410503,
        -0.7275717928646872,
        -0.7032025024235922,
        -0.11890790084621226,
        -0.7100003848352506,
        -0.6878040924542078,
        -0.689228036536992,
        -0.7293657682209101,
        -0.7236372960000019,
        -0.6583430014366808,
        -0.7608307258660805,
        -0.6877706002668746,
        -0.5356499688057843,
        -0.6925803482185793,
        -0.33737132546480114,
        1.0,
        -0.2679762940498418,
        -0.7341889687941325,
        -0.709062605383121
      ],
      [
        -0.6894301284544186,
        -0.6825213606430125,
        -0.6864360278793256,
        0.02257830178189487,
        -0.711195206318104,
        -0.6530486176065313,
        -0.6572486074090675,
        -0.7190917190560379,
        -0.6986131333364327,
        -0.6360778699040703,
        -0.7537961606871072,
        -0.6534908404337565,
        -0.5166751323165019,
        -0.6744332138151926,
        0.12896502242852476,
        -0.2679762940498418,
        1.0,
        -0.7231079064593202,
        -0.6863648055150795
      ],
      [
        -0.6898889430682253,
        -0.6981250474943923,
        -0.6540051954885295,
        -0.7260134949640433,
        -0.1542523923351194,
        -0.6683232094180632,
        -0.681200606499208,
        -0.7225262195547086,
        -0.7285918226246785,
        -0.7425021822028264,
        -0.7369762163591327,
        -0.665917090009593,
        -0.7208330520046675,
        -0.20160944307747103,
        -0.7152477415245335,
        -0.7341889687941325,
        -0.7231079064593202,
        1.0,
        -0.6621517138713606
      ],
      [
        -0.64410476169858,
        -0.616821891102866,
        -0.17608916762697505,
        -0.6868327375170624,
        -0.6155226545148514,
        -0.6407051076691838,
        -0.6636253437423086,
        -0.6626465990741905,
        -0.7143595428239299,
        -0.7166722986670443,
        -0.7366167945170782,
        -0.6256242803969982,
        -0.6990911193251962,
        -0.2596995529316761,
        -0.672293267633031,
        -0.709062605383121,
        -0.6863648055150795,
        -0.6621517138713606,
        1.0
      ]
    ],
    "series": {
      "2020-01": [
        95,
        23,
        21,
        15,
        36,
        26,
        22,
        9,
        5,
        25,
        4,
        28,
        11,
        6,
        10,
        7,
        4,
        15,
        10
      ],
      "2020-02": [
        73,
        15,
        25,
        13,
        26,
        39,
        33,
        11,
        7,
        25,
        8,
        31,
        7,
        13,
        9,
        10,
        8,
        12,
        11
      ],
      "2020-03": [
        96,
        28,
        30,
        16,
        48,
        54,
        36,
        10,
        5,
        23,
        11,
        29,
        8,
        18,
        16,
        3,
        6,
        13,
        14
      ],
      "2020-04": [
        102,
        24,
        34,
        18,
        36,
        66,
        45,
        12,
        11,
        21,
        15,
        51,
        9,
        18,
        13,
        11,
        2,
        19,
        11
      ],
      "2020-05": [
        112,
        34,
        33,
        15,
        39,
        59,
        36,
        12,
        13,
        24,
        9,
        52,
        8,
        15,
        14,
        10,
        4,
        20,
        19
      ],
      "2020-06": [
        107,
        21,
        36,
        18,
        46,
        55,
        43,
        10,
        12,
        25,
        12,
        51,
        9,
        21,
        11,
        4,
        7,
        20,
        15
      ],
      "2020-07": [
        107,
        37,
        30,
        21,
        44,
        60,
        56,
        14,
        13,
        30,
        13,
        41,
        7,
        16,
        14,
        11,
        5,
        17,
        11
      ],
      "2020-08": [
        89,
        25,
        25,
        21,
        37,
        48,
        40,
        8,
        5,
        22,
        21,
        27,
        11,
        12,
        14,
        12,
        8,
        13,
        12
      ],
      "2020-09": [
        91,
        26,
        28,
        21,
        40,
        57,
        43,
        10,
        3,
        27,
        12,
        35,
        14,
        10,
        15,
        6,
        22,
        21,
        10
      ],
      "2020-10": [
        108,
        23,
        28,
        37,
        30,
        54,
        44,
        17,
        11,
        23,
        16,
        32,
        5,
        19,
        12,
        13,
        13,
        21,
        9
      ],
      "2020-11": [
        97,
        27,
        31,
        24,
        34,
        47,
        43,
        10,
        6,
        23,
        12,
        40,
        10,
        6,
        11,
        8,
        14,
        21,
        13
      ],
      "2020-12": [
        101,
        35,
        33,
        16,
        43,
        55,
        38,
        14,
        13,
        30,
        14,
        47,
        8,
        15,
        19,
        13,
        9,
        30,
        9
      ],
      "2021-01": [
        106,
        18,
        35,
        22,
        38,
        40,
        30,
        9,
        4,
        20,
        12,
        26,
        9,
        5,
        14,
        3,
        6,
        21,
        12
      ],
      "2021-02": [
        86,
        21,
        23,
        8,
        31,
        48,
        35,
        11,
        6,
        19,
        14,
        33,
        5,
        8,
        14,
        6,
        5,
        13,
        12
      ],
      "2021-03": [
        99,
        21,
        40,
        24,
        34,
        58,
        42,
        17,
        13,
        31,
        12,
        46,
        6,
        18,
        13,
        10,
        5,
        20,
        9
      ],
      "2021-04": [
        98,
        20,
        30,
        19,
        33,
        52,
        29,
        18,
        5,
        20,
        12,
        43,
        12,
        14,
        11,
        7,
        8,
        14,
        11
      ],
      "2021-05": [
        113,
        20,
        36,
        31,
        50,
        61,
        39,
        13,
        16,
        28,
        11,
        49,
        15,
        13,
        18,
        9,
        14,
        26,
        19
      ],
      "2021-06": [
        87,
        23,
        27,
        22,
        43,
        60,
        38,
        10,
        10,
        26,
        14,
        34,
        8,
        11,
        13,
        8,
        8,
        18,
        17
      ],
      "2021-07": [
        99,
        24,
        22,
        18,
        35,
        52,
        50,
        18,
        7,
        27,
        14,
        35,
        11,
        17,
        19,
        11,
        18,
        14,
        6
      ],
      "2021-08": [
        81,
        24,
        28,
        27,
        34,
        48,
        39,
        19,
        13,
        18,
        18,
        37,
        11,
        11,
        20,
        7,
        10,
        12,
        14
      ],
      "2021-09": [
        90,
        19,
        36,
        25,
        42,
        46,
        46,
        15,
        10,
        32,
        11,
        44,
        8,
        17,
        10,
        5,
        10,
        17,
        12
      ],
      "2021-10": [
        115,
        27,
        27,
        23,
        58,
        50,
        36,
        13,
        7,
        33,
        18,
        30,
        9,
        13,
        16,
        15,
        10,
        22,
        10
      ],
      "2021-11": [
        99,
        27,
        33,
        29,
        47,
        60,
        34,
        18,
        8,
        26,
        19,
        44,
        13,
        10,
        18,
        11,
        5,
        22,
        11
      ],
      "2021-12": [
        119,
        21,
        43,
        26,
        61,
        61,
        43,
        11,
        17,
        20,
        10,
        45,
        15,
        26,
        19,
        9,
        12,
        26,
        23
      ],
      "2022-01": [
        98,
        13,
        35,
        21,
        37,
        42,
        47,
        14,
        10,
        27,
        8,
        39,
        6,
        11,
        16,
        9,
        7,
        13,
        12
      ],
      "2022-02": [
        98,
        20,
        32,
        14,
        31,
        47,
        30,
        8,
        9,
        21,
        12,
        28,
        8,
        9,
        10,
        15,
        8,
        11,
        11
      ],
      "2022-03": [
        123,
        26,
        32,
        22,
        47,
        58,
        41,
        11,
        6,
        26,
        12,
        38,
        17,
        26,
        15,
        8,
        10,
        17,
        11
      ],
      "2022-04": [
        88,
        16,
        30,
        20,
        53,
        35,
        37,
        14,
        5,
        29,
        12,
        46,
        8,
        12,
        16,
        14,
        10,
        18,
        14
      ],
      "2022-05": [
        91,
        25,
        29,
        21,
        47,
        61,
        63,
        18,
        7,
        29,
        11,
        47,
        10,
        20,
        24,
        9,
        15,
        24,
        16
      ],
      "2022-06": [
        100,
        26,
        31,
        13,
        50,
        64,
        46,
        12,
        9,
        25,
        10,
        38,
        11,
        10,
        16,
        13,
        10,
        23,
        10
      ],
      "2022-07": [
        97,
        24,
        26,
        25,
        50,
        50,
        40,
        14,
        5,
        30,
        20,
        44,
        11,
        14,
        10,
        10,
        8,
        32,
        12
      ],
      "2022-08": [
        99,
        26,
        26,
        20,
        24,
        52,
        41,
        11,
        8,
        19,
        10,
        33,
        10,
        12,
        6,
        6,
        8,
        21,
        17
      ],
      "2022-09": [
        96,
        30,
        37,
        18,
        51,
        51,
        24,
        14,
        12,
        29,
        5,
        40,
        3,
        12,
        29,
        13,
        12,
        13,
        6
      ],
      "2022-10": [
        106,
        31,
        23,
        32,
        46,
        54,
        32,
        11,
        17,
        33,
        14,
        38,
        19,
        24,
        20,
        14,
        11,
        13,
        13
      ],
      "2022-11": [
        100,
        34,
        31,
        23,
        51,
        64,
        32,
        14,
        7,
        25,
        14,
        44,
        10,
        17,
        19,
        10,
        10,
        21,
        13
      ],
      "2022-12": [
        108,
        27,
        43,
        20,
        44,
        46,
        34,
        14,
        7,
        24,
        17,
        38,
        6,
        29,
        9,
        13,
        16,
        35,
        22
      ],
      "2023-01": [
        108,
        22,
        24,
        30,
        48,
        42,
        41,
        11,
        13,
        19,
        8,
        44,
        7,
        8,
        12,
        19,
        9,
        14,
        12
      ],
      "2023-02": [
        85,
        20,
        26,
        25,
        41,
        54,
        30,
        12,
        10,
        32,
        12,
        31,
        7,
        5,
        19,
        5,
        11,
        20,
        10
      ],
      "2023-03": [
        107,
        32,
        21,
        14,
        43,
        55,
        40,
        12,
        15,
        28,
        12,
        45,
        13,
        17,
        15,
        6,
        10,
        24,
        11
      ],
      "2023-04": [
        99,
        21,
        34,
        32,
        34,
        61,
        42,
        16,
        15,
        20,
        12,
        43,
        9,
        18,
        15,
        8,
        13,
        22,
        15
      ],
      "2023-05": [
        106,
        36,
        32,
        31,
        49,
        66,
        47,
        13,
        19,
        24,
        21,
        48,
        9,
        8,
        12,
        12,
        17,
        24,
        11
      ],
      "2023-06": [
        109,
        28,
        33,
        26,
        39,
        56,
        39,
        11,
        9,
        29,
        11,
        31,
        17,
        18,
        23,
        9,
        36,
        17,
        26
      ],
      "2023-07": [
        82,
        37,
        30,
        29,
        44,
        74,
        56,
        10,
        9,
        25,
        24,
        63,
        15,
        13,
        24,
        18,
        37,
        22,
        10
      ],
      "2023-08": [
        105,
        28,
        34,
        17,
        47,
        51,
        35,
        13,
        10,
        17,
        18,
        44,
        8,
        12,
        18,
        9,
        12,
        14,
        10
      ],
      "2023-09": [
        123,
        18,
        35,
        18,
        38,
        57,
        49,
        12,
        10,
        27,
        16,
        38,
        16,
        14,
        20,
        12,
        22,
        17,
        9
      ],
      "2023-10": [
        111,
        23,
        36,
        29,
        48,
        61,
