{
  "topics": {
    "data": {
      "0": {
        "name": "0_Higgs_dark_mass_model",
        "keywords": [
          [
            "Higgs",
            0.02168960040449158
          ],
          [
            "dark",
            0.01892449293564444
          ],
          [
            "mass",
            0.016250416698581845
          ],
          [
            "model",
            0.015569878531567225
          ],
          [
            "dark matter",
            0.015482999258620338
          ],
          [
            "matter",
            0.014927839604937107
          ],
          [
            "neutrino",
            0.014384412366044628
          ],
          [
            "LHC",
            0.012793606574384208
          ],
          [
            "Model",
            0.01256402569263855
          ],
          [
            "lepton",
            0.012135412263700919
          ]
        ],
        "count": 4374
      },
      "1": {
        "name": "1_production_parton_QCD_corrections",
        "keywords": [
          [
            "production",
            0.021545984250294744
          ],
          [
            "parton",
            0.01933054579823378
          ],
          [
            "QCD",
            0.016580022630172653
          ],
          [
            "corrections",
            0.015826394673655014
          ],
          [
            "order",
            0.015205730411161036
          ],
          [
            "gluon",
            0.014967367612666213
          ],
          [
            "functions",
            0.014427807406242188
          ],
          [
            "cross",
            0.013916941083008791
          ],
          [
            "transverse",
            0.013383569905509624
          ],
          [
            "quark",
            0.013194096841366484
          ]
        ],
        "count": 3322
      },
      "2": {
        "name": "2_states_state_decays_decay",
        "keywords": [
          [
            "states",
            0.03108954743170405
          ],
          [
            "state",
            0.02046697505640079
          ],
          [
            "decays",
            0.01943513523040566
          ],
          [
            "decay",
            0.019427932125029915
          ],
          [
            "meson",
            0.017487449904391977
          ],
          [
            "quark",
            0.014856090441480271
          ],
          [
            "molecular",
            0.013398572840158166
          ],
          [
            "tetraquark",
            0.012965927725267846
          ],
          [
            "wave",
            0.012526151501292852
          ],
          [
            "mass",
            0.01233088001425563
          ]
        ],
        "count": 2947
      },
      "3": {
        "name": "3_collisions_ion_heavy ion_heavy",
        "keywords": [
          [
            "collisions",
            0.039677306390898705
          ],
          [
            "ion",
            0.02235068565758644
          ],
          [
            "heavy ion",
            0.02220385529107216
          ],
          [
            "heavy",
            0.02200034620398782
          ],
          [
            "ion collisions",
            0.019818607078740887
          ],
          [
            "heavy ion collisions",
            0.019532779821650297
          ],
          [
            "medium",
            0.01794921551224648
          ],
          [
            "jet",
            0.01761099933946973
          ],
          [
            "flow",
            0.016772542805187335
          ],
          [
            "energy",
            0.01535384793603823
          ]
        ],
        "count": 2601
      },
      "4": {
        "name": "4_inflation_gravitational_gravitational wave_GW",
        "keywords": [
          [
            "inflation",
            0.03170726142586877
          ],
          [
            "gravitational",
            0.0312946472419528
          ],
          [
            "gravitational wave",
            0.02151770151093975
          ],
          [
            "GW",
            0.019593230096979608
          ],
          [
            "wave",
            0.01913802524067175
          ],
          [
            "black",
            0.015974915259942667
          ],
          [
            "waves",
            0.015680420142359257
          ],
          [
            "primordial",
            0.015339816795578456
          ],
          [
            "inflationary",
            0.015210398954145953
          ],
          [
            "spectrum",
            0.014870591803444652
          ]
        ],
        "count": 1664
      },
      "5": {
        "name": "5_neutrino_experiments_oscillation_DUNE",
        "keywords": [
          [
            "neutrino",
            0.06430548861873607
          ],
          [
            "experiments",
            0.021567296936583616
          ],
          [
            "oscillation",
            0.020997607724172876
          ],
          [
            "DUNE",
            0.01828556753331165
          ],
          [
            "neutrinos",
            0.016695767006291076
          ],
          [
            "scattering",
            0.014396820465604495
          ],
          [
            "Neutrino",
            0.014302212618792987
          ],
          [
            "data",
            0.013394109461074352
          ],
          [
            "nucleus",
            0.012549468117383476
          ],
          [
            "neutrino oscillation",
            0.01217280786409811
          ]
        ],
        "count": 1067
      },
      "6": {
        "name": "6_black_hole_black hole_gravity",
        "keywords": [
          [
            "black",
            0.03351917317185046
          ],
          [
            "hole",
            0.024599818833682313
          ],
          [
            "black hole",
            0.023898382817307183
          ],
          [
            "gravity",
            0.023193793242588835
          ],
          [
            "theory",
            0.02019281268071668
          ],
          [
            "field",
            0.018420168434112455
          ],
          [
            "scalar",
            0.016414368055228952
          ],
          [
            "Sitter",
            0.016377631810483007
          ],
          [
            "quantum",
            0.0149912517406398
          ],
          [
            "holes",
            0.014968876834464276
          ]
        ],
        "count": 1005
      },
      "7": {
        "name": "7_learning_physics_neural_data",
        "keywords": [
          [
            "learning",
            0.032173861346148636
          ],
          [
            "physics",
            0.024404038008386423
          ],
          [
            "neural",
            0.022399012607260436
          ],
          [
            "data",
            0.0201634309033465
          ],
          [
            "performance",
            0.01968665697291726
          ],
          [
            "machine",
            0.01903442991383968
          ],
          [
            "networks",
            0.018567432214780327
          ],
          [
            "machine learning",
            0.01823210405337001
          ],
          [
            "jet",
            0.017849380268828277
          ],
          [
            "network",
            0.017067697242075085
          ]
        ],
        "count": 901
      },
      "8": {
        "name": "8_dark matter_dark_matter_DM",
        "keywords": [
          [
            "dark matter",
            0.04351910977844182
          ],
          [
            "dark",
            0.04298144290621795
          ],
          [
            "matter",
            0.04025721681865204
          ],
          [
            "DM",
            0.03173175524229475
          ],
          [
            "Dark",
            0.014440782510644026
          ],
          [
            "detection",
            0.014059286541832573
          ],
          [
            "ray",
            0.013581266966578593
          ],
          [
            "mass",
            0.01314488351020434
          ],
          [
            "halo",
            0.01240667833257179
          ],
          [
            "Matter",
            0.012393733736087409
          ]
        ],
        "count": 789
      },
      "9": {
        "name": "9_decays_new_physics_new physics",
        "keywords": [
          [
            "decays",
            0.033685504904313046
          ],
          [
            "new",
            0.020681697399029267
          ],
          [
            "physics",
            0.02007107395963098
          ],
          [
            "new physics",
            0.019250919636394668
          ],
          [
            "observables",
            0.017497876780159856
          ],
          [
            "decay",
            0.016827954977416057
          ],
          [
            "NP",
            0.016691334444209904
          ],
          [
            "CP",
            0.016048223714153202
          ],
          [
            "Belle",
            0.014169427979053562
          ],
          [
            "Standard",
            0.013182160721699431
          ]
        ],
        "count": 648
      },
      "10": {
        "name": "10_axion_dark_dark matter_matter",
        "keywords": [
          [
            "axion",
            0.05964094952847378
          ],
          [
            "dark",
            0.029173823168732828
          ],
          [
            "dark matter",
            0.02634478594311361
          ],
          [
            "matter",
            0.025348661287694137
          ],
          [
            "photon",
            0.02408957790500628
          ],
          [
            "axions",
            0.023262265049873238
          ],
          [
            "eV",
            0.019409056476663137
          ],
          [
            "photons",
            0.01748583273454354
          ],
          [
            "Axion",
            0.01634168659052858
          ],
          [
            "magnetic",
            0.016312288832130088
          ]
        ],
        "count": 644
      },
      "11": {
        "name": "11_magnetic_chiral_QCD_phase",
        "keywords": [
          [
            "magnetic",
            0.03195708149484106
          ],
          [
            "chiral",
            0.031224648396575586
          ],
          [
            "QCD",
            0.030858302373293085
          ],
          [
            "phase",
            0.029408254805505244
          ],
          [
            "temperature",
            0.025957122472377993
          ],
          [
            "quark",
            0.02515482730228733
          ],
          [
            "chemical",
            0.024014408217930838
          ],
          [
            "chemical potential",
            0.02054975392687352
          ],
          [
            "magnetic field",
            0.020469291327406554
          ],
          [
            "field",
            0.019680897579035687
          ]
        ],
        "count": 555
      },
      "12": {
        "name": "12_CMB_data_H_0_dark energy",
        "keywords": [
          [
            "CMB",
            0.032728536563950444
          ],
          [
            "data",
            0.03219127735615598
          ],
          [
            "H_0",
            0.027095238262127293
          ],
          [
            "dark energy",
            0.026554795312361195
          ],
          [
            "cosmological",
            0.02591252602284521
          ],
          [
            "tension",
            0.025429888230692872
          ],
          [
            "dark",
            0.0247098644797334
          ],
          [
            "BAO",
            0.02179336125433357
          ],
          [
            "model",
            0.02143866628671361
          ],
          [
            "Hubble",
            0.01997423254324431
          ]
        ],
        "count": 547
      },
      "13": {
        "name": "13_stars_neutron_matter_star",
        "keywords": [
          [
            "stars",
            0.05355330771848722
          ],
          [
            "neutron",
            0.04761759857998104
          ],
          [
            "matter",
            0.0390415270794183
          ],
          [
            "star",
            0.03817358569050573
          ],
          [
            "quark",
            0.029983556175190863
          ],
          [
            "neutron stars",
            0.028683511268392754
          ],
          [
            "quark matter",
            0.0265030599955842
          ],
          [
            "neutron star",
            0.026378052931586033
          ],
          [
            "density",
            0.022500954849978546
          ],
          [
            "nuclear",
            0.020887927270149025
          ]
        ],
        "count": 501
      },
      "14": {
        "name": "14_holographic_QCD_AdS_temperature",
        "keywords": [
          [
            "holographic",
            0.055602423220861855
          ],
          [
            "QCD",
            0.033031516277801355
          ],
          [
            "AdS",
            0.022907659880576695
          ],
          [
            "temperature",
            0.021630528566210044
          ],
          [
            "model",
            0.021272482366904145
          ],
          [
            "phase",
            0.01575511373242503
          ],
          [
            "potential",
            0.015370085718200593
          ],
          [
            "magnetic",
            0.014021037397136367
          ],
          [
            "field",
            0.01365422116969689
          ],
          [
            "transition",
            0.013335513238950342
          ]
        ],
        "count": 466
      },
      "15": {
        "name": "15_lattice_lattice QCD_QCD_form",
        "keywords": [
          [
            "lattice",
            0.05599888342804937
          ],
          [
            "lattice QCD",
            0.033675446064866485
          ],
          [
            "QCD",
            0.03009445407264714
          ],
          [
            "form",
            0.018205051423336165
          ],
          [
            "pion",
            0.01817645141797295
          ],
          [
            "factors",
            0.01577547875742419
          ],
          [
            "form factors",
            0.015631792004064376
          ],
          [
            "quark",
            0.015495685993064078
          ],
          [
            "results",
            0.015219027191206717
          ],
          [
            "physical",
            0.014538391785325561
          ]
        ],
        "count": 437
      },
      "16": {
        "name": "16_laser_field_electron_photon",
        "keywords": [
          [
            "laser",
            0.05854867446745851
          ],
          [
            "field",
            0.038088445777987846
          ],
          [
            "electron",
            0.03638576086420975
          ],
          [
            "photon",
            0.027291086914943714
          ],
          [
            "pair",
            0.02535968566969111
          ],
          [
            "quantum",
            0.021219793208500995
          ],
          [
            "QED",
            0.019828552834142418
          ],
          [
            "vacuum",
            0.019474103324876098
          ],
          [
            "pulse",
            0.0189528355497774
          ],
          [
            "positron",
            0.018909312557703943
          ]
        ],
        "count": 368
      },
      "17": {
        "name": "17_integrals_Feynman_loop_integral",
        "keywords": [
          [
            "integrals",
            0.10913930054211884
          ],
          [
            "Feynman",
            0.0889871987196753
          ],
          [
            "loop",
            0.045772718197793515
          ],
          [
            "integral",
            0.0295736715540092
          ],
          [
            "method",
            0.029451224346335823
          ],
          [
            "reduction",
            0.02916471043613592
          ],
          [
            "differential",
            0.024037548018080793
          ],
          [
            "differential equations",
            0.02074504936307753
          ],
          [
            "functions",
            0.02070839578620098
          ],
          [
            "integration",
            0.020564443830751365
          ]
        ],
        "count": 317
      },
      "18": {
        "name": "18_nucleon_form_hadronic_form factors",
        "keywords": [
          [
            "nucleon",
            0.022935492716570485
          ],
          [
            "form",
            0.021066343818492417
          ],
          [
            "hadronic",
            0.019820644038306526
          ],
          [
            "form factors",
            0.01867781758053098
          ],
          [
            "factors",
            0.017843149629618957
          ],
          [
            "light",
            0.01766484487602584
          ],
          [
            "chiral",
            0.015706670290278654
          ],
          [
            "contributions",
            0.015651619055479404
          ],
          [
            "muon",
            0.015447306782003933
          ],
          [
            "scattering",
            0.015368102547498014
          ]
        ],
        "count": 231
      },
      "19": {
        "name": "19_lattice_distribution_QCD_momentum",
        "keywords": [
          [
            "lattice",
            0.06400251832215427
          ],
          [
            "distribution",
            0.03379611718502931
          ],
          [
            "QCD",
            0.032181024379042154
          ],
          [
            "momentum",
            0.03108890327262653
          ],
          [
            "lattice QCD",
            0.030643099880019557
          ],
          [
            "parton",
            0.02921839708912543
          ],
          [
            "quasi",
            0.026773859236975533
          ],
          [
            "PDFs",
            0.024647592861871258
          ],
          [
            "pion",
            0.02250120573979703
          ],
          [
            "distributions",
            0.02239138763927746
          ]
        ],
        "count": 217
      }
    },
    "correlations": [
      [
        1.0,
        -0.5871986442658571,
        -0.7165577191134493,
        -0.7431648787252647,
        -0.6773570495594544,
        -0.6101052916327361,
        -0.6366745143120673,
        -0.6466850352611532,
        -0.3700088795146362,
        -0.31706211927938155,
        -0.49414084985264717,
        -0.6906196854722142,
        -0.6124919747402804,
        -0.6324211657391514,
        -0.6627082400870637,
        -0.7335220212910356,
        -0.6897423937695552,
        -0.7081901273410861,
        -0.6993333175815863,
        -0.7302131788194148
      ],
      [
        -0.5871986442658571,
        1.0,
        -0.6823063336518683,
        -0.6210976292023874,
        -0.697451309660127,
        -0.6992107776207075,
        -0.6305059563845501,
        -0.6957766966301555,
        -0.7020449768046366,
        -0.647408898214413,
        -0.7013589843215084,
        -0.6557111399673272,
        -0.6731620411202861,
        -0.6850406026758056,
        -0.6527835577232421,
        -0.6839805307838569,
        -0.6723547474190414,
        -0.6973075169505669,
        -0.6791868033663728,
        -0.49449526538158023
      ],
      [
        -0.7165577191134493,
        -0.6823063336518683,
        1.0,
        -0.7257674015685383,
        -0.7482804697225367,
        -0.745172499372696,
        -0.7371550813862875,
        -0.7421574384042474,
        -0.7531681766537377,
        -0.6011293439266225,
        -0.7492109722666118,
        -0.702253774239276,
        -0.7271113378624061,
        -0.7278149163119016,
        -0.7115682923919846,
        -0.6940520848407442,
        -0.7295626565217896,
        -0.7470812924828624,
        -0.7013786636943324,
        -0.7060549487146763
      ],
      [
        -0.7431648787252647,
        -0.6210976292023874,
        -0.7257674015685383,
        1.0,
        -0.7540404866795231,
        -0.7536941365274624,
        -0.747469955785782,
        -0.7285577314853393,
        -0.7516517244837613,
        -0.740941180406901,
        -0.7452189544180166,
        -0.663599971295294,
        -0.7331510624556445,
        -0.7094732962519938,
        -0.6775398443222949,
        -0.7272261925863733,
        -0.7246748792618343,
        -0.7533111762068454,
        -0.7450384977803386,
        -0.6832728650825507
      ],
      [
        -0.6773570495594544,
        -0.697451309660127,
        -0.7482804697225367,
        -0.7540404866795231,
        1.0,
        -0.7348646030258921,
        -0.5033419012479179,
        -0.7389614244755611,
        -0.6408015833641817,
        -0.7281146625214991,
        -0.641988856339442,
        -0.6711073445991054,
        -0.6485833137182443,
        -0.6832425827687008,
        -0.6806637462523535,
        -0.7435766695099169,
        -0.7291911263526987,
        -0.7514866917890031,
        -0.7418219796023662,
        -0.7485618321375049
      ],
      [
        -0.6101052916327361,
        -0.6992107776207075,
        -0.745172499372696,
        -0.7536941365274624,
        -0.7348646030258921,
        1.0,
        -0.722190997368584,
        -0.7165273864468482,
        -0.6546232958305974,
        -0.630722897033114,
        -0.6915742748482084,
        -0.7345510286704171,
        -0.6826169089367213,
        -0.7014496632533749,
        -0.7094463594267478,
        -0.7567025684044524,
        -0.7259935122780343,
        -0.7517803459737917,
        -0.7241714570809199,
        -0.74738900967995
      ],
      [
        -0.6366745143120673,
        -0.6305059563845501,
        -0.7371550813862875,
        -0.747469955785782,
        -0.5033419012479179,
        -0.722190997368584,
        1.0,
        -0.7233827575685232,
        -0.6740591993777847,
        -0.7112779066278678,
        -0.683253387510107,
        -0.6955053803476813,
        -0.6845937376073516,
        -0.6924816421969906,
        -0.6803486239674883,
        -0.728396207807328,
        -0.6919760191442696,
        -0.7180185104628654,
        -0.7192377967791803,
        -0.7244884094193933
      ],
      [
        -0.6466850352611532,
        -0.6957766966301555,
        -0.7421574384042474,
        -0.7285577314853393,
        -0.7389614244755611,
        -0.7165273864468482,
        -0.7233827575685232,
        1.0,
        -0.7298842062359558,
        -0.5907250156234327,
        -0.7328953915819973,
        -0.7339995553308418,
        -0.7069434137255535,
        -0.7284495158867464,
        -0.7230008776235932,
        -0.7399759479302703,
        -0.7237346249772485,
        -0.7491835644565346,
        -0.7409193039559907,
        -0.7246622598162256
      ],
      [
        -0.3700088795146362,
        -0.7020449768046366,
        -0.7531681766537377,
        -0.7516517244837613,
        -0.6408015833641817,
        -0.6546232958305974,
        -0.6740591993777847,
        -0.7298842062359558,
        1.0,
        -0.6939667486679556,
        -0.12496727825962135,
        -0.7175792709405369,
        -0.5027712728423341,
        -0.5335489267243221,
        -0.6972419660044784,
        -0.7528941261223139,
        -0.7134826297718269,
        -0.7552020558847549,
        -0.7289945015333925,
        -0.7499526931351148
      ],
      [
        -0.31706211927938155,
        -0.647408898214413,
        -0.6011293439266225,
        -0.740941180406901,
        -0.7281146625214991,
        -0.630722897033114,
        -0.7112779066278678,
        -0.5907250156234327,
        -0.6939667486679556,
        1.0,
        -0.6980710034185675,
        -0.7047116701094296,
        -0.6943546755953747,
        -0.715080021225935,
        -0.6962597052215138,
        -0.7001741944871172,
        -0.6936374957328879,
        -0.7259180534510163,
        -0.6604290854852245,
        -0.7171457172915314
      ],
      [
        -0.49414084985264717,
        -0.7013589843215084,
        -0.7492109722666118,
        -0.7452189544180166,
        -0.641988856339442,
        -0.6915742748482084,
        -0.683253387510107,
        -0.7328953915819973,
        -0.12496727825962135,
        -0.6980710034185675,
        1.0,
        -0.6462912979722775,
        -0.5773740950110035,
        -0.566959894728863,
        -0.6773108439818212,
        -0.7446324899127701,
        -0.6537595380978829,
        -0.7539772169824467,
        -0.7245552182214514,
        -0.7447073723486717
      ],
      [
        -0.6906196854722142,
        -0.6557111399673272,
        -0.702253774239276,
        -0.663599971295294,
        -0.6711073445991054,
        -0.7345510286704171,
        -0.6955053803476813,
        -0.7339995553308418,
        -0.7175792709405369,
        -0.7047116701094296,
        -0.6462912979722775,
        1.0,
        -0.7247154639125821,
        -0.5210028864311588,
        -0.3363257435295598,
        -0.5383399495682071,
        -0.6992997944549213,
        -0.7339181893736464,
        -0.6914924546667724,
        -0.5926744003863901
      ],
      [
        -0.6124919747402804,
        -0.6731620411202861,
        -0.7271113378624061,
        -0.7331510624556445,
        -0.6485833137182443,
        -0.6826169089367213,
        -0.6845937376073516,
        -0.7069434137255535,
        -0.5027712728423341,
        -0.6943546755953747,
        -0.5773740950110035,
        -0.7247154639125821,
        1.0,
        -0.6472419161816998,
        -0.6816737923408668,
        -0.7397531694832262,
        -0.7281359432168629,
        -0.7548094711138194,
        -0.7300278265580789,
        -0.7260196712751247
      ],
      [
        -0.6324211657391514,
        -0.6850406026758056,
        -0.7278149163119016,
        -0.7094732962519938,
        -0.6832425827687008,
        -0.7014496632533749,
        -0.6924816421969906,
        -0.7284495158867464,
        -0.5335489267243221,
        -0.715080021225935,
        -0.566959894728863,
        -0.5210028864311588,
        -0.6472419161816998,
        1.0,
        -0.6714961677704323,
        -0.7217293715261067,
        -0.7265990061831594,
        -0.7470604453889449,
        -0.713316052575995,
        -0.7161935995336095
      ],
      [
        -0.6627082400870637,
        -0.6527835577232421,
        -0.7115682923919846,
        -0.6775398443222949,
        -0.6806637462523535,
        -0.7094463594267478,
        -0.6803486239674883,
        -0.7230008776235932,
        -0.6972419660044784,
        -0.6962597052215138,
        -0.6773108439818212,
        -0.3363257435295598,
        -0.6816737923408668,
        -0.6714961677704323,
        1.0,
        -0.5612643150804654,
        -0.7157880058125392,
        -0.7337182709101335,
        -0.6924255681906686,
        -0.6170613435324426
      ],
      [
        -0.7335220212910356,
        -0.6839805307838569,
        -0.6940520848407442,
        -0.7272261925863733,
        -0.7435766695099169,
        -0.7567025684044524,
        -0.728396207807328,
        -0.7399759479302703,
        -0.7528941261223139,
        -0.7001741944871172,
        -0.7446324899127701,
        -0.5383399495682071,
        -0.7397531694832262,
        -0.7217293715261067,
        -0.5612643150804654,
        1.0,
        -0.7428127838970059,
        -0.7287527137696903,
        -0.4632744747013581,
        -0.01535680219755253
      ],
      [
        -0.6897423937695552,
        -0.6723547474190414,
        -0.7295626565217896,
        -0.7246748792618343,
        -0.7291911263526987,
        -0.7259935122780343,
        -0.6919760191442696,
        -0.7237346249772485,
        -0.7134826297718269,
        -0.6936374957328879,
        -0.6537595380978829,
        -0.6992997944549213,
        -0.7281359432168629,
        -0.7265990061831594,
        -0.7157880058125392,
        -0.7428127838970059,
        1.0,
        -0.7331667768623746,
        -0.7161731744953008,
        -0.7277071363347248
      ],
      [
        -0.7081901273410861,
        -0.6973075169505669,
        -0.7470812924828624,
        -0.7533111762068454,
        -0.7514866917890031,
        -0.7517803459737917,
        -0.7180185104628654,
        -0.7491835644565346,
        -0.7552020558847549,
        -0.7259180534510163,
        -0.7539772169824467,
        -0.7339181893736464,
        -0.7548094711138194,
        -0.7470604453889449,
        -0.7337182709101335,
        -0.7287527137696903,
        -0.7331667768623746,
        1.0,
        -0.7183058641089652,
        -0.7309062463679693
      ],
      [
        -0.6993333175815863,
        -0.6791868033663728,
        -0.7013786636943324,
        -0.7450384977803386,
        -0.7418219796023662,
        -0.7241714570809199,
        -0.7192377967791803,
        -0.7409193039559907,
        -0.7289945015333925,
        -0.6604290854852245,
        -0.7245552182214514,
        -0.6914924546667724,
        -0.7300278265580789,
        -0.713316052575995,
        -0.6924255681906686,
        -0.4632744747013581,
        -0.7161731744953008,
        -0.7183058641089652,
        1.0,
        -0.6433667549131903
      ],
      [
        -0.7302131788194148,
        -0.49449526538158023,
        -0.7060549487146763,
        -0.6832728650825507,
        -0.7485618321375049,
        -0.74738900967995,
        -0.7244884094193933,
        -0.7246622598162256,
        -0.7499526931351148,
        -0.7171457172915314,
        -0.7447073723486717,
        -0.5926744003863901,
        -0.7260196712751247,
        -0.7161935995336095,
        -0.6170613435324426,
        -0.01535680219755253,
        -0.7277071363347248,
        -0.7309062463679693,
        -0.6433667549131903,
        1.0
      ]
    ],
    "series": {
      "2020-01": [
        83,
        22,
        35,
        41,
        17,
        25,
        18,
        8,
        52,
        31,
        14,
        25,
        27,
        13,
        17,
        19,
        10,
        18,
        11,
        18
      ],
      "2020-02": [
        62,
        29,
        28,
        60,
        15,
        36,
        19,
        11,
        54,
        35,
        14,
        21,
        11,
        20,
        13,
        20,
        13,
        19,
        14,
        16
      ],
      "2020-03": [
        60,
        47,
        35,
        36,
        23,
        44,
        13,
        8,
        59,
        35,
        20,
        28,
        18,
        12,
        16,
        25,
        18,
        16,
        14,
        17
      ],
      "2020-04": [
        68,
        27,
        35,
        41,
        24,
        44,
        32,
        3,
        50,
        23,
        28,
        40,
        24,
        19,
        16,
        27,
        17,
        22,
        16,
        21
      ],
      "2020-05": [
        54,
        39,
        30,
        41,
        21,
        51,
        16,
        10,
        54,
        45,
        14,
        26,
        17,
        23,
        19,
        19,
        11,
        20,
        16,
        23
      ],
      "2020-06": [
        58,
        36,
        35,
        44,
        27,
        49,
        32,
        13,
        87,
        40,
        26,
        32,
        23,
        21,
        18,
        16,
        12,
        19,
        20,
        22
      ],
      "2020-07": [
        64,
        39,
        44,
        40,
        26,
        56,
        30,
        13,
        91,
        33,
        25,
        23,
        11,
        24,
        18,
        23,
        14,
        13,
        11,
        15
      ],
      "2020-08": [
        77,
        33,
        52,
        42,
        21,
        42,
        20,
        21,
        66,
        26,
        23,
        21,
        14,
        15,
        17,
        19,
        13,
        14,
        19,
        14
      ],
      "2020-09": [
        58,
        32,
        29,
        53,
        34,
        50,
        33,
        15,
        52,
        35,
        20,
        30,
        19,
        21,
        21,
        20,
        15,
        18,
        16,
        17
      ],
      "2020-10": [
        59,
        46,
        25,
        39,
        17,
        42,
        26,
        17,
        63,
        27,
        21,
        36,
        11,
        25,
        18,
        22,
        21,
        18,
        14,
        13
      ],
      "2020-11": [
        62,
        40,
        43,
        27,
        26,
        45,
        28,
        11,
        75,
        38,
        18,
        20,
        15,
        16,
        24,
        20,
        11,
        18,
        15,
        19
      ],
      "2020-12": [
        86,
        49,
        35,
        47,
        25,
        54,
        25,
        22,
        81,
        59,
        29,
        34,
        24,
        31,
        14,
        27,
        22,
        26,
        18,
        11
      ],
      "2021-01": [
        43,
        29,
        40,
        34,
        19,
        29,
        17,
        5,
        47,
        31,
        17,
        30,
        15,
        22,
        12,
        17,
        13,
        9,
        6,
        13
      ],
      "2021-02": [
        54,
        41,
        40,
        25,
        17,
        41,
        21,
        9,
        53,
        32,
        25,
        18,
        28,
        17,
        12,
        31,
        16,
        15,
        17,
        13
      ],
      "2021-03": [
        66,
        37,
        32,
        46,
        14,
        54,
        30,
        10,
        65,
        45,
        18,
        33,
        22,
        23,
        14,
        22,
        14,
        17,
        16,
        21
      ],
      "2021-04": [
        62,
        31,
        34,
        28,
        25,
        38,
        33,
        12,
        91,
        46,
        28,
        30,
        15,
        20,
        15,
        15,
        19,
        18,
        33,
        5
      ],
      "2021-05": [
        73,
        37,
        30,
        34,
        25,
        50,
        38,
        21,
        72,
        50,
        31,
        31,
        22,
        22,
        13,
        13,
        22,
        12,
        13,
        11
      ],
      "2021-06": [
        71,
        47,
        32,
        35,
        21,
        54,
        26,
        15,
        58,
        36,
        19,
        34,
        18,
        18,
        15,
        17,
        14,
        13,
        15,
        17
      ],
      "2021-07": [
        81,
        49,
        45,
        47,
        33,
        47,
        25,
        14,
        72,
        45,
        35,
        24,
        22,
        18,
        15,
        22,
        19,
        17,
        19,
        22
      ],
      "2021-08": [
        57,
        37,
        41,
        30,
        26,
        40,
        24,
        6,
        66,
        21,
        31,
        33,
        20,
        16,
        20,
        19,
        19,
        10,
        14,
        33
      ],
      "2021-09": [
        77,
        31,
        48,
        44,
        23,
        52,
        32,
        12,
        63,
        33,
        20,
        34,
        15,
        21,
        20,
        10,
        16,
        17,
        22,
        13
      ],
      "2021-10": [
        74,
        53,
        47,
        43,
        11,
        58,
        30,
        14,
        78,
        38,
        23,
        25,
        19,
        18,
        21,
        30,
        11,
        33,
        25,
        14
      ],
      "2021-11": [
        80,
        44,
        46,
        38,
        17,
        56,
        24,
        13,
        75,
        49,
        27,
        24,
        15,
        21,
        15,
        40,
        14,
        15,
        18,
        24
      ],
      "2021-12": [
        86,
        51,
        37,
        41,
        33,
        44,
        40,
        24,
        98,
        68,
        24,
        31,
        24,
        31,
        21,
        39,
        22,
        22,
        18,
        22
      ],
      "2022-01": [
        65,
        28,
        36,
        43,
        14,
        35,
        32,
        7,
        41,
        34,
        18,
        20,
        23,
        15,
        11,
        20,
        20,
        23,
        12,
        18
      ],
      "2022-02": [
        57,
        35,
        31,
        24,
        17,
        45,
        26,
        23,
        57,
        27,
        17,
        21,
        24,
        16,
        23,
        25,
        11,
        14,
        23,
        17
      ],
      "2022-03": [
        100,
        48,
        40,
        37,
        28,
        59,
        30,
        38,
        93,
        58,
        44,
        20,
        27,
        19,
        19,
        21,
        17,
        23,
        22,
        22
      ],
      "2022-04": [
        85,
        51,
        53,
        34,
        19,
        54,
        17,
        12,
        75,
        48,
        27,
        30,
        18,
        24,
        17,
        15,
        12,
        14,
        19,
        13
      ],
      "2022-05": [
        84,
        47,
        41,
        34,
        31,
        59,
        36,
        15,
        80,
        40,
        19,
        30,
        21,
        27,
        12,
        21,
        14,
        24,
        18,
        19
      ],
      "2022-06": [
        64,
        35,
        27,
        35,
        25,
        52,
        28,
        11,
        62,
        38,
        26,
        22,
        15,
        17,
        15,
        21,
        11,
        14,
        18,
        12
      ],
      "2022-07": [
        83,
        43,
        45,
        34,
        20,
        56,
        25,
        13,
        72,
        54,
        26,
        27,
        20,
        29,
        10,
        23,
        17,
        37,
        17,
        20
      ],
      "2022-08": [
        68,
        44,
        59,
        53,
        24,
        47,
        24,
        9,
        55,
        35,
        22,
        22,
        19,
        22,
        9,
        17,
        19,
        21,
        16,
        13
      ],
      "2022-09": [
        69,
        32,
        35,
        63,
        20,
        45,
        23,
        14,
        70,
        35,
        32,
        33,
        9,
        24,
        18,
        19,
        13,
        15,
        14,
        23
      ],
      "2022-10": [
        63,
        47,
        30,
        29,
        25,
        53,
        29,
        18,
        86,
        35,
        23,
        21,
        20,
        13,
        16,
        26,
        15,
        22,
        12,
        20
      ],
      "2022-11": [
        101,
        40,
        64,
        47,
        31,
        60,
        33,
        20,
        79,
        48,
        33,
        34,
        21,
        33,
        21,
        31,
        20,
        36,
        18,
        24
      ],
      "2022-12": [
        98,
        42,
        39,
        31,
        38,
        42,
        36,
        12,
        82,
        49,
        28,
        35,
        17,
        31,
        19,
        38,
        17,
        27,
        21,
        18
      ],
      "2023-01": [
        54,
        33,
        28,
