{
  "topics": {
    "data": {
      "0": {
        "name": "0_theory_theories_string_gauge",
        "keywords": [
          [
            "theory",
            0.024098309630236337
          ],
          [
            "theories",
            0.01739903426472363
          ],
          [
            "string",
            0.014596873213956947
          ],
          [
            "gauge",
            0.014556500216448815
          ],
          [
            "non",
            0.013083519449522149
          ],
          [
            "dimensional",
            0.012943929095408143
          ],
          [
            "algebra",
            0.011946023799138313
          ],
          [
            "supergravity",
            0.011867896573743602
          ],
          [
            "supersymmetric",
            0.011780740347139555
          ],
          [
            "space",
            0.010431842153100666
          ]
        ],
        "count": 7103
      },
      "1": {
        "name": "1_black_hole_black hole_gravity",
        "keywords": [
          [
            "black",
            0.04128650275548902
          ],
          [
            "hole",
            0.03008555595587749
          ],
          [
            "black hole",
            0.029455431087879416
          ],
          [
            "gravity",
            0.021128526502972655
          ],
          [
            "holes",
            0.020351880734890422
          ],
          [
            "black holes",
            0.01991878072616305
          ],
          [
            "scalar",
            0.01654473340293203
          ],
          [
            "field",
            0.014540042966923641
          ],
          [
            "gravitational",
            0.014426348378714624
          ],
          [
            "solutions",
            0.01332483530456971
          ]
        ],
        "count": 6454
      },
      "2": {
        "name": "2_inflation_dark_model_matter",
        "keywords": [
          [
            "inflation",
            0.02746917441164667
          ],
          [
            "dark",
            0.025622118874775675
          ],
          [
            "model",
            0.018709883740176816
          ],
          [
            "matter",
            0.018228398546288313
          ],
          [
            "dark matter",
            0.017086879148409347
          ],
          [
            "primordial",
            0.015736920108698323
          ],
          [
            "scalar",
            0.015273414438470202
          ],
          [
            "scale",
            0.014784914160180651
          ],
          [
            "models",
            0.014411395417526026
          ],
          [
            "field",
            0.014013043330632545
          ]
        ],
        "count": 3334
      },
      "3": {
        "name": "3_holographic_entanglement_AdS_entropy",
        "keywords": [
          [
            "holographic",
            0.033822641597664044
          ],
          [
            "entanglement",
            0.021224534196097107
          ],
          [
            "AdS",
            0.02058211682964337
          ],
          [
            "entropy",
            0.0196165513300041
          ],
          [
            "bulk",
            0.019489169624268995
          ],
          [
            "boundary",
            0.019024303316092787
          ],
          [
            "gravity",
            0.016071579863658855
          ],
          [
            "CFT",
            0.0156884285723553
          ],
          [
            "black",
            0.015386207472970344
          ],
          [
            "theory",
            0.0141400011273744
          ]
        ],
        "count": 3074
      },
      "4": {
        "name": "4_loop_QCD_theory_renormalization",
        "keywords": [
          [
            "loop",
            0.01898400535442052
          ],
          [
            "QCD",
            0.01692260390531485
          ],
          [
            "theory",
            0.014878398854190589
          ],
          [
            "renormalization",
            0.014863676121614305
          ],
          [
            "point",
            0.014697486535482876
          ],
          [
            "conformal",
            0.01436683015607445
          ],
          [
            "functions",
            0.01412734268673453
          ],
          [
            "order",
            0.013655501674076878
          ],
          [
            "theories",
            0.012799910263171248
          ],
          [
            "gauge",
            0.01258968270048993
          ]
        ],
        "count": 1587
      },
      "5": {
        "name": "5_topological_symmetry_lattice_phases",
        "keywords": [
          [
            "topological",
            0.03980110976540565
          ],
          [
            "symmetry",
            0.034335319937823204
          ],
          [
            "lattice",
            0.027968789535111734
          ],
          [
            "phases",
            0.026793715714037332
          ],
          [
            "quantum",
            0.022956127524161745
          ],
          [
            "phase",
            0.019661211553092132
          ],
          [
            "symmetries",
            0.01833835331547506
          ],
          [
            "theory",
            0.016084435115433005
          ],
          [
            "model",
            0.01569571822029624
          ],
          [
            "spin",
            0.015238796731099171
          ]
        ],
        "count": 935
      },
      "6": {
        "name": "6_quantum_systems_time_complexity",
        "keywords": [
          [
            "quantum",
            0.04074566381388551
          ],
          [
            "systems",
            0.030133174443339454
          ],
          [
            "time",
            0.02767197706193036
          ],
          [
            "complexity",
            0.025470660463698717
          ],
          [
            "chaotic",
            0.021415365566968984
          ],
          [
            "dynamics",
            0.02123376480537555
          ],
          [
            "entanglement",
            0.020507930818246232
          ],
          [
            "body",
            0.019978286071081056
          ],
          [
            "chaos",
            0.019217251679407247
          ],
          [
            "Krylov",
            0.019067569417346768
          ]
        ],
        "count": 890
      },
      "7": {
        "name": "7_QCD_quark_hydrodynamic_hydrodynamics",
        "keywords": [
          [
            "QCD",
            0.028533882498446256
          ],
          [
            "quark",
            0.022286834982699597
          ],
          [
            "hydrodynamic",
            0.01753658094288655
          ],
          [
            "hydrodynamics",
            0.017181464048388252
          ],
          [
            "gluon",
            0.01712943440921926
          ],
          [
            "relativistic",
            0.01695467122379494
          ],
          [
            "temperature",
            0.016606163631656682
          ],
          [
            "chiral",
            0.015737187652626446
          ],
          [
            "collisions",
            0.013821085448160096
          ],
          [
            "magnetic",
            0.013788594695920453
          ]
        ],
        "count": 860
      },
      "8": {
        "name": "8_kink_solutions_model_field",
        "keywords": [
          [
            "kink",
            0.041302651316774415
          ],
          [
            "solutions",
            0.029217854301754196
          ],
          [
            "model",
            0.02845529149016499
          ],
          [
            "field",
            0.027469644952198117
          ],
          [
            "kinks",
            0.02198646002611285
          ],
          [
            "soliton",
            0.021450334906839487
          ],
          [
            "antikink",
            0.01889035215857695
          ],
          [
            "solitons",
            0.018766364704272738
          ],
          [
            "potential",
            0.017375205933797613
          ],
          [
            "energy",
            0.017238824189141425
          ]
        ],
        "count": 477
      },
      "9": {
        "name": "9_Casimir_energy_field_Casimir effect",
        "keywords": [
          [
            "Casimir",
            0.07883338734811123
          ],
          [
            "energy",
            0.03459698132469816
          ],
          [
            "field",
            0.03373751691096957
          ],
          [
            "Casimir effect",
            0.031220316830269785
          ],
          [
            "effect",
            0.029568344723899676
          ],
          [
            "vacuum",
            0.026777779794083804
          ],
          [
            "boundary",
            0.020250117204917616
          ],
          [
            "boundary conditions",
            0.017164023358534748
          ],
          [
            "conditions",
            0.017052615795718398
          ],
          [
            "magnetic",
            0.016456570202875245
          ]
        ],
        "count": 376
      },
      "10": {
        "name": "10_Unruh_quantum_detector_detectors",
        "keywords": [
          [
            "Unruh",
            0.04884357504818011
          ],
          [
            "quantum",
            0.04715521747977665
          ],
          [
            "detector",
            0.04193796914837821
          ],
          [
            "detectors",
            0.0326222048965649
          ],
          [
            "field",
            0.028928044432251027
          ],
          [
            "entanglement",
            0.026201127461681337
          ],
          [
            "acceleration",
            0.02132765470361554
          ],
          [
            "time",
            0.02131502612460022
          ],
          [
            "Unruh effect",
            0.020835013404226176
          ],
          [
            "state",
            0.020042545235539708
          ]
        ],
        "count": 337
      },
      "11": {
        "name": "11_integrals_Feynman_loop_method",
        "keywords": [
          [
            "integrals",
            0.10015350197404782
          ],
          [
            "Feynman",
            0.09184852309255133
          ],
          [
            "loop",
            0.040080156669498455
          ],
          [
            "method",
            0.02950716833616359
          ],
          [
            "integral",
            0.024276083324947868
          ],
          [
            "functions",
            0.02377129225642554
          ],
          [
            "package",
            0.02112601289189417
          ],
          [
            "reduction",
            0.02092970040917239
          ],
          [
            "differential",
            0.020679706878206194
          ],
          [
            "hypergeometric",
            0.01827217819998417
          ]
        ],
        "count": 246
      }
    },
    "correlations": [
      [
        1.0,
        -0.6453656215047558,
        -0.468179552923597,
        -0.3661501590225405,
        -0.20226207897390144,
        -0.6054366128999354,
        -0.46078860772032143,
        -0.6737402925442759,
        -0.502124692801807,
        -0.6549597957850637,
        -0.5898304315617007,
        -0.7052301496126735
      ],
      [
        -0.6453656215047558,
        1.0,
        -0.6279170650556869,
        -0.46884885753925165,
        -0.644250379947152,
        -0.710041897801738,
        -0.6493593354598476,
        -0.7232184771309944,
        -0.6085687358237798,
        -0.6392579770318547,
        -0.676128650410035,
        -0.7459590387180627
      ],
      [
        -0.468179552923597,
        -0.6279170650556869,
        1.0,
        -0.4653324280277358,
        -0.34639600780874213,
        -0.681930482051109,
        -0.46506638411653295,
        -0.6935720709324413,
        -0.6032163743550601,
        -0.6473872094601014,
        -0.6640710646074626,
        -0.7370127367589376
      ],
      [
        -0.3661501590225405,
        -0.46884885753925165,
        -0.4653324280277358,
        1.0,
        -0.25035350553170366,
        -0.6435707197968493,
        -0.40531562522893816,
        -0.6616554037978728,
        -0.5560030915636929,
        -0.6435713679733582,
        -0.5986790034671035,
        -0.7269415509717891
      ],
      [
        -0.20226207897390144,
        -0.644250379947152,
        -0.34639600780874213,
        -0.25035350553170366,
        1.0,
        -0.6371566400393475,
        -0.3588397921838843,
        -0.6103897851386899,
        -0.5152154335110269,
        -0.6602843646919971,
        -0.6325965968253541,
        -0.5560947592324562
      ],
      [
        -0.6054366128999354,
        -0.710041897801738,
        -0.681930482051109,
        -0.6435707197968493,
        -0.6371566400393475,
        1.0,
        -0.6032178046278942,
        -0.6778872505185292,
        -0.6507541225357587,
        -0.6991568973881382,
        -0.6113340687260762,
        -0.7439299127320442
      ],
      [
        -0.46078860772032143,
        -0.6493593354598476,
        -0.46506638411653295,
        -0.40531562522893816,
        -0.3588397921838843,
        -0.6032178046278942,
        1.0,
        -0.6791604143899135,
        -0.620688192607868,
        -0.6598633668835598,
        -0.4926989622177732,
        -0.7211562353968841
      ],
      [
        -0.6737402925442759,
        -0.7232184771309944,
        -0.6935720709324413,
        -0.6616554037978728,
        -0.6103897851386899,
        -0.6778872505185292,
        -0.6791604143899135,
        1.0,
        -0.6839061327977751,
        -0.6542325543191807,
        -0.6984566597531445,
        -0.7374021145462977
      ],
      [
        -0.502124692801807,
        -0.6085687358237798,
        -0.6032163743550601,
        -0.5560030915636929,
        -0.5152154335110269,
        -0.6507541225357587,
        -0.620688192607868,
        -0.6839061327977751,
        1.0,
        -0.5240829384218678,
        -0.5472227860635586,
        -0.7274858975886767
      ],
      [
        -0.6549597957850637,
        -0.6392579770318547,
        -0.6473872094601014,
        -0.6435713679733582,
        -0.6602843646919971,
        -0.6991568973881382,
        -0.6598633668835598,
        -0.6542325543191807,
        -0.5240829384218678,
        1.0,
        -0.5946649874477928,
        -0.7421873571702715
      ],
      [
        -0.5898304315617007,
        -0.676128650410035,
        -0.6640710646074626,
        -0.5986790034671035,
        -0.6325965968253541,
        -0.6113340687260762,
        -0.4926989622177732,
        -0.6984566597531445,
        -0.5472227860635586,
        -0.5946649874477928,
        1.0,
        -0.7115245724437943
      ],
      [
        -0.7052301496126735,
        -0.7459590387180627,
        -0.7370127367589376,
        -0.7269415509717891,
        -0.5560947592324562,
        -0.7439299127320442,
        -0.7211562353968841,
        -0.7374021145462977,
        -0.7274858975886767,
        -0.7421873571702715,
        -0.7115245724437943,
        1.0
      ]
    ],
    "series": {
      "2020-01": [
        161,
        59,
        26,
        36,
        7,
        27,
        22,
        8,
        32,
        15,
        21,
        23
      ],
      "2020-02": [
        152,
        67,
        30,
        37,
        6,
        33,
        25,
        15,
        32,
        17,
        30,
        20
      ],
      "2020-03": [
        201,
        71,
        37,
        31,
        8,
        39,
        25,
        10,
        43,
        27,
        25,
        30
      ],
      "2020-04": [
        215,
        112,
        33,
        43,
        11,
        32,
        29,
        21,
        53,
        27,
        28,
        29
      ],
      "2020-05": [
        234,
        94,
        40,
        53,
        11,
        35,
        33,
        14,
        48,
        36,
        27,
        34
      ],
      "2020-06": [
        237,
        102,
        26,
        64,
        6,
        29,
        34,
        16,
        56,
        26,
        26,
        21
      ],
      "2020-07": [
        224,
        93,
        43,
        40,
        11,
        30,
        29,
        14,
        62,
        30,
        37,
        31
      ],
      "2020-08": [
        191,
        77,
        34,
        46,
        6,
        41,
        32,
        14,
        35,
        22,
        35,
        31
      ],
      "2020-09": [
        235,
        95,
        39,
        43,
        14,
        28,
        33,
        16,
        41,
        32,
        31,
        22
      ],
      "2020-10": [
        224,
        101,
        28,
        45,
        10,
        33,
        33,
        15,
        52,
        39,
        23,
        27
      ],
      "2020-11": [
        212,
        92,
        40,
        59,
        8,
        31,
        34,
        12,
        45,
        27,
        27,
        25
      ],
      "2020-12": [
        281,
        123,
        33,
        57,
        8,
        44,
        43,
        14,
        53,
        30,
        31,
        32
      ],
      "2021-01": [
        188,
        59,
        21,
        34,
        6,
        26,
        23,
        9,
        40,
        36,
        22,
        17
      ],
      "2021-02": [
        151,
        77,
        19,
        35,
        8,
        23,
        29,
        13,
        48,
        32,
        24,
        24
      ],
      "2021-03": [
        216,
        99,
        24,
        46,
        15,
        36,
        39,
        23,
        44,
        32,
        24,
        23
      ],
      "2021-04": [
        208,
        76,
        35,
        30,
        10,
        37,
        29,
        11,
        37,
        27,
        20,
        23
      ],
      "2021-05": [
        204,
        118,
        32,
        42,
        5,
        28,
        28,
        13,
        52,
        31,
        24,
        26
      ],
      "2021-06": [
        204,
        87,
        30,
        53,
        6,
        41,
        38,
        10,
        34,
        28,
        25,
        21
      ],
      "2021-07": [
        215,
        74,
        33,
        40,
        10,
        40,
        33,
        13,
        39,
        23,
        35,
        21
      ],
      "2021-08": [
        196,
        86,
        39,
        48,
        11,
        25,
        31,
        12,
        28,
        21,
        26,
        13
      ],
      "2021-09": [
        195,
        90,
        25,
        39,
        8,
        36,
        30,
        12,
        43,
        25,
        29,
        25
      ],
      "2021-10": [
        237,
        78,
        32,
        32,
        9,
        37,
        47,
        21,
        37,
        31,
        34,
        40
      ],
      "2021-11": [
        219,
        99,
        40,
        60,
        12,
        40,
        28,
        21,
        63,
        23,
        35,
        30
      ],
      "2021-12": [
        294,
        127,
        47,
        61,
        11,
        48,
        46,
        22,
        55,
        37,
        38,
        39
      ],
      "2022-01": [
        187,
        60,
        27,
        34,
        7,
        33,
        28,
        17,
        33,
        22,
        29,
        32
      ],
      "2022-02": [
        176,
        71,
        32,
        41,
        5,
        20,
        37,
        9,
        39,
        30,
        33,
        18
      ],
      "2022-03": [
        216,
        107,
        41,
        47,
        8,
        38,
        33,
        13,
        35,
        31,
        35,
        28
      ],
      "2022-04": [
        170,
        84,
        34,
        30,
        9,
        40,
        27,
        13,
        34,
        20,
        31,
        29
      ],
      "2022-05": [
        190,
        128,
        29,
        41,
        8,
        33,
        47,
        10,
        40,
        21,
        28,
        28
      ],
      "2022-06": [
        183,
        103,
        31,
        55,
        11,
        26,
        33,
        4,
        29,
        30,
        30,
        28
      ],
      "2022-07": [
        212,
        96,
        35,
        41,
        13,
        26,
        28,
        13,
        43,
        36,
        35,
        32
      ],
      "2022-08": [
        204,
        91,
        33,
        29,
        7,
        27,
        40,
        13,
        36,
        27,
        32,
        24
      ],
      "2022-09": [
        196,
        82,
        34,
        51,
        9,
        28,
        27,
        16,
        38,
        24,
        32,
        31
      ],
      "2022-10": [
        184,
        92,
        44,
        50,
        12,
        32,
        36,
        10,
        48,
        34,
        36,
        33
      ],
      "2022-11": [
        222,
        100,
        41,
        60,
        7,
        31,
        29,
        15,
        58,
        26,
        38,
        33
      ],
      "2022-12": [
        306,
        108,
        53,
        52,
        12,
        49,
        36,
        19,
        54,
        51,
        39,
        36
      ],
      "2023-01": [
        175,
        78,
        29,
        24,
        5,
        34,
        16,
        8,
        28,
        32,
        38,
        23
      ],
      "2023-02": [
        157,
        66,
        26,
        42,
        7,
        25,
        35,
        5,
        31,
        28,
        32,
        18
      ],
      "2023-03": [
        205,
        94,
        39,
        31,
        7,
        30,
        33,
        8,
        50,
        31,
        35,
        28
      ],
      "2023-04": [
        192,
        94,
        31,
        41,
        10,
        44,
        28,
        14,
        38,
        30,
        28,
        30
      ],
      "2023-05": [
        199,
        112,
        34,
        42,
        10,
        33,
        35,
        13,
        45,
        30,
        41,
        27
      ],
      "2023-06": [
        203,
        92,
        33,
        49,
        9,
        44,
        37,
        11,
        27,
        24,
        28,
        32
      ],
      "2023-07": [
        212,
        129,
        49,
        40,
        17,
        37,
        38,
        18,
        41,
        25,
        44,
        20
      ],
      "2023-08": [
        165,
        78,
        31,
        42,
        4,
        30,
        34,
        17,
        33,
        33,
        27,
        28
      ],
      "2023-09": [
        201,
        99,
        37,
        43,
        14,
        41,
        26,
        15,
        34,
        35,
        31,
        35
      ],
      "2023-10": [
        209,
        112,
        30,
        50,
        9,
        43,
        32,
        16,
        39,
        36,
        41,
        24
      ],
      "2023-11": [
        221,
        83,
        47,
        45,
        12,
        42,
        41,
        16,
        49,
        32,
        41,
        38
      ],
      "2023-12": [
        306,
        121,
        26,
        66,
        11,
        42,
        50,
        23,
        50,
        42,
        45,
        44
      ],
      "2024-01": [
        151,
        82,
        26,
        39,
        7,
        40,
        32,
        16,
        25,
        26,
        34,
        19
      ],
      "2024-02": [
        179,
        86,
        28,
        29,
        6,
        36,
        40,
        12,
        40,
        38,
        33,
        34
      ],
      "2024-03": [
        196,
        90,
        35,
        43,
        8,
        37,
        37,
        17,
        47,
        35,
        25,
        38
      ],
      "2024-04": [
        201,
        114,
        44,
        34,
        6,
        52,
        31,
        17,
        33,
        33,
        28,
        23
      ],
      "2024-05": [
        234,
        98,
        60,
        34,
        12,
        60,
        45,
        18,
        34,
        40,
        42,
        29
      ],
      "2024-06": [
        222,
        87,
        54,
        48,
        7,
        37,
        36,
        20,
        39,
        37,
        37,
        37
      ],
      "2024-07": [
        237,
        109,
        42,
        46,
        13,
        32,
        56,
        22,
        55,
        30,
        22,
        33
      ],
      "2024-08": [
        184,
        88,
        39,
        43,
        10,
        41,
        33,
        17,
        31,
        33,
        25,
        38
      ],
      "2024-09": [
        194,
        87,
        33,
        41,
        6,
        37,
        41,
        14,
        36,
        36,
        32,
        30
      ],
      "2024-10": [
        203,
        121,
        28,
        55,
        11,
        48,
        41,
        18,
        45,
        32,
        31,
        40
      ],
      "2024-11": [
        225,
        115,
        28,
        51,
        5,
        60,
        42,
        13,
        44,
        36,
        46,
        33
      ],
      "2024-12": [
        283,
        129,
        36,
        55,
        14,
        63,
        53,
        30,
        46,
        38,
        39,
        43
      ],
      "2025-01": [
        181,
        83,
        32,
        39,
        11,
        36,
        35,
        11,
        39,
        29,
        24,
        24
      ],
      "2025-02": [
        168,
        111,
        44,
        45,
        5,
        39,
        30,
        15,
        34,
        21,
        38,
        29
      ],
      "2025-03": [
        230,
        96,
        40,
        40,
        9,
        38,
        39,
        27,
        37,
        31,
        32,
        36
      ],
      "2025-04": [
        203,
        111,
        56,
        44,
        16,
        38,
        37,
        20,
        28,
        20,
        43,
        30
      ],
      "2025-05": [
        223,
        116,
        51,
        46,
        14,
        41,
        30,
        24,
        38,
        40,
        38,
        28
      ],
      "2025-06": [
        191,
        89,
        46,
        44,
        9,
        40,
        43,
        27,
        33,
        21,
        33,
        25
      ],
      "2025-07": [
        248,
        117,
        62,
        39,
        13,
        43,
        42,
        28,
        35,
        30,
        31,
        24
      ],
      "2025-08": [
        182,
        106,
        25,
        48,
        7,
        45,
        26,
        21,
        25,
        29,
        38,
        33
      ],
      "2025-09": [
        120,
        62,
        29,
        28,
        2,
        31,
        19,
        14,
        24,
        17,
        22,
        20
      ]
    },
    "papers": {
      "0": [
        {
          "title": "Holographic $\\frac{1}{2}$-BPS surface defects in ABJM",
          "year": "2024-04",
          "abstract": "We study the class of $\\text{AdS}_3\\times \\mathbb{CP}^3$ solutions to massive\nType IIA supergravity with $\\mathfrak{osp}(6|2)$ superconformal algebra\nrecently constructed in arXiv:2304.12207 [hep-th]. These solutions are\nfoliations over an interval preserving $\\mathcal{N}=(0,6)$ supersymmetry in two\ndimensions, that in the massless limit can be mapped to the $\\text{AdS}_4\\times\n\\mathbb{CP}^3$ solution of ABJM/ABJ. We show that in the massive case extra\nNS5-D8 branes, that we interpret as $\\frac{1}{2}$-BPS surface defect branes\nwithin the ABJ theory, backreact in the geometry and turn one of the 3d field\ntheory directions onto an energy scale, generating a flow towards a 2d CFT. We\nconstruct explicit quiver field theories that we propose flow in the IR to the\n$(0,6)$ SCFTs dual to the solutions. Finally, we show that the $\\text{AdS}_3$\nsolutions realise geometrically, in terms of large gauge transformations, an\nextension to the massive case of Seiberg duality in ABJ theories proposed in\nthe literature.",
          "arxiv_id": "2404.17469v2"
        },
        {
          "title": "Generalised U-dual solutions in supergravity",
          "year": "2022-03",
          "abstract": "We discuss the notion of generalised U-duality as a solution generating\ntechnique in supergravity. We demonstrate a method to take solutions of type\nIIA supergravity on a 3-sphere, with NSNS flux, to new solutions of\n11-dimensional supergravity, using exceptional geometry techniques. These new\nsolutions are characterised by an underlying 3-algebra structure, and\ngeneralise features of solutions obtained by non-abelian T-duality, which\ninvolve an underlying ordinary Lie algebra. We focus on an example where we\nstart with the pp-F1-NS5 solution in type IIA supergravity. We discuss the\nproperties of our resulting new solution, including the possibility of viewing\nit globally as a U-fold, and its M2 and M5 brane charges. In the extremal case,\nthe new solution admits an AdS${}_3$ limit, which falls into a recently\nconstructed class of M-theory AdS$_{3}$ backgrounds -- this provides a global\ncompletion of our solution with a well-defined holographic dual, similar to the\nglobal completions of non-abelian T-dual solutions. Our full solution is a\n6-vector deformation of this AdS${}_3$ limit. We also explicitly solve the\nKilling spinor equation in the AdS${}_3$ limit, finding a $\\frac{1}{2}$-BPS\nsolution.",
          "arxiv_id": "2203.01838v2"
        },
        {
          "title": "3d $N=2$ theories from M-theory on CY4 and IIB brane box",
          "year": "2023-12",
          "abstract": "We study 3D $N=2$ supersymmetric field theories geometrically engineered from\nM-theory on non-compact Calabi-Yau fourfolds (CY4). We establish a detailed\ndictionary between the geometry and topology of non-compact CY4 and the physics\nof 3D $N=2$ theories in three different regimes. The first one is the Coulomb\nbranch description when the CY4 is smooth. The second one is non-abelian gauge\ntheory when the CY4 has a degenerate $\\mathbb{P}^1$-fibration structure. The\nthird one is the strongly coupled SCFT from a CY4 singularity. We find\ninteresting flavor symmetry enhancements in the singular limit of CY4, as well\nas an interesting and previously unexplored phenomenon in 3D, termed ``flavor\nsymmetry duality''. Many examples are analyzed with an emphasis on toric CY4s\nand $\\mathbb{C}^4$ orbifolds with crepant resolutions. We develop a new brane\nbox method to study the physics of Coulomb branch of 3D $N=2$ theory that\nadmits a toric construction. Via IIB/M-theory duality we find that the brane\nbox diagram living in $\\mathbb{R}^3$ can be physically realized as a\nconfiguration of intersecting 4-branes which are extended objects in 8D maximal\nsupersymmetric theory, which is shown to be consistent via various chains of\ndualities. The rank, effective gauge coupling and certain hints to flavor\nsymmetry enhancement of the 3D $N=2$ theory are read off from the brane box and\ncross-checked against the results obtained from geometric engineering. The\nexotic branes in 8D maximal supersymmetric theory and the 4-string junctions\nthereof are shown to play a crucial role in the construction of the brane box.",
          "arxiv_id": "2312.17082v3"
        }
      ],
      "1": [
        {
          "title": "Spontaneously vectorized Einstein-Gauss-Bonnet black holes",
          "year": "2021-03",
          "abstract": "We construct spontaneously vectorized black holes where a real vector field\nis coupled to the Gauss-Bonnet invariant. We employ three coupling functions\nfor the vector field, and determine the respective domains of existence of the\nvectorized black holes. These domains of existence are bounded by the\nmarginally stable Schwarzschild black holes and the critical vectorized black\nholes. We also address the effects of a mass term. For a given black hole mass\nthe horizon radius is smaller for the vectorized black holes than for the\nSchwarzschild black holes. Since the vector field vanishes at the horizon,\nthere is no contribution from the Gauss-Bonnet term to the entropy of the\nvectorized black holes.",
          "arxiv_id": "2103.01651v1"
        },
        {
          "title": "Area spectrum and black hole thermodynamics",
          "year": "2025-04",
          "abstract": "The role of horizon area quantization on black hole thermodynamics is\ninvestigated in this article. The coefficient appearing in the quantization of\narea is fixed by an appeal to the saturated form of the Landauer's principle.\nThen by considering transition between discrete states of the event horizon\narea which in turn is equivalent to transitions between discrete mass states of\nthe black hole, the change in the mass can be obtained. The change in mass is\nthen equated to the product of the Hawking temperature and change in entropy of\nthe black hole between two consecutive discrete states applying the first law\nof black hole thermodynamics. This gives the corrected Hawking temperature. In\nparticular, we apply this technique to the Schwarzschild black hole, the\nquantum corrected Schwarzschild black hole, the Reissner-Nordstr\\\"{o}m black\nhole which is a charged black hole, and the rotating Kerr black hole geometry,\nand obtain the corrected Hawking temperature in each of these cases. We then\ntake a step forward by inserting this corrected Hawking temperature in the\nfirst law of black hole thermodynamics once again to calculate the entropy of\nthe black hole in terms of the horizon area of the black hole. This leads to\nlogarithmic and inverse corrections to the entropy of the black hole.",
          "arxiv_id": "2504.12014v2"
        },
        {
          "title": "Hawking-Rényi black hole thermodynamics, Kiselev solution, and cosmic censorship",
          "year": "2025-04",
          "abstract": "Explicit example, where the Hawking temperature of a black hole horizon is\ncompatible with the black hole's R\\'enyi entropy thermodynamic description, is\nconstructed. It is shown that for every static, spherically symmetric, vacuum\nblack hole space-time, a corresponding black hole solution can be derived,\nwhere the Hawking temperature is identical with the R\\'enyi temperature, i.e.\nthe one obtained from the R\\'enyi entropy of the black hole via the 1st law of\nthermodynamics. In order to have this Hawking-R\\'enyi type thermodynamic\nproperty, the black holes must be surrounded by an anisotropic fluid in the\nform of a Kiselev metric, where the properties of the fluid are uniquely\ndetermined by the mass of the black hole, $M$, and the R\\'enyi parameter,\n{\\lambda}. In the simplest Schwarzschild scenario, the system is found to be\nthermodynamically unstable, and the 3rd law of thermodynamics seems to play the\nrole of a cosmic censor via placing an upper bound on the black hole's mass, by\nwhich preventing the black hole from loosing its horizon(s).",
          "arxiv_id": "2504.16705v1"
        }
      ],
      "2": [
        {
          "title": "Low-scale Mirror Standard Model Dark Matter and its Detection via Gravitational Waves and the Guitar Nebula",
          "year": "2024-09",
          "abstract": "What if the dark matter Sector is truly dark, self-interacting and\nunreachable by terrestrial experiments? How could we find hints of such dark\nsector if it is experimentally unreachable by any terrestrial experiment? We\nstudy a low-scale mirror Standard Model which can act as a model for dark\nmatter, which interacts only gravitationally with the Standard Model particles.\nThe mirror Standard Model sector particles are stable particles can comprise a\nmeasurable part of the dark matter of the Universe. These mirror Standard Model\nparticles acquire mass through a low-temperature dark first order phase\ntransition. We examine in detail this dark phase transition and we indicate how\nstochastic gravitational waves can be generated through this transition. For\nthe model we use, the produced energy spectrum of the gravitational waves can\nbe detected by the Square Kilometer Array. Moreover, we propose a possible way\nto detect effects of the particle nature of dark matter, using observational\ndata coming from the guitar nebula, which can work if dark matter is\ncollisional, so interacting dark matter. Without specifying a model for\ninteracting dark matter, thus choosing an agnostic approach for interacting\ndark matter, we assume that the guitar nebula bow shock is generated by the\ninteraction of the high speed neutron star that passes through the interstellar\nmedium, which is assumed to be comprised by interacting dark matter and\nhydrogen. Our main proposal is that the opening angle of the bow shock can be\ndirectly related to the speed of sound of the dark matter particles, and a\nlarge angle of the bow shock could be a strong indicator that the interstellar\nmedium is comprised by collisional dark matter and hydrogen gas. This is\nmotivated by the Bosma effect.",
          "arxiv_id": "2409.16095v2"
        },
        {
          "title": "Improved model of primordial black hole formation after Starobinsky inflation",
          "year": "2023-06",
          "abstract": "A new (improved) model of inflation and primordial black hole (PBH) formation\nis proposed by combining Starobinsky model of inflation,\nAppleby-Battye-Starobinsky (ABS) model of dark energy and a quantum correction\nin the modified $F(R)$ gravity. The energy scale parameter in the ABS model is\ntaken to be close to the inflationary scale, in order to describe double\ninflation instead of dark energy. The quantum correction is given by the term\nquartic in the spacetime scalar curvature $R$ with a negative coefficient\n$(-\\delta)$ in the $F(R)$ function. It is demonstrated that very good agreement\n(within $1\\sigma$) with current measurements of the cosmic microwave background\n(CMB) radiation can be achieved by choosing the proper value of $\\delta$, thus\nsolving the problem of low values of the tilt of CMB scalar perturbations in\nthe earlier proposed model in arXiv:2205.00603. A large (by the factor of\n$10^7$ against CMB) enhancement in the power spectrum of scalar perturbations\nis achieved by fine-tuning the parameters of the model. It is found by\nnumerical analysis that it can lead to formation of asteroid-size PBH with the\nmasses up to $10^{20}$ g, which may form dark matter in the current universe.",
          "arxiv_id": "2306.06597v2"
        },
        {
          "title": "Primordial Black Holes and Scalar-induced Gravitational Waves in Radiative Hybrid Inflation",
          "year": "2024-02",
