{
  "topics": {
    "data": {
      "0": {
        "name": "0_category_categories_theory_motivic",
        "keywords": [
          [
            "category",
            0.02519743933355741
          ],
          [
            "categories",
            0.017636219348133014
          ],
          [
            "theory",
            0.015533852755446798
          ],
          [
            "motivic",
            0.014916986686978566
          ],
          [
            "cohomology",
            0.014736892772594651
          ],
          [
            "schemes",
            0.014724964612982101
          ],
          [
            "sheaves",
            0.013467760458765953
          ],
          [
            "scheme",
            0.012610636401503212
          ],
          [
            "homotopy",
            0.010691603652341782
          ],
          [
            "modules",
            0.0105594794791464
          ]
        ],
        "count": 1758
      },
      "1": {
        "name": "1_polynomial_rank_polynomials_tensors",
        "keywords": [
          [
            "polynomial",
            0.024498244228668763
          ],
          [
            "rank",
            0.02084015993772427
          ],
          [
            "polynomials",
            0.02052016730729498
          ],
          [
            "tensors",
            0.01953735112502055
          ],
          [
            "tensor",
            0.01783741625614251
          ],
          [
            "algebraic",
            0.015787786056849926
          ],
          [
            "linear",
            0.015480474498815146
          ],
          [
            "problem",
            0.014967558025722142
          ],
          [
            "real",
            0.013846891907692472
          ],
          [
            "matrices",
            0.013776361141376323
          ]
        ],
        "count": 716
      },
      "2": {
        "name": "2_K3_surfaces_K3 surfaces_surface",
        "keywords": [
          [
            "K3",
            0.06054596105316931
          ],
          [
            "surfaces",
            0.057262152251238124
          ],
          [
            "K3 surfaces",
            0.03765825433985274
          ],
          [
            "surface",
            0.02860664979609654
          ],
          [
            "K3 surface",
            0.021471958898980664
          ],
          [
            "type",
            0.017546190984984757
          ],
          [
            "group",
            0.014915862087655876
          ],
          [
            "automorphism",
            0.013051527256844398
          ],
          [
            "degree",
            0.012615075099165634
          ],
          [
            "moduli",
            0.01248322889851755
          ]
        ],
        "count": 529
      },
      "3": {
        "name": "3_curves_genus_curve_points",
        "keywords": [
          [
            "curves",
            0.03743558383656349
          ],
          [
            "genus",
            0.02586472321155013
          ],
          [
            "curve",
            0.021912640190413623
          ],
          [
            "points",
            0.017830809655972307
          ],
          [
            "field",
            0.016317523521567803
          ],
          [
            "hyperelliptic",
            0.01601003375222174
          ],
          [
            "elliptic",
            0.015611387914638196
          ],
          [
            "rational",
            0.014131370774366216
          ],
          [
            "abelian",
            0.012796822710713168
          ],
          [
            "fields",
            0.012782149372245874
          ]
        ],
        "count": 481
      },
      "4": {
        "name": "4_metrics_manifolds_manifold_compact",
        "keywords": [
          [
            "metrics",
            0.03162515065611781
          ],
          [
            "manifolds",
            0.030058250458096597
          ],
          [
            "manifold",
            0.02461929080208832
          ],
          [
            "compact",
            0.02421524128924804
          ],
          [
            "curvature",
            0.021764945737520146
          ],
          [
            "symplectic",
            0.021731442651398335
          ],
          [
            "holomorphic",
            0.018545992909003
          ],
          [
            "stability",
            0.0184689542612743
          ],
          [
            "metric",
            0.01790917301271486
          ],
          [
            "Einstein",
            0.016347112981188877
          ]
        ],
        "count": 443
      },
      "5": {
        "name": "5_tropical_matroids_matroid_curves",
        "keywords": [
          [
            "tropical",
            0.10013218366855015
          ],
          [
            "matroids",
            0.022917910007726406
          ],
          [
            "matroid",
            0.01892300860549869
          ],
          [
            "curves",
            0.01848070162404293
          ],
          [
            "Tropical",
            0.01646454496385357
          ],
          [
            "tropicalization",
            0.01617729066576006
          ],
          [
            "tropical curves",
            0.015154580598214172
          ],
          [
            "geometry",
            0.01334742410553828
          ],
          [
            "space",
            0.013220189808025378
          ],
          [
            "toric",
            0.012556698032014283
          ]
        ],
        "count": 416
      },
      "6": {
        "name": "6_real_Lipschitz_algebraic_functions",
        "keywords": [
          [
            "real",
            0.07850960997805384
          ],
          [
            "Lipschitz",
            0.026529888155184138
          ],
          [
            "algebraic",
            0.026098688019589675
          ],
          [
            "functions",
            0.016675719438124646
          ],
          [
            "analytic",
            0.015334446792960983
          ],
          [
            "curves",
            0.015229902158941388
          ],
          [
            "complex",
            0.015084641559625477
          ],
          [
            "set",
            0.013719884691547219
          ],
          [
            "sets",
            0.01363452666063808
          ],
          [
            "points",
            0.013312152204803501
          ]
        ],
        "count": 372
      },
      "7": {
        "name": "7_flag_Schubert_varieties_Hessenberg",
        "keywords": [
          [
            "flag",
            0.06334609037485966
          ],
          [
            "Schubert",
            0.05162044390174956
          ],
          [
            "varieties",
            0.041074506261604776
          ],
          [
            "Hessenberg",
            0.029813337140189192
          ],
          [
            "variety",
            0.029227236857871257
          ],
          [
            "flag varieties",
            0.02877352561809178
          ],
          [
            "flag variety",
            0.023843324728563025
          ],
          [
            "quantum",
            0.019928209918209375
          ],
          [
            "cohomology",
            0.01915113522029962
          ],
          [
            "equivariant",
            0.016346925002040793
          ]
        ],
        "count": 312
      },
      "8": {
        "name": "8_mirror_Yau_Calabi_symmetry",
        "keywords": [
          [
            "mirror",
            0.06578605065505792
          ],
          [
            "Yau",
            0.05047059944969525
          ],
          [
            "Calabi",
            0.04956024133042111
          ],
          [
            "symmetry",
            0.033608579719761125
          ],
          [
            "mirror symmetry",
            0.03228886655164506
          ],
          [
            "toric",
            0.015787871236678425
          ],
          [
            "Landau",
            0.01550594179917437
          ],
          [
            "Ginzburg",
            0.015500702776634803
          ],
          [
            "threefolds",
            0.012550463494472329
          ],
          [
            "Fukaya",
            0.011466685626537439
          ]
        ],
        "count": 263
      },
      "9": {
        "name": "9_moduli_bundles_parabolic_moduli space",
        "keywords": [
          [
            "moduli",
            0.03879820433251585
          ],
          [
            "bundles",
            0.03875242360381859
          ],
          [
            "parabolic",
            0.032290663130656365
          ],
          [
            "moduli space",
            0.024864966073425167
          ],
          [
            "Higgs",
            0.02459995324027107
          ],
          [
            "space",
            0.023431403787058342
          ],
          [
            "bundle",
            0.021506424502413052
          ],
          [
            "stable",
            0.01859940048277927
          ],
          [
            "moduli spaces",
            0.016332241931968916
          ],
          [
            "connections",
            0.0161064671356106
          ]
        ],
        "count": 257
      },
      "10": {
        "name": "10_theory_gauge_theories_Calabi",
        "keywords": [
          [
            "theory",
            0.03119813635586943
          ],
          [
            "gauge",
            0.029433707224626675
          ],
          [
            "theories",
            0.0275075534618371
          ],
          [
            "Calabi",
            0.022510829822150143
          ],
          [
            "string",
            0.021920497577994448
          ],
          [
            "Yau",
            0.021446875205936862
          ],
          [
            "BPS",
            0.018915493509634885
          ],
          [
            "partition",
            0.01344181617646185
          ],
          [
            "supersymmetric",
            0.013299208707028191
          ],
          [
            "space",
            0.013246323141494999
          ]
        ],
        "count": 246
      },
      "11": {
        "name": "11_Shimura_varieties_models_Rapoport",
        "keywords": [
          [
            "Shimura",
            0.08519381574799026
          ],
          [
            "varieties",
            0.03900826698385126
          ],
          [
            "models",
            0.027542002856718126
          ],
          [
            "Rapoport",
            0.02538777575928883
          ],
          [
            "unitary",
            0.02470828713809202
          ],
          [
            "special",
            0.021843743901157137
          ],
          [
            "local",
            0.021555478916196857
          ],
          [
            "level",
            0.020777856664834865
          ],
          [
            "conjecture",
            0.020469579520294278
          ],
          [
            "integral models",
            0.018913598732226432
          ]
        ],
        "count": 214
      },
      "12": {
        "name": "12_log_canonical_pairs_klt",
        "keywords": [
          [
            "log",
            0.07229507716043718
          ],
          [
            "canonical",
            0.04952848895331373
          ],
          [
            "pairs",
            0.046476971069049425
          ],
          [
            "klt",
            0.046087127674530444
          ],
          [
            "minimal",
            0.03740371212984507
          ],
          [
            "lc",
            0.03193690913671904
          ],
          [
            "singularities",
            0.024286617323063163
          ],
          [
            "prove",
            0.023838873233973743
          ],
          [
            "generalized",
            0.02327745011872153
          ],
          [
            "minimal log",
            0.02210746854560767
          ]
        ],
        "count": 195
      },
      "13": {
        "name": "13_singularities_isolated_Milnor_singularity",
        "keywords": [
          [
            "singularities",
            0.04095188246410113
          ],
          [
            "isolated",
            0.03353998976394148
          ],
          [
            "Milnor",
            0.030569312642267133
          ],
          [
            "singularity",
            0.029328112069515383
          ],
          [
            "germs",
            0.025043824131429557
          ],
          [
            "germ",
            0.024226394046757704
          ],
          [
            "number",
            0.016667367423643376
          ],
          [
            "hypersurface",
            0.015702645856554922
          ],
          [
            "complex",
            0.015242732546979708
          ],
          [
            "analytic",
            0.014647227104012027
          ]
        ],
        "count": 194
      },
      "14": {
        "name": "14_Fano_threefolds_folds_smooth",
        "keywords": [
          [
            "Fano",
            0.13352990966067005
          ],
          [
            "threefolds",
            0.03995954024059343
          ],
          [
            "folds",
            0.030157529031456177
          ],
          [
            "smooth",
            0.025854887936388935
          ],
          [
            "Picard",
            0.024953170961041226
          ],
          [
            "varieties",
            0.021475899611299486
          ],
          [
            "Fano varieties",
            0.021147011640861805
          ],
          [
            "weighted",
            0.019460064009237485
          ],
          [
            "fold",
            0.018375812029556387
          ],
          [
            "threefold",
            0.015434542047593106
          ]
        ],
        "count": 178
      }
    },
    "correlations": [
      [
        1.0,
        -0.2483826625688743,
        -0.6162683343458533,
        -0.5675621932788935,
        -0.5564689160453435,
        -0.6805530321168776,
        -0.6690081280765682,
        -0.6868048062088555,
        -0.715922446315127,
        -0.6175226297412817,
        -0.5767251451497284,
        -0.7114025802764179,
        -0.5517115275613738,
        -0.6549370234777083,
        -0.7235212122261616
      ],
      [
        -0.2483826625688743,
        1.0,
        -0.6050184859742903,
        -0.6125898866304844,
        -0.6543533407548443,
        -0.6664713137006549,
        -0.641724363872567,
        -0.6933053023872902,
        -0.7295915373631918,
        -0.631822882377495,
        -0.5740556303175472,
        -0.7207685784485647,
        -0.6536554294892032,
        -0.6571446445962332,
        -0.7348519218118252
      ],
      [
        -0.6162683343458533,
        -0.6050184859742903,
        1.0,
        -0.6332995806858449,
        -0.6563291140169893,
        -0.6915487286400073,
        -0.6839528208667927,
        -0.7371994860066049,
        -0.7200950491653777,
        -0.6231490362527228,
        -0.6088925249156885,
        -0.7367974247534961,
        -0.6601141575146605,
        -0.674670353110818,
        -0.7190646725635645
      ],
      [
        -0.5675621932788935,
        -0.6125898866304844,
        -0.6332995806858449,
        1.0,
        -0.6218130431638997,
        -0.6907205497788973,
        -0.6648022623897601,
        -0.72487385432291,
        -0.7359788108990629,
        -0.5959402704602348,
        -0.6701863706934323,
        -0.7244383126745513,
        -0.6069803123691744,
        -0.6678918577158082,
        -0.7345266331089862
      ],
      [
        -0.5564689160453435,
        -0.6543533407548443,
        -0.6563291140169893,
        -0.6218130431638997,
        1.0,
        -0.675238783281271,
        -0.6699067786982602,
        -0.7283033055288832,
        -0.7021817502446797,
        -0.6479169569985177,
        -0.656200259565729,
        -0.7364222261124864,
        -0.5290963789070844,
        -0.6722249183552677,
        -0.7011201347000817
      ],
      [
        -0.6805530321168776,
        -0.6664713137006549,
        -0.6915487286400073,
        -0.6907205497788973,
        -0.675238783281271,
        1.0,
        -0.6643410742421952,
        -0.7401396409760819,
        -0.7336252841956501,
        -0.6887834618428306,
        -0.6719006816073456,
        -0.7509669056802972,
        -0.6823629180517704,
        -0.6857869646780875,
        -0.7521095280305501
      ],
      [
        -0.6690081280765682,
        -0.641724363872567,
        -0.6839528208667927,
        -0.6648022623897601,
        -0.6699067786982602,
        -0.6643410742421952,
        1.0,
        -0.733915332859154,
        -0.7461440161101864,
        -0.6990289914247532,
        -0.6798687537590334,
        -0.7434621324324202,
        -0.6858492498937855,
        -0.6689273476285742,
        -0.7513632955664611
      ],
      [
        -0.6868048062088555,
        -0.6933053023872902,
        -0.7371994860066049,
        -0.72487385432291,
        -0.7283033055288832,
        -0.7401396409760819,
        -0.733915332859154,
        1.0,
        -0.7467047197772487,
        -0.7097425832642127,
        -0.7195474853894979,
        -0.46989772859127094,
        -0.7205283846100146,
        -0.7373174508663026,
        -0.7347285541022475
      ],
      [
        -0.715922446315127,
        -0.7295915373631918,
        -0.7200950491653777,
        -0.7359788108990629,
        -0.7021817502446797,
        -0.7336252841956501,
        -0.7461440161101864,
        -0.7467047197772487,
        1.0,
        -0.707622980520743,
        -0.44273310175656677,
        -0.7543675742567999,
        -0.7023890410507561,
        -0.7376235516026025,
        -0.6925316290621869
      ],
      [
        -0.6175226297412817,
        -0.631822882377495,
        -0.6231490362527228,
        -0.5959402704602348,
        -0.6479169569985177,
        -0.6887834618428306,
        -0.6990289914247532,
        -0.7097425832642127,
        -0.707622980520743,
        1.0,
        -0.6523768581725922,
        -0.7321548700272406,
        -0.6759613588395599,
        -0.6970306031509388,
        -0.7207872294536755
      ],
      [
        -0.5767251451497284,
        -0.5740556303175472,
        -0.6088925249156885,
        -0.6701863706934323,
        -0.656200259565729,
        -0.6719006816073456,
        -0.6798687537590334,
        -0.7195474853894979,
        -0.44273310175656677,
        -0.6523768581725922,
        1.0,
        -0.732986289674924,
        -0.6665425819907611,
        -0.6680915637716605,
        -0.7326181207105358
      ],
      [
        -0.7114025802764179,
        -0.7207685784485647,
        -0.7367974247534961,
        -0.7244383126745513,
        -0.7364222261124864,
        -0.7509669056802972,
        -0.7434621324324202,
        -0.46989772859127094,
        -0.7543675742567999,
        -0.7321548700272406,
        -0.732986289674924,
        1.0,
        -0.7306230755402079,
        -0.7456902434608007,
        -0.7447980400916179
      ],
      [
        -0.5517115275613738,
        -0.6536554294892032,
        -0.6601141575146605,
        -0.6069803123691744,
        -0.5290963789070844,
        -0.6823629180517704,
        -0.6858492498937855,
        -0.7205283846100146,
        -0.7023890410507561,
        -0.6759613588395599,
        -0.6665425819907611,
        -0.7306230755402079,
        1.0,
        -0.6407284874686416,
        -0.6948301103018015
      ],
      [
        -0.6549370234777083,
        -0.6571446445962332,
        -0.674670353110818,
        -0.6678918577158082,
        -0.6722249183552677,
        -0.6857869646780875,
        -0.6689273476285742,
        -0.7373174508663026,
        -0.7376235516026025,
        -0.6970306031509388,
        -0.6680915637716605,
        -0.7456902434608007,
        -0.6407284874686416,
        1.0,
        -0.739413784722137
      ],
      [
        -0.7235212122261616,
        -0.7348519218118252,
        -0.7190646725635645,
        -0.7345266331089862,
        -0.7011201347000817,
        -0.7521095280305501,
        -0.7513632955664611,
        -0.7347285541022475,
        -0.6925316290621869,
        -0.7207872294536755,
        -0.7326181207105358,
        -0.7447980400916179,
        -0.6948301103018015,
        -0.739413784722137,
        1.0
      ]
    ],
    "series": {
      "2020-01": [
        67,
        8,
        16,
        11,
        9,
        3,
        8,
        12,
        9,
        26,
        3,
        4,
        10,
        10,
        6
      ],
      "2020-02": [
        81,
        15,
        25,
        26,
        2,
        7,
        12,
        15,
        8,
        31,
        5,
        3,
        7,
        14,
        10
      ],
      "2020-03": [
        73,
        22,
        17,
        35,
        10,
        9,
        12,
        23,
        9,
        19,
        5,
        4,
        13,
        9,
        8
      ],
      "2020-04": [
        59,
        19,
        18,
        20,
        19,
        10,
        8,
        6,
        12,
        30,
        11,
        5,
        13,
        8,
        9
      ],
      "2020-05": [
        60,
        20,
        17,
        36,
        4,
        7,
        8,
        15,
        11,
        21,
        3,
        1,
        17,
        10,
        11
      ],
      "2020-06": [
        77,
        21,
        27,
        24,
        14,
        1,
        15,
        9,
        14,
        27,
        8,
        5,
        11,
        11,
        8
      ],
      "2020-07": [
        64,
        21,
        19,
        15,
        12,
        7,
        10,
        16,
        11,
        39,
        6,
        6,
        7,
        19,
        12
      ],
      "2020-08": [
        65,
        14,
        16,
        20,
        4,
        3,
        16,
        16,
        13,
        30,
        4,
        2,
        4,
        8,
        11
      ],
      "2020-09": [
        76,
        14,
        15,
        20,
        4,
        10,
        9,
        16,
        18,
        32,
        8,
        1,
        6,
        8,
        7
      ],
      "2020-10": [
        78,
        21,
        12,
        34,
        9,
        6,
        13,
        15,
        16,
        30,
        6,
        7,
        8,
        6,
        7
      ],
      "2020-11": [
        74,
        21,
        15,
        20,
        10,
        4,
        10,
        12,
        12,
        23,
        10,
        2,
        12,
        4,
        13
      ],
      "2020-12": [
        94,
        22,
        20,
        17,
        12,
        9,
        8,
        14,
        19,
        30,
        14,
        4,
        14,
        7,
        13
      ],
      "2021-01": [
        64,
        17,
        17,
        35,
        6,
        5,
        10,
        11,
        11,
        31,
        9,
        3,
        6,
        12,
        6
      ],
      "2021-02": [
        66,
        13,
        21,
        22,
        8,
        5,
        11,
        8,
        15,
        25,
        3,
        8,
        4,
        5,
        4
      ],
      "2021-03": [
        87,
        13,
        19,
        24,
        11,
        1,
        11,
        18,
        11,
        33,
        4,
        5,
        13,
        10,
        13
      ],
      "2021-04": [
        70,
        20,
        7,
        16,
        8,
        1,
        6,
        16,
        9,
        22,
        5,
        5,
        7,
        10,
        5
      ],
      "2021-05": [
        80,
        24,
        12,
        16,
        5,
        4,
        15,
        5,
        15,
        28,
        5,
        8,
        8,
        9,
        7
      ],
      "2021-06": [
        77,
        24,
        16,
        26,
        4,
        4,
        13,
        9,
        10,
        29,
        4,
        9,
        8,
        7,
        4
      ],
      "2021-07": [
        96,
        13,
        20,
        22,
        6,
        6,
        10,
        10,
        11,
        33,
        8,
        6,
        5,
        10,
        13
      ],
      "2021-08": [
        78,
        26,
        13,
        22,
        5,
        6,
        8,
        9,
        15,
        30,
        4,
        1,
        16,
        17,
        5
      ],
      "2021-09": [
        67,
        11,
        18,
        22,
        7,
        5,
        10,
        5,
        12,
        28,
        8,
        6,
        3,
        5,
        8
      ],
      "2021-10": [
        64,
        13,
        20,
        23,
        9,
        5,
        14,
        17,
        11,
        23,
        6,
        5,
        10,
        7,
        11
      ],
      "2021-11": [
        81,
        24,
        14,
        17,
        5,
        9,
        15,
        11,
        15,
        34,
        6,
        3,
        10,
        8,
        11
      ],
      "2021-12": [
        81,
        24,
        15,
        25,
        12,
        14,
        7,
        22,
        24,
        37,
        4,
        3,
        9,
        7,
        8
      ],
      "2022-01": [
        60,
        14,
        25,
        22,
        10,
        7,
        6,
        8,
        9,
        26,
        5,
        1,
        8,
        5,
        11
      ],
      "2022-02": [
        64,
        17,
        17,
        20,
        6,
        5,
        11,
        9,
        8,
        26,
        5,
        2,
        12,
        8,
        7
      ],
      "2022-03": [
        76,
        21,
        20,
        23,
        9,
        4,
        14,
        20,
        14,
        31,
        4,
        3,
        10,
        7,
        9
      ],
      "2022-04": [
        54,
        10,
        13,
        23,
        8,
        6,
        4,
        9,
        21,
        19,
        7,
        8,
        6,
        7,
        6
      ],
      "2022-05": [
        71,
        22,
        15,
        18,
        9,
        6,
        13,
        10,
        13,
        24,
        3,
        6,
        7,
        6,
        7
      ],
      "2022-06": [
        67,
        19,
        21,
        19,
        4,
        4,
        11,
        17,
        11,
        24,
        3,
        2,
        8,
        7,
        11
      ],
      "2022-07": [
        78,
        15,
        17,
        25,
        7,
        4,
        15,
        19,
        9,
        28,
        10,
        3,
        7,
        10,
        8
      ],
      "2022-08": [
        77,
        25,
        13,
        22,
        8,
        2,
        17,
        14,
        6,
        30,
        9,
        6,
        14,
        9,
        8
      ],
      "2022-09": [
        64,
        11,
        23,
        21,
        11,
        7,
        17,
        12,
        17,
        26,
        5,
        5,
        14,
        7,
        9
      ],
      "2022-10": [
        73,
        13,
        25,
        23,
        12,
        7,
        13,
        15,
        15,
        34,
        8,
        2,
        10,
        10,
        10
      ],
      "2022-11": [
        71,
        21,
        26,
        36,
        12,
        3,
        17,
        10,
        11,
        26,
        4,
        5,
        6,
        7,
        11
      ],
      "2022-12": [
        73,
        15,
        22,
        24,
        8,
        7,
        12,
        16,
        12,
        18,
        8,
        3,
        14,
        5,
        10
      ],
      "2023-01": [
        73,
        16,
        12,
        20,
        8,
        5,
        14,
        16,
        10,
        19,
        8,
        5,
        8,
        13,
        8
      ],
      "2023-02": [
        66,
        19,
        14,
        27,
        11,
        2,
        10,
        14,
        17,
        19,
        2,
        2,
        15,
        8,
        7
      ],
      "2023-03": [
        99,
        26,
        21,
        32,
        9,
        5,
        18,
        13,
        6,
        39,
        10,
        4,
        9,
        5,
        8
      ],
      "2023-04": [
        65,
        16,
        17,
        16,
        10,
        6,
        12,
        17,
        7,
        21,
        6,
        4,
        8,
        8,
        11
      ],
      "2023-05": [
        73,
        15,
        21,
        19,
        8,
        4,
        16,
        15,
        11,
        28,
        7,
        1,
        12,
        11,
        12
      ],
      "2023-06": [
        70,
        13,
        21,
        34,
        8,
        6,
        22,
        13,
        11,
        31,
        15,
        1,
        12,
        14,
        6
      ],
      "2023-07": [
        64,
        17,
        16,
        30,
        9,
        7,
        16,
        10,
        11,
        36,
        8,
        3,
        7,
        12,
        5
      ],
      "2023-08": [
        81,
        18,
        17,
        24,
        6,
        4,
        7,
        8,
        13,
        22,
        8,
        4,
        17,
        8,
        13
      ],
      "2023-09": [
        83,
        21,
        14,
        21,
        12,
        12,
        15,
        19,
        13,
        24,
        4,
        9,
        9,
        9,
        15
      ],
      "2023-10": [
        88,
        16,
        22,
        35,
        7,
        6,
        13,
        22,
        18,
        41,
        10,
        7,
        8,
        8,
        12
      ],
      "2023-11": [
        70,
        19,
        16,
        20,
        10,
        7,
        18,
        14,
        8,
        35,
        9,
        2,
        12,
        8,
        12
      ],
      "2023-12": [
        84,
        29,
        18,
        31,
        4,
        5,
        15,
        21,
        23,
        24,
        13,
        1,
        13,
        14,
        13
      ],
      "2024-01": [
        79,
        20,
        19,
        32,
        7,
        2,
        16,
        18,
        14,
        25,
        11,
        4,
        4,
        11,
        9
      ],
      "2024-02": [
        84,
        20,
        15,
        23,
        6,
        3,
        15,
        10,
        8,
        30,
        4,
        7,
        5,
        15,
        8
      ],
      "2024-03": [
        84,
        23,
        18,
        30,
        2,
        8,
        20,
        14,
        13,
        25,
        8,
        6,
        6,
        11,
        19
      ],
      "2024-04": [
        68,
        13,
        9,
        22,
        7,
        9,
        9,
        16,
        15,
        29,
        12,
        2,
        11,
        13,
        7
      ],
      "2024-05": [
        73,
        22,
        18,
        32,
        8,
        13,
        13,
        16,
        13,
        34,
        7,
        12,
        10,
        14,
        9
      ],
      "2024-06": [
        77,
        20,
        23,
        33,
        6,
        4,
        13,
        11,
        10,
        28,
        6,
        3,
        7,
        3,
        9
      ],
      "2024-07": [
        78,
        29,
        17,
        29,
        7,
        2,
        15,
        6,
        12,
        32,
        5,
        4,
        9,
        13,
        6
      ],
      "2024-08": [
        56,
        19,
        23,
        16,
        5,
        10,
        12,
        15,
        13,
        31,
        5,
        1,
        12,
        6,
        10
      ],
      "2024-09": [
        90,
        21,
        10,
        20,
        9,
        2,
        20,
        19,
        15,
        28,
        8,
        2,
        11,
        11,
        13
      ],
      "2024-10": [
        108,
        18,
        19,
        35,
        9,
        6,
        15,
        17,
        18,
        35,
        10,
        5,
        13,
        20,
        7
      ],
      "2024-11": [
        74,
        23,
        16,
        25,
        9,
        6,
        17,
        22,
        14,
        32,
        5,
        3,
        9,
        16,
        5
      ],
      "2024-12": [
        102,
        18,
        25,
        33,
        5,
        7,
        11,
        21,
        21,
        33,
        9,
        2,
        14,
        11,
        14
      ],
      "2025-01": [
        73,
        15,
        16,
        27,
        10,
        8,
        13,
        10,
        13,
        34,
        3,
        5,
        10,
        19,
        15
      ],
      "2025-02": [
        69,
        16,
        24,
        23,
        11,
        6,
        18,
        16,
        15,
        17,
        12,
        3,
        10,
        11,
        10
      ],
      "2025-03": [
        82,
        30,
        16,
        26,
        11,
        10,
        15,
        9,
        18,
        29,
        8,
        3,
        7,
        15,
        6
      ],
      "2025-04": [
        78,
        23,
        24,
        26,
        5,
        6,
        14,
        13,
        19,
        30,
        8,
        7,
        8,
        15,
        11
      ],
      "2025-05": [
        93,
        16,
        20,
        25,
        5,
        2,
        10,
        20,
        14,
        25,
        8,
        10,
        10,
        13,
        14
      ],
      "2025-06": [
        80,
        16,
        20,
        22,
        10,
        6,
        17,
        23,
        7,
        30,
        9,
        5,
        13,
        10,
        16
      ],
      "2025-07": [
        88,
        15,
        27,
        33,
        6,
        8,
        17,
        17,
        11,
        33,
        9,
        4,
        8,
        13,
        8
      ],
      "2025-08": [
        84,
        15,
        19,
        25,
        10,
        9,
        10,
        16,
        8,
        32,
        15,
        4,
        6,
        14,
        9
      ],
      "2025-09": [
        51,
        13,
        13,
        15,
        6,
        5,
        5,
        9,
        6,
        32,
        1,
        2,
        8,
        8,
        6
      ]
    },
    "papers": {
      "0": [
        {
          "title": "Grothendieck enriched categories",
          "year": "2021-05",
          "abstract": "In this paper, we introduce the notion of Grothendieck enriched categories\nfor categories enriched over a sufficiently nice Grothendieck monoidal category\n$\\mathcal{V}$, generalizing the classical notion of Grothendieck categories.\nThen we establish the Gabriel-Popescu type theorem for Grothendieck enriched\ncategories. We also prove that the property of being Grothendieck enriched\ncategories is preserved under the change of the base monoidal categories by a\nmonoidal right adjoint functor. In particular, if we take as $\\mathcal{V}$ the\nmonoidal category of complexes of abelian groups, we obtain the notion of\nGrothendieck dg categories. As an application of the main results, we see that\nthe dg category of complexes of quasi-coherent sheaves on a quasi-compact and\nquasi-separated scheme is an example of Grothendieck dg categories.",
          "arxiv_id": "2105.05108v3"
        },
        {
          "title": "Bounded $t$-structures, finitistic dimensions, and singularity categories of triangulated categories",
          "year": "2023-12",
          "abstract": "Recently, Amnon Neeman settled a bold conjecture by Antieau, Gepner, and\nHeller regarding the relationship between the regularity of finite-dimensional\nnoetherian schemes and the existence of bounded $t$-structures on their derived\ncategories of perfect complexes.\n  In this paper, using different methods, we prove some very general results\nabout the existence of bounded $t$-structures on (not necessarily algebraic or\ntopological) triangulated categories and their invariance under completion. We\nshow that if the opposite category of an essentially small triangulated\ncategory has finite finitistic dimension in our sense, then the existence of a\nbounded t-structure on it forces it to be equal to its completion. We also\nprove a parallel result regarding the equivalence of all bounded t-structures\non any intermediate triangulated category between the starting category and its\ncompletion.\n  Our general treatment, when specialized to the case of schemes, immediately\ngives us Neeman's theorem as an application and significantly generalizes\nanother remarkable theorem by Neeman about the equivalence of bounded\n$t$-structures on the bounded derived categories of coherent sheaves. When\nspecialized to other cases like associative rings, nonpositive DG-rings,\nconnective $\\mathbb{E}_1$-rings, triangulated categories without models, etc.,\nwe get many other applications. Under mild finiteness assumptions, these\nresults not only give a categorical obstruction (the singularity category in\nour sense) to the existence of bounded $t$-structures on a triangulated\ncategory, but also provide plenty of triangulated categories on which all\nbounded $t$-structures are equivalent. The strategy used in our treatment is\nintroducing a new concept of finitistic dimension for triangulated categories\nand lifting $t$-structures along completions of triangulated categories.",
          "arxiv_id": "2401.00130v2"
        },
        {
          "title": "The homotopy category of pure injective flats and Grothendieck duality",
          "year": "2020-01",
          "abstract": "Let (X;OX) be a locally noetherian scheme with a dualizing complex D. We\nprove that DOX - : K(PinfX)----> K(InjX) is an equivalence of triangulated\ncategories where K(InjX) is the homotopy category of injective quasi-coherent\nOX- modules and K(PinfX) is the homotopy category of pure injective flat\nquasi-coherent OX-modules. Where X is affine, we show that this equivalence is\nthe infinite completion of the Grothendieck duality theorem. Furthermore, we\nprove that D OX - induces an equivalence between the pure derived category of\nflats and the pure derived category of absolutely pure quasi-coherent\nOX-modules.",
          "arxiv_id": "2001.00142v1"
        }
      ],
      "1": [
        {
          "title": "Sparse Polynomial Optimization: Theory and Practice",
          "year": "2022-08",
