{
  "topics": {
    "data": {
      "0": {
        "name": "0_spaces_curvature_metric_measure",
        "keywords": [
          [
            "spaces",
            0.03411854926853368
          ],
          [
            "curvature",
            0.029006269866357355
          ],
          [
            "metric",
            0.022592198271942348
          ],
          [
            "measure",
            0.02223061773843959
          ],
          [
            "space",
            0.02087190570714703
          ],
          [
            "Riemannian",
            0.020018075465276966
          ],
          [
            "Ricci",
            0.019620356845758996
          ],
          [
            "manifolds",
            0.01935530188127846
          ],
          [
            "RCD",
            0.0181727091051803
          ],
          [
            "metric measure",
            0.017962412827677212
          ]
        ],
        "count": 476
      },
      "1": {
        "name": "1_groups_coarse_group_spaces",
        "keywords": [
          [
            "groups",
            0.05070072364541951
          ],
          [
            "coarse",
            0.029731405160824266
          ],
          [
            "group",
            0.02904123891844077
          ],
          [
            "spaces",
            0.02601681924846314
          ],
          [
            "hyperbolic",
            0.022565446465701033
          ],
          [
            "space",
            0.02094369647828933
          ],
          [
            "metric",
            0.02023770973401824
          ],
          [
            "quasi",
            0.017298662256100886
          ],
          [
            "complexes",
            0.015905181263744763
          ],
          [
            "finite",
            0.015257173038001651
          ]
        ],
        "count": 421
      },
      "2": {
        "name": "2_convex_bodies_Minkowski_convex bodies",
        "keywords": [
          [
            "convex",
            0.048097311736186435
          ],
          [
            "bodies",
            0.03954252075162968
          ],
          [
            "Minkowski",
            0.03757966637596838
          ],
          [
            "convex bodies",
            0.03063502421924924
          ],
          [
            "inequality",
            0.026717240778101833
          ],
          [
            "body",
            0.02665607600782688
          ],
          [
            "inequalities",
            0.019234328462397955
          ],
          [
            "functions",
            0.01741042932884359
          ],
          [
            "valuations",
            0.01714498377298144
          ],
          [
            "concave",
            0.017081031059292578
          ]
        ],
        "count": 398
      },
      "3": {
        "name": "3_triangle_polytopes_Poncelet_triangles",
        "keywords": [
          [
            "triangle",
            0.027279279791176083
          ],
          [
            "polytopes",
            0.02358257015084279
          ],
          [
            "Poncelet",
            0.02112267185943529
          ],
          [
            "triangles",
            0.02062897393465543
          ],
          [
            "point",
            0.018871424163987228
          ],
          [
            "circle",
            0.018270524748161956
          ],
          [
            "angles",
            0.01740405082113494
          ],
          [
            "points",
            0.017127285607166108
          ],
          [
            "vertices",
            0.013659722705503918
          ],
          [
            "polyhedron",
            0.012784756994390094
          ]
        ],
        "count": 231
      },
      "4": {
        "name": "4_spaces_metric_space_Lipschitz",
        "keywords": [
          [
            "spaces",
            0.04515202006465772
          ],
          [
            "metric",
            0.04360808405327643
          ],
          [
            "space",
            0.039433945100285916
          ],
          [
            "Lipschitz",
            0.03911399281901818
          ],
          [
            "Hausdorff",
            0.03241248071130053
          ],
          [
            "metric spaces",
            0.026823270411526944
          ],
          [
            "Gromov",
            0.024409063687118086
          ],
          [
            "metric space",
            0.01916965329590343
          ],
          [
            "rectifiable",
            0.017717697509582266
          ],
          [
            "rectifiability",
            0.01716463565254197
          ]
        ],
        "count": 178
      },
      "5": {
        "name": "5_self_dimension_similar_sets",
        "keywords": [
          [
            "self",
            0.05572950476838928
          ],
          [
            "dimension",
            0.04648708545931667
          ],
          [
            "similar",
            0.036781185597139034
          ],
          [
            "sets",
            0.03644584286230402
          ],
          [
            "dimensions",
            0.03582261776009704
          ],
          [
            "fractal",
            0.03018196875762653
          ],
          [
            "box",
            0.02342001103550277
          ],
          [
            "Assouad",
            0.02261498603177131
          ],
          [
            "affine",
            0.02180045924309405
          ],
          [
            "conformal",
            0.020732367562655923
          ]
        ],
        "count": 156
      },
      "6": {
        "name": "6_packing_packings_codes_bounds",
        "keywords": [
          [
            "packing",
            0.06816766658618169
          ],
          [
            "packings",
            0.04191883258806633
          ],
          [
            "codes",
            0.036266861334480156
          ],
          [
            "bounds",
            0.03588907052503119
          ],
          [
            "spherical",
            0.02943078616044774
          ],
          [
            "sphere",
            0.028124802167999303
          ],
          [
            "density",
            0.025247734474447666
          ],
          [
            "sphere packing",
            0.02336596530241913
          ],
          [
            "optimal",
            0.017517466919380192
          ],
          [
            "bound",
            0.01746714034657231
          ]
        ],
        "count": 137
      },
      "7": {
        "name": "7_data_networks_distance_network",
        "keywords": [
          [
            "data",
            0.03738275730121086
          ],
          [
            "networks",
            0.02769624520243378
          ],
          [
            "distance",
            0.02288869224086893
          ],
          [
            "network",
            0.02040959387684184
          ],
          [
            "neural",
            0.020039880375966455
          ],
          [
            "metric",
            0.019696746647088016
          ],
          [
            "graphs",
            0.01769534479650653
          ],
          [
            "analysis",
            0.016500442063832124
          ],
          [
            "graph",
            0.016268062644484396
          ],
          [
            "model",
            0.015278389307626495
          ]
        ],
        "count": 108
      },
      "8": {
        "name": "8_random_expected_polytopes_convex",
        "keywords": [
          [
            "random",
            0.08448232056313065
          ],
          [
            "expected",
            0.029909888853342028
          ],
          [
            "polytopes",
            0.027376264177833762
          ],
          [
            "convex",
            0.026354719107240427
          ],
          [
            "distribution",
            0.025227610039361272
          ],
          [
            "points",
            0.02151320891451045
          ],
          [
            "hull",
            0.019445723927171737
          ],
          [
            "Gaussian",
            0.018881688197987054
          ],
          [
            "probability",
            0.017646965928025792
          ],
          [
            "random polytopes",
            0.01703415764117371
          ]
        ],
        "count": 100
      },
      "9": {
        "name": "9_set_sets_Furstenberg_dimension",
        "keywords": [
          [
            "set",
            0.039149340501719115
          ],
          [
            "sets",
            0.03493797688149634
          ],
          [
            "Furstenberg",
            0.03325800707605673
          ],
          [
            "dimension",
            0.031000894134575258
          ],
          [
            "Kakeya",
            0.02600207519874546
          ],
          [
            "Hausdorff",
            0.0202929313654211
          ],
          [
            "projections",
            0.019539591429065254
          ],
          [
            "conjecture",
            0.01907633534763942
          ],
          [
            "projection",
            0.01709517444242795
          ],
          [
            "theorem",
            0.016647452357039745
          ]
        ],
        "count": 97
      },
      "10": {
        "name": "10_Heisenberg_intrinsic_Lipschitz_group",
        "keywords": [
          [
            "Heisenberg",
            0.07172339156166174
          ],
          [
            "intrinsic",
            0.04978305483456776
          ],
          [
            "Lipschitz",
            0.04145939548917224
          ],
          [
            "group",
            0.040490650068148205
          ],
          [
            "Carnot",
            0.03662238246065771
          ],
          [
            "groups",
            0.03305497574183839
          ],
          [
            "Carnot groups",
            0.027403283631715406
          ],
          [
            "graphs",
            0.02695705089034349
          ],
          [
            "sub",
            0.02605778785156772
          ],
          [
            "horizontal",
            0.023441283073934973
          ]
        ],
        "count": 91
      },
      "11": {
        "name": "11_points_number_distance_set",
        "keywords": [
          [
            "points",
            0.04766307164267259
          ],
          [
            "number",
            0.034674379285895965
          ],
          [
            "distance",
            0.03415131187540264
          ],
          [
            "set",
            0.029251931027939507
          ],
          [
            "distinct",
            0.02557275059149702
          ],
          [
            "distances",
            0.023875662705016402
          ],
          [
            "problem",
            0.023852482055876662
          ],
          [
            "lattice",
            0.022306982770144316
          ],
          [
            "plane",
            0.021633222776896943
          ],
          [
            "unit distance",
            0.020908045373708672
          ]
        ],
        "count": 90
      },
      "12": {
        "name": "12_rigidity_rigid_frameworks_graph",
        "keywords": [
          [
            "rigidity",
            0.07120621654201054
          ],
          [
            "rigid",
            0.059967615317402204
          ],
          [
            "frameworks",
            0.05594861026997717
          ],
          [
            "graph",
            0.046530561401160346
          ],
          [
            "framework",
            0.040653173292656754
          ],
          [
            "generic",
            0.03493858628795936
          ],
          [
            "edge",
            0.030026678322783905
          ],
          [
            "graphs",
            0.028933141623917816
          ],
          [
            "symmetry",
            0.02451852607923401
          ],
          [
            "stress",
            0.023972952019177412
          ]
        ],
        "count": 80
      }
    },
    "correlations": [
      [
        1.0,
        -0.38600732971435264,
        -0.7010330683715605,
        -0.5447153171020944,
        0.015011260803002878,
        -0.6725019135160812,
        -0.6628148218769068,
        -0.7056198615416271,
        -0.7249844157968197,
        -0.5464936882867033,
        -0.6643108097379986,
        -0.6229836902767591,
        -0.6755144785160183
      ],
      [
        -0.38600732971435264,
        1.0,
        -0.6840826559038125,
        -0.23335409523061224,
        -0.3164833942643981,
        -0.6411931939882891,
        -0.6328565339281869,
        -0.7291466230442838,
        -0.7063295986784326,
        -0.4001131992775323,
        -0.480728924631117,
        -0.5714805096251236,
        -0.6606277322683219
      ],
      [
        -0.7010330683715605,
        -0.6840826559038125,
        1.0,
        -0.6603495872435221,
        -0.7112640903685589,
        -0.7076301369133327,
        -0.7057223033680771,
        -0.7431422888030518,
        -0.6939178072014,
        -0.6212224355748079,
        -0.7103606455849307,
        -0.6675101017186251,
        -0.7289751983736332
      ],
      [
        -0.5447153171020944,
        -0.23335409523061224,
        -0.6603495872435221,
        1.0,
        -0.545708204195586,
        -0.6492014144006741,
        -0.625482296547393,
        -0.7388542850930447,
        -0.6716903877108131,
        -0.5110683794163764,
        -0.6777950656063865,
        -0.5481262502313224,
        -0.6967950568385115
      ],
      [
        0.015011260803002878,
        -0.3164833942643981,
        -0.7112640903685589,
        -0.545708204195586,
        1.0,
        -0.6301818625694915,
        -0.671629863640312,
        -0.6955454533680276,
        -0.7177306545200712,
        -0.514238722400153,
        -0.6352908075944184,
        -0.6016092396441577,
        -0.6924505293211296
      ],
      [
        -0.6725019135160812,
        -0.6411931939882891,
        -0.7076301369133327,
        -0.6492014144006741,
        -0.6301818625694915,
        1.0,
        -0.686104297643304,
        -0.7398390361127286,
        -0.6975527926218243,
        -0.3707988322346574,
        -0.6998955216276568,
        -0.6558495897763654,
        -0.7034520035422283
      ],
      [
        -0.6628148218769068,
        -0.6328565339281869,
        -0.7057223033680771,
        -0.625482296547393,
        -0.671629863640312,
        -0.686104297643304,
        1.0,
        -0.7469911087418699,
        -0.7257792866605153,
        -0.6193987298023724,
        -0.7169007213661203,
        -0.6192883688851081,
        -0.7286843805074057
      ],
      [
        -0.7056198615416271,
        -0.7291466230442838,
        -0.7431422888030518,
        -0.7388542850930447,
        -0.6955454533680276,
        -0.7398390361127286,
        -0.7469911087418699,
        1.0,
        -0.7236735247548862,
        -0.7405893620209533,
        -0.747704099345323,
        -0.7097327475280154,
        -0.7118506057277034
      ],
      [
        -0.7249844157968197,
        -0.7063295986784326,
        -0.6939178072014,
        -0.6716903877108131,
        -0.7177306545200712,
        -0.6975527926218243,
        -0.7257792866605153,
        -0.7236735247548862,
        1.0,
        -0.681270173016685,
        -0.7221843667459309,
        -0.6657389304507151,
        -0.7289561248068313
      ],
      [
        -0.5464936882867033,
        -0.4001131992775323,
        -0.6212224355748079,
        -0.5110683794163764,
        -0.514238722400153,
        -0.3707988322346574,
        -0.6193987298023724,
        -0.7405893620209533,
        -0.681270173016685,
        1.0,
        -0.425527916582908,
        -0.28987557136325137,
        -0.685867860962085
      ],
      [
        -0.6643108097379986,
        -0.480728924631117,
        -0.7103606455849307,
        -0.6777950656063865,
        -0.6352908075944184,
        -0.6998955216276568,
        -0.7169007213661203,
        -0.747704099345323,
        -0.7221843667459309,
        -0.425527916582908,
        1.0,
        -0.5424500031104527,
        -0.7153840583886155
      ],
      [
        -0.6229836902767591,
        -0.5714805096251236,
        -0.6675101017186251,
        -0.5481262502313224,
        -0.6016092396441577,
        -0.6558495897763654,
        -0.6192883688851081,
        -0.7097327475280154,
        -0.6657389304507151,
        -0.28987557136325137,
        -0.5424500031104527,
        1.0,
        -0.6794896277969962
      ],
      [
        -0.6755144785160183,
        -0.6606277322683219,
        -0.7289751983736332,
        -0.6967950568385115,
        -0.6924505293211296,
        -0.7034520035422283,
        -0.7286843805074057,
        -0.7118506057277034,
        -0.7289561248068313,
        -0.685867860962085,
        -0.7153840583886155,
        -0.6794896277969962,
        1.0
      ]
    ],
    "series": {
      "2020-01": [
        9,
        9,
        6,
        6,
        6,
        2,
        2,
        1,
        2,
        2,
        0,
        5,
        0
      ],
      "2020-02": [
        8,
        5,
        4,
        10,
        12,
        6,
        5,
        1,
        0,
        3,
        4,
        5,
        3
      ],
      "2020-03": [
        8,
        5,
        8,
        4,
        5,
        4,
        5,
        1,
        4,
        5,
        1,
        9,
        8
      ],
      "2020-04": [
        13,
        6,
        8,
        11,
        16,
        6,
        3,
        0,
        4,
        1,
        8,
        5,
        2
      ],
      "2020-05": [
        14,
        1,
        9,
        4,
        13,
        9,
        4,
        1,
        2,
        3,
        2,
        4,
        4
      ],
      "2020-06": [
        13,
        3,
        9,
        5,
        6,
        4,
        5,
        0,
        6,
        6,
        3,
        5,
        3
      ],
      "2020-07": [
        16,
        7,
        7,
        6,
        9,
        10,
        2,
        2,
        10,
        6,
        5,
        6,
        2
      ],
      "2020-08": [
        16,
        5,
        9,
        2,
        8,
        6,
        5,
        0,
        2,
        5,
        5,
        4,
        2
      ],
      "2020-09": [
        13,
        8,
        6,
        10,
        10,
        6,
        3,
        0,
        3,
        7,
        4,
        5,
        6
      ],
      "2020-10": [
        14,
        11,
        9,
        6,
        7,
        6,
        4,
        2,
        2,
        4,
        1,
        4,
        3
      ],
      "2020-11": [
        4,
        5,
        7,
        4,
        9,
        5,
        2,
        0,
        0,
        5,
        4,
        5,
        1
      ],
      "2020-12": [
        13,
        13,
        10,
        8,
        7,
        4,
        0,
        0,
        1,
        4,
        3,
        7,
        1
      ],
      "2021-01": [
        9,
        7,
        6,
        5,
        8,
        3,
        1,
        1,
        2,
        1,
        2,
        3,
        1
      ],
      "2021-02": [
        12,
        8,
        5,
        6,
        9,
        3,
        1,
        0,
        1,
        6,
        1,
        2,
        2
      ],
      "2021-03": [
        9,
        5,
        11,
        2,
        6,
        4,
        3,
        0,
        2,
        2,
        3,
        6,
        3
      ],
      "2021-04": [
        11,
        3,
        4,
        4,
        11,
        3,
        3,
        0,
        4,
        3,
        1,
        7,
        3
      ],
      "2021-05": [
        11,
        5,
        5,
        2,
        14,
        1,
        5,
        1,
        3,
        4,
        3,
        4,
        3
      ],
      "2021-06": [
        9,
        4,
        9,
        2,
        12,
        1,
        3,
        1,
        2,
        6,
        4,
        9,
        4
      ],
      "2021-07": [
        7,
        6,
        5,
        4,
        12,
        4,
        4,
        0,
        1,
        4,
        3,
        7,
        3
      ],
      "2021-08": [
        12,
        3,
        10,
        5,
        7,
        3,
        4,
        1,
        0,
        2,
        1,
        5,
        6
      ],
      "2021-09": [
        9,
        12,
        10,
        4,
        16,
        5,
        1,
        1,
        3,
        6,
        2,
        2,
        2
      ],
      "2021-10": [
        14,
        6,
        2,
        9,
        10,
        3,
        5,
        1,
        1,
        7,
        1,
        6,
        3
      ],
      "2021-11": [
        11,
        2,
        9,
        5,
        4,
        7,
        5,
        0,
        2,
        4,
        1,
        10,
        1
      ],
      "2021-12": [
        12,
        3,
        11,
        7,
        13,
        6,
        4,
        2,
        4,
        6,
        0,
        6,
        2
      ],
      "2022-01": [
        7,
        5,
        6,
        11,
        10,
        4,
        2,
        1,
        3,
        3,
        0,
        6,
        3
      ],
      "2022-02": [
        12,
        3,
        8,
        6,
        8,
        4,
        8,
        1,
        4,
        3,
        3,
        3,
        4
      ],
      "2022-03": [
        14,
        3,
        10,
        17,
        7,
        9,
        2,
        1,
        5,
        5,
        2,
        3,
        1
      ],
      "2022-04": [
        11,
        4,
        6,
        5,
        9,
        5,
        3,
        1,
        2,
        11,
        4,
        4,
        1
      ],
      "2022-05": [
        5,
        3,
        3,
        4,
        14,
        2,
        5,
        1,
        2,
        5,
        5,
        4,
        1
      ],
      "2022-06": [
        10,
        11,
        10,
        7,
        10,
        2,
        5,
        0,
        4,
        2,
        2,
        5,
        2
      ],
      "2022-07": [
        14,
        7,
        4,
        3,
        10,
        4,
        7,
        6,
        1,
        7,
        2,
        2,
        4
      ],
      "2022-08": [
        8,
        4,
        8,
        2,
        14,
        5,
        1,
        2,
        2,
        4,
        2,
        7,
        2
      ],
      "2022-09": [
        16,
        6,
        8,
        1,
        7,
        5,
        3,
        2,
        2,
        2,
        2,
        6,
        1
      ],
      "2022-10": [
        16,
        4,
        11,
        4,
        11,
        1,
        4,
        0,
        1,
        4,
        1,
        3,
        4
      ],
      "2022-11": [
        11,
        5,
        8,
        3,
        9,
        2,
        11,
        2,
        1,
        5,
        3,
        5,
        0
      ],
      "2022-12": [
        19,
        8,
        6,
        5,
        13,
        3,
        6,
        1,
        1,
        3,
        1,
        8,
        4
      ],
      "2023-01": [
        12,
        4,
        6,
        1,
        6,
        2,
        1,
        0,
        2,
        7,
        1,
        3,
        2
      ],
      "2023-02": [
        15,
        3,
        8,
        2,
        13,
        5,
        4,
        0,
        2,
        2,
        1,
        4,
        1
      ],
      "2023-03": [
        15,
        6,
        8,
        4,
        17,
        2,
        3,
        0,
        3,
        9,
        1,
        8,
        2
      ],
      "2023-04": [
        13,
        4,
        12,
        3,
        9,
        3,
        3,
        0,
        2,
        7,
        3,
        6,
        1
      ],
      "2023-05": [
        10,
        4,
        13,
        5,
        9,
        4,
        8,
        2,
        0,
        7,
        2,
        6,
        5
      ],
      "2023-06": [
        10,
        7,
        9,
        7,
        9,
        2,
        3,
        0,
        0,
        6,
        1,
        7,
        3
      ],
      "2023-07": [
        4,
        5,
        13,
        7,
        10,
        1,
        1,
        1,
        3,
        6,
        2,
        4,
        3
      ],
      "2023-08": [
        16,
        7,
        8,
        4,
        11,
        6,
        3,
        2,
        1,
        5,
        3,
        9,
        5
      ],
      "2023-09": [
        11,
        7,
        11,
        5,
        12,
        4,
        1,
        1,
        1,
        3,
        2,
        5,
        0
      ],
      "2023-10": [
        8,
        6,
        12,
        4,
        11,
        2,
        5,
        0,
        2,
        7,
        2,
        5,
        3
      ],
      "2023-11": [
        10,
        7,
        8,
        8,
        7,
        2,
        3,
        0,
        2,
        3,
        1,
        6,
        2
      ],
      "2023-12": [
        8,
        9,
        8,
        6,
        11,
        6,
        3,
        1,
        0,
        3,
        1,
        6,
        3
      ],
      "2024-01": [
        9,
        7,
        6,
        5,
        7,
        7,
        4,
        1,
        3,
        4,
        2,
        5,
        2
      ],
      "2024-02": [
        21,
        3,
        6,
        0,
        10,
        2,
        3,
        0,
        3,
        4,
        2,
        6,
        3
      ],
      "2024-03": [
        10,
        1,
        9,
        5,
        9,
        5,
        3,
        2,
        0,
        11,
        2,
        4,
        6
      ],
      "2024-04": [
        15,
        9,
        5,
        2,
        11,
        6,
        3,
        1,
        3,
        7,
        0,
        2,
        1
      ],
      "2024-05": [
        9,
        9,
        8,
        9,
        7,
        1,
        5,
        1,
        3,
        7,
        2,
        1,
        5
      ],
      "2024-06": [
        7,
        8,
        8,
        4,
        14,
        5,
        6,
        0,
        3,
        5,
        2,
        5,
        1
      ],
      "2024-07": [
        12,
        5,
        13,
        7,
        11,
        4,
        7,
        2,
        5,
        3,
        6,
        5,
        4
      ],
      "2024-08": [
        17,
        5,
        11,
        8,
        10,
        4,
        1,
        3,
        2,
        6,
        2,
        0,
        4
      ],
      "2024-09": [
        12,
        4,
        9,
        7,
        13,
        6,
        3,
        2,
        3,
        3,
        0,
        3,
        1
      ],
      "2024-10": [
        12,
        6,
        9,
        4,
        11,
        7,
        3,
        0,
        4,
        7,
        4,
        6,
        5
      ],
      "2024-11": [
        11,
        8,
        12,
        2,
        14,
        2,
        4,
        0,
        4,
        6,
        1,
        3,
        2
      ],
      "2024-12": [
        12,
        6,
        11,
        5,
        20,
        5,
        5,
        0,
        4,
        10,
        1,
        7,
        1
      ],
      "2025-01": [
        18,
        4,
        10,
        4,
        10,
        5,
        3,
        2,
        5,
        2,
        2,
        5,
        3
      ],
      "2025-02": [
        11,
        6,
        12,
        1,
        13,
        8,
        6,
        1,
        1,
        3,
        1,
        3,
        4
      ],
      "2025-03": [
        15,
        9,
        9,
        3,
        16,
        5,
        7,
        3,
        1,
        0,
        0,
        5,
        3
      ],
      "2025-04": [
        20,
        6,
        11,
        2,
        10,
        1,
        3,
        3,
        3,
        2,
        3,
        2,
        1
      ],
      "2025-05": [
        20,
        13,
        10,
        4,
        18,
        8,
        3,
        0,
        4,
        4,
        2,
        5,
        4
      ],
      "2025-06": [
        16,
        6,
        4,
        5,
        15,
        5,
        3,
        2,
        1,
        3,
        1,
        8,
        6
      ],
      "2025-07": [
        8,
        7,
        5,
        8,
        17,
        2,
        2,
        2,
        2,
        2,
        2,
        0,
        2
      ],
      "2025-08": [
        6,
        5,
        10,
        8,
        12,
        10,
        0,
        1,
        5,
        3,
        3,
        2,
        4
      ],
      "2025-09": [
        5,
        7,
        4,
        1,
        3,
        3,
        2,
        1,
        4,
        4,
        2,
        6,
        3
      ]
    },
    "papers": {
      "0": [
        {
          "title": "Collapsed Ricci limit spaces as non-collapsed $RCD$ spaces",
          "year": "2020-02",
          "abstract": "In this short note we provide several conjectures on the regularity of\nmeasured Gromov-Hausdorff limit spaces of Riemannian manifolds with Ricci\ncurvature bounded below, from the point of view of the synthetic treatment of\nlower bounds on Ricci curvature for metric measure spaces.",
          "arxiv_id": "2002.08612v3"
        },
        {
          "title": "Rigidity and almost rigidity of Sobolev inequalities on compact spaces with lower Ricci curvature bounds",
          "year": "2021-08",
          "abstract": "We prove that if $M$ is a closed $n$-dimensional Riemannian manifold, $n \\ge\n3$, with ${\\rm Ric}\\ge n-1$ and for which the optimal constant in the critical\nSobolev inequality equals the one of the $n$-dimensional sphere $\\mathbb{S}^n$,\nthen $M$ is isometric to $\\mathbb{S}^n$. An almost-rigidity result is also\nestablished, saying that if equality is almost achieved, then $M$ is close in\nthe measure Gromov-Hausdorff sense to a spherical suspension. These statements\nare obtained in the ${\\rm RCD}$-setting of (possibly non-smooth) metric measure\nspaces satisfying synthetic lower Ricci curvature bounds.\n  An independent result of our analysis is the characterization of the best\nconstant in the Sobolev inequality on any compact ${\\rm CD}$ space, extending\nto the non-smooth setting a classical result by Aubin. Our arguments are based\non a new concentration compactness result for mGH-converging sequences of ${\\rm\nRCD}$ spaces and on a Polya-Szego inequality of Euclidean-type in ${\\rm CD}$\nspaces.\n  As an application of the technical tools developed we prove both an existence\nresult for the Yamabe equation and the continuity of the generalized Yamabe\nconstant under measure Gromov-Hausdorff convergence, in the ${\\rm\nRCD}$-setting.",
          "arxiv_id": "2108.02135v2"
        },
        {
          "title": "Stability of metric measure spaces with integral Ricci curvature bounds",
          "year": "2020-06",
          "abstract": "In this article we study stability and compactness w.r.t. measured\nGromov-Hausdorff convergence of smooth metric measure spaces with integral\nRicci curvature bounds. More precisely, we prove that a sequence of\n$n$-dimensional Riemannian manifolds subconverges to a metric measure space\nthat satisfies the curvature-dimension condition $CD(K,n)$ in the sense of\nLott-Sturm-Villani provided the $L^p$-norm for $p>\\frac{n}{2}$ of the part of\nthe Ricci curvature that lies below $K$ converges to $0$. The results also hold\nfor sequences of general smooth metric measure spaces $(M,g_M,\ne^{-f}\\mbox{vol}_M)$ where Bakry-Emery curvature replaces Ricci curvature.\nCorollaries are a Brunn-Minkowski-type inequality, a Bonnet-Myers estimate and\na statement on finiteness of the fundamental group. Together with a uniform\nnoncollapsing condition the limit even satisfies the Riemannian\ncurvature-dimension condition $RCD(K,N)$. This implies volume and diameter\nalmost rigidity theorems.",
          "arxiv_id": "2006.09458v3"
        }
      ],
      "1": [
        {
          "title": "Coarse homological invariants of metric spaces",
          "year": "2024-11",
          "abstract": "Inspired by group cohomology, we define several coarse topological invariants\nof metric spaces. We define the coarse cohomological dimension of a metric\nspace, and demonstrate that if G is a countable group, then the coarse\ncohomological dimension of G as a metric space coincides with the cohomological\ndimension of $G$ as a group whenever the latter is finite. Extending a result\nof Sauer, it is shown that coarse cohomological dimension is monotone under\ncoarse embeddings, and hence is invariant under coarse equivalence. We\ncharacterise unbounded quasi-trees as quasi-geodesic metric spaces of coarse\ncohomological dimension one. A classical theorem of Hopf and Freudenthal states\nthat if G is a finitely generated group, then the number of ends of G is either\n0, 1, 2 or $\\infty$. We prove a higher-dimensional analogue of this result,\nshowing that if F is a field, G is countable, and $H^k(G,FG)=0$ for k<n, then\n$\\dim H^n(G,FG)$=0,1 or $\\infty$, significantly extending a result of Farrell\nfrom 1975. Moreover, in the case $\\dim H^n(G,FG)=1$, then G must be a coarse\nPoincar\\'e duality group. We prove an analogous result for metric spaces.",
          "arxiv_id": "2411.04745v1"
        },
        {
          "title": "An Invitation to Coarse Groups",
          "year": "2022-03",
          "abstract": "In this monograph we lay the foundation for a theory of coarse groups and\ncoarse actions. Coarse groups are group objects in the category of coarse\nspaces, and can be thought of as sets with operations that satisfy the group\naxioms \"up to uniformly bounded error\". In the first part of this work, we\ndevelop the theory of coarse homomorphisms, quotients, and subgroups, and prove\nthat coarse versions of the Isomorphism Theorems hold true. We also initiate\nthe study of coarse actions and show how they relate to the fundamental\nobservation of Geometric Group Theory. In the second part we explore a\nselection of specialized topics, such as the study of coarse group structures\non set-groups, groups of coarse automorphisms and spaces of controlled maps.\nHere the main aim is to show how the theory of coarse groups connects with\nclassical subjects. These include: number theory; the study of bi-invariant\nmetrics on groups; quasimorphisms and stable commutator length; ${\\rm\nOut}(F_n)$; topological group actions.",
          "arxiv_id": "2203.08591v3"
        },
        {
          "title": "Coarse fixed point properties",
          "year": "2022-12",
          "abstract": "We investigate fixed point properties for isometric actions of topological\ngroups on a wide class of metric spaces, with a particular emphasis on Hilbert\nspaces. Instead of requiring the action to be continuous, we assume that it is\n``controlled\", i.e. compatible with respect to some natural left-invariant\ncoarse structure. For locally compact groups, we prove that these coarse fixed\npoint properties are equivalent to the usual ones, defined for continuous\nactions. We deduce generalisations of two results of Gromov originally stated\nfor discrete groups. For Polish groups with bounded geometry (in the sense of\nRosendal), we prove a version of Serre's theorem on the stability of coarse\nproperty FH under central extensions. As an application we prove that the group\n$\\text{Homeo}^+_{\\mathbb Z}(\\mathbb R)$ has property FH. Finally, we\ncharacterise geometric property (T) for sequences of finite Cayley graphs in\nterms of coarse property FH of a certain group.",
          "arxiv_id": "2212.04900v1"
        }
      ],
      "2": [
        {
          "title": "The $L_p$-floating area, curvature entropy, and isoperimetric inequalities on the sphere",
          "year": "2024-11",
          "abstract": "We explore analogs of classical centro-affine invariant isoperimetric\ninequalities, such as the Blaschke--Santal\\'o inequality and the $L_p$-affine\nisoperimetric inequalities, for convex bodies in spherical space. Specifically,\nwe establish an isoperimetric inequality for the floating area and prove a\nstability result based on the spherical volume difference.\n  The floating area has previously been studied as a natural extension of\nclassical affine surface area to non-Euclidean convex bodies in spaces of\nconstant curvature. In this work, we introduce the $L_p$-floating areas for\nspherical convex bodies, extending Lutwak's centro-affine invariant family of\n$L_p$-affine surface area measures from Euclidean geometry. We prove a duality\nformula, monotonicity properties, and isoperimetric inequalities associated\nwith this new family of curvature measures for spherical convex bodies.\n  Additionally, we propose a novel curvature entropy functional for spherical\nconvex bodies, based on the $L_p$-floating area, and establish a corresponding\ndual isoperimetric inequality.\n  Finally, we extend our spherical notions to space forms with non-negative\nconstant curvature in two distinct ways. One extension asymptotically connects\nwith centro-affine geometry on convex bodies as curvature approaches zero,\nwhile the other converges with Euclidean geometry. Notably, our newly\nintroduced curvature entropy for spherical convex bodies emerges as a natural\ncounterpart to both the centro-affine entropy and the Gaussian entropy of\nconvex bodies in Euclidean space.",
          "arxiv_id": "2411.01631v1"
        },
        {
          "title": "Uniqueness and continuity of the solution to $L_p$ dual Minkowski problem",
          "year": "2021-03",
          "abstract": "Lutwak, Yang and Zhang \\cite{LYZ2018} introduced the $L_p$ dual curvature\nmeasure that unifies several other geometric measures in dual Brunn-Minkowski\ntheory and Brunn- Minkowski theory. Motivated by works in \\cite{LYZ2018}, we\nconsider the uniqueness and continuity of the solution to the $L_p$ dual\nMinkowski problem. To extend the important work (Theorem \\ref{uniquepolytope})\nof LYZ to the case for general convex bodies, we establish some new\nMinkowski-type inequalities which are closely related to the optimization\nproblem associated with the $L_p$ dual Minkowski problem. When $q< p$, the\nuniqueness of the solution to the $L_p$ dual Minkowski problem for general\nconvex bodies is obtained. Moreover, we obtain the continuity of the solution\nto the $L_p$ dual Minkowski problem for convex bodies.",
          "arxiv_id": "2103.13075v1"
        },
        {
          "title": "On the $L_p$ Brunn-Minkowski theory and the $L_p$ Minkowski problem for $C$-coconvex sets",
          "year": "2022-04",
