{
  "topics": {
    "data": {
      "0": {
        "name": "0_algebras_algebra_group_groups",
        "keywords": [
          [
            "algebras",
            0.03124075570308211
          ],
          [
            "algebra",
            0.02586567992641188
          ],
          [
            "group",
            0.02189768978352872
          ],
          [
            "groups",
            0.01910173621600153
          ],
          [
            "compact",
            0.013867430709270098
          ],
          [
            "operator",
            0.012845863583597374
          ],
          [
            "operators",
            0.01277803564110007
          ],
          [
            "space",
            0.01190779518895052
          ],
          [
            "Banach",
            0.01051192095959197
          ],
          [
            "Hilbert",
            0.010492005351978823
          ]
        ],
        "count": 1191
      },
      "1": {
        "name": "1_Banach_space_spaces_property",
        "keywords": [
          [
            "Banach",
            0.03964924558561497
          ],
          [
            "space",
            0.031896149136554794
          ],
          [
            "spaces",
            0.031493683986678664
          ],
          [
            "property",
            0.023198214012166134
          ],
          [
            "Banach space",
            0.019131488103621377
          ],
          [
            "compact",
            0.017522403185580897
          ],
          [
            "Lipschitz",
            0.015626064307433594
          ],
          [
            "convex",
            0.012992551514323934
          ],
          [
            "operators",
            0.012482780653120354
          ],
          [
            "lattice",
            0.0124469214511455
          ]
        ],
        "count": 963
      },
      "2": {
        "name": "2_equations_solutions_equation_problem",
        "keywords": [
          [
            "equations",
            0.02638520280809129
          ],
          [
            "solutions",
            0.025410868976665286
          ],
          [
            "equation",
            0.021318863358868883
          ],
          [
            "problem",
            0.016531284326377224
          ],
          [
            "boundary",
            0.0164534006695116
          ],
          [
            "solution",
            0.014542255120385929
          ],
          [
            "operator",
            0.013641462300160013
          ],
          [
            "existence",
            0.013632674008431859
          ],
          [
            "operators",
            0.012119658709012502
          ],
          [
            "results",
            0.011872656671654437
          ]
        ],
        "count": 732
      },
      "3": {
        "name": "3_Sobolev_spaces_Besov_inequality",
        "keywords": [
          [
            "Sobolev",
            0.04633062549727078
          ],
          [
            "spaces",
            0.03468009739692798
          ],
          [
            "Besov",
            0.01974296516328602
          ],
          [
            "inequality",
            0.01590660111019038
          ],
          [
            "space",
            0.015279032440192424
          ],
          [
            "inequalities",
            0.014990722208865156
          ],
          [
            "measure",
            0.014980804624849702
          ],
          [
            "type",
            0.013840822602052274
          ],
          [
            "functions",
            0.013249886462493109
          ],
          [
            "Triebel",
            0.012264606937364024
          ]
        ],
        "count": 684
      },
      "4": {
        "name": "4_frames_frame_Gabor_Hilbert",
        "keywords": [
          [
            "frames",
            0.07983989302696157
          ],
          [
            "frame",
            0.06700559247425654
          ],
          [
            "Gabor",
            0.03077817053855403
          ],
          [
            "Hilbert",
            0.026431600580897763
          ],
          [
            "dual",
            0.018893174894115326
          ],
          [
            "fusion",
            0.01838508034090146
          ],
          [
            "spaces",
            0.014811798129216519
          ],
          [
            "paper",
            0.014293235390257975
          ],
          [
            "space",
            0.014045512560678536
          ],
          [
            "Frames",
            0.012200331373443648
          ]
        ],
        "count": 438
      },
      "5": {
        "name": "5_convex_inequality_Minkowski_bodies",
        "keywords": [
          [
            "convex",
            0.03373418773891238
          ],
          [
            "inequality",
            0.0264148100833639
          ],
          [
            "Minkowski",
            0.025878099629100842
          ],
          [
            "bodies",
            0.02553929003533393
          ],
          [
            "concave",
            0.021175818695298828
          ],
          [
            "transport",
            0.018833073315834194
          ],
          [
            "body",
            0.018565297956746787
          ],
          [
            "log",
            0.01845188388530666
          ],
          [
            "inequalities",
            0.018399475540014452
          ],
          [
            "measures",
            0.017871061292162878
          ]
        ],
        "count": 434
      },
      "6": {
        "name": "6_neural_networks_approximation_neural networks",
        "keywords": [
          [
            "neural",
            0.03294706452970843
          ],
          [
            "networks",
            0.031226728376745266
          ],
          [
            "approximation",
            0.02350036035674695
          ],
          [
            "neural networks",
            0.022297930149067283
          ],
          [
            "functions",
            0.019798791555642604
          ],
          [
            "data",
            0.016893569754865136
          ],
          [
            "kernel",
            0.016288687597202377
          ],
          [
            "function",
            0.015595096868891238
          ],
          [
            "kernels",
            0.01334408508756623
          ],
          [
            "sampling",
            0.012989995153592419
          ]
        ],
        "count": 392
      },
      "7": {
        "name": "7_numerical_radius_matrices_numerical radius",
        "keywords": [
          [
            "numerical",
            0.05071278477906265
          ],
          [
            "radius",
            0.04987848433274142
          ],
          [
            "matrices",
            0.04854559372847989
          ],
          [
            "numerical radius",
            0.0397950313150225
          ],
          [
            "inequalities",
            0.03207626054521037
          ],
          [
            "matrix",
            0.024864840760789184
          ],
          [
            "operator",
            0.024517040663359285
          ],
          [
            "positive",
            0.01977325008630089
          ],
          [
            "bounds",
            0.018930419713223536
          ],
          [
            "inequality",
            0.018407981685775038
          ]
        ],
        "count": 388
      },
      "8": {
        "name": "8_composition_Bergman_operators_spaces",
        "keywords": [
          [
            "composition",
            0.034222949643268795
          ],
          [
            "Bergman",
            0.03250561635210712
          ],
          [
            "operators",
            0.02824338005101086
          ],
          [
            "spaces",
            0.026192735138483067
          ],
          [
            "composition operators",
            0.026014947407853
          ],
          [
            "Hardy",
            0.02479004780850915
          ],
          [
            "weighted",
            0.021385947216254305
          ],
          [
            "Dirichlet",
            0.02088632375342461
          ],
          [
            "space",
            0.020573665449726764
          ],
          [
            "unit",
            0.018911886094271274
          ]
        ],
        "count": 301
      },
      "9": {
        "name": "9_Hardy_spaces_maximal_boundedness",
        "keywords": [
          [
            "Hardy",
            0.03985883176831535
          ],
          [
            "spaces",
            0.03826840671707391
          ],
          [
            "maximal",
            0.034056900050338866
          ],
          [
            "boundedness",
            0.027484577005121386
          ],
          [
            "Morrey",
            0.026838935900662525
          ],
          [
            "weighted",
            0.023817208094248095
          ],
          [
            "operators",
            0.02289802312452982
          ],
          [
            "type",
            0.021885150476838172
          ],
          [
            "Littlewood",
            0.020373674152477598
          ],
          [
            "function",
            0.019646440009106564
          ]
        ],
        "count": 287
      },
      "10": {
        "name": "10_mappings_point_metric_nonexpansive",
        "keywords": [
          [
            "mappings",
            0.05183092583458928
          ],
          [
            "point",
            0.044503918740102816
          ],
          [
            "metric",
            0.032574022887580226
          ],
          [
            "nonexpansive",
            0.02424038013170958
          ],
          [
            "results",
            0.02397397379782432
          ],
          [
            "spaces",
            0.022784585216846627
          ],
          [
            "convex",
            0.020584824490933944
          ],
          [
            "paper",
            0.02050560907986153
          ],
          [
            "Banach",
            0.018123691502950904
          ],
          [
            "theorems",
            0.017953414013575177
          ]
        ],
        "count": 188
      },
      "11": {
        "name": "11_hypercyclic_shifts_operators_weighted",
        "keywords": [
          [
            "hypercyclic",
            0.06867170743154222
          ],
          [
            "shifts",
            0.04226189705005426
          ],
          [
            "operators",
            0.04137193719463885
          ],
          [
            "weighted",
            0.03830420603159305
          ],
          [
            "hypercyclicity",
            0.03277275099787909
          ],
          [
            "weighted shifts",
            0.02721029057244042
          ],
          [
            "recurrent",
            0.02631751216496351
          ],
          [
            "shift",
            0.02450764385795164
          ],
          [
            "operator",
            0.024393273934361543
          ],
          [
            "recurrence",
            0.023016447328831388
          ]
        ],
        "count": 137
      },
      "12": {
        "name": "12_orthogonality_Birkhoff_James_space",
        "keywords": [
          [
            "orthogonality",
            0.07045239020940232
          ],
          [
            "Birkhoff",
            0.04111644907134891
          ],
          [
            "James",
            0.040169933105977974
          ],
          [
            "space",
            0.031378883460297054
          ],
          [
            "constant",
            0.0282441650805047
          ],
          [
            "spaces",
            0.027179686268085975
          ],
          [
            "Banach",
            0.02391483455752584
          ],
          [
            "norm",
            0.019563670281107035
          ],
          [
            "linear",
            0.018840932175260137
          ],
          [
            "operators",
            0.017533838084975675
          ]
        ],
        "count": 123
      },
      "13": {
        "name": "13_Fock_Toeplitz_Fock space_Fock spaces",
        "keywords": [
          [
            "Fock",
            0.10252302574856596
          ],
          [
            "Toeplitz",
            0.05145993143435943
          ],
          [
            "Fock space",
            0.049598203347284285
          ],
          [
            "Fock spaces",
            0.04504992613038055
          ],
          [
            "operators",
            0.040753141444113274
          ],
          [
            "space",
            0.03165697343016016
          ],
          [
            "spaces",
            0.022894821466079587
          ],
          [
            "weighted",
            0.015317214581451572
          ],
          [
            "operator",
            0.015254040137539737
          ],
          [
            "algebra",
            0.013740342311172845
          ]
        ],
        "count": 113
      }
    },
    "correlations": [
      [
        1.0,
        -0.545687891066887,
        -0.542575417339836,
        -0.6215434544683829,
        -0.6868494946627526,
        -0.629671161507763,
        -0.6801568186374629,
        -0.696275512082198,
        -0.6366138998973382,
        -0.6342328609950943,
        -0.6357985398229651,
        -0.6579840810645543,
        -0.6529071974712742,
        -0.6776445575540797
      ],
      [
        -0.545687891066887,
        1.0,
        -0.6037422612467047,
        -0.45818464673326453,
        -0.6586991151358725,
        -0.6433427130491342,
        -0.6842337917287289,
        -0.7205853491214502,
        -0.5687346237923412,
        -0.5484679151905415,
        -0.5486866110953506,
        -0.6249793490720825,
        -0.08122043943702355,
        -0.4817118005801101
      ],
      [
        -0.542575417339836,
        -0.6037422612467047,
        1.0,
        -0.598172176099814,
        -0.5685675508329004,
        -0.6238287697536862,
        -0.6693847877148944,
        -0.7130385404429889,
        -0.6765553254427469,
        -0.5402679241617715,
        -0.4895713802406085,
        -0.6584850825226034,
        -0.6799610767351706,
        -0.6955087629600005
      ],
      [
        -0.6215434544683829,
        -0.45818464673326453,
        -0.598172176099814,
        1.0,
        -0.6983772421669308,
        -0.6289984703178944,
        -0.6785631210901062,
        -0.7367977759037311,
        -0.5912021412586437,
        -0.4926641284681409,
        -0.653250414099336,
        -0.6736486354408618,
        -0.6409613033815625,
        -0.6858589496080909
      ],
      [
        -0.6868494946627526,
        -0.6586991151358725,
        -0.5685675508329004,
        -0.6983772421669308,
        1.0,
        -0.7375280375564319,
        -0.721167819922442,
        -0.7240624251206834,
        -0.682226861097283,
        -0.5451984431755832,
        -0.4870831348621729,
        -0.70856086753333,
        -0.6903821205928007,
        -0.6909623829940474
      ],
      [
        -0.629671161507763,
        -0.6433427130491342,
        -0.6238287697536862,
        -0.6289984703178944,
        -0.7375280375564319,
        1.0,
        -0.682042243761861,
        -0.710104335330163,
        -0.7137844476121588,
        -0.6995674314798366,
        -0.7103169931817795,
        -0.6862672377848771,
        -0.7080559570569387,
        -0.7344348565668096
      ],
      [
        -0.6801568186374629,
        -0.6842337917287289,
        -0.6693847877148944,
        -0.6785631210901062,
        -0.721167819922442,
        -0.682042243761861,
        1.0,
        -0.7386066035983552,
        -0.7141215629641495,
        -0.7247180228988568,
        -0.7232261654283756,
        -0.6601505030275328,
        -0.7266265862592312,
        -0.7278497995550932
      ],
      [
        -0.696275512082198,
        -0.7205853491214502,
        -0.7130385404429889,
        -0.7367977759037311,
        -0.7240624251206834,
        -0.710104335330163,
        -0.7386066035983552,
        1.0,
        -0.7250474900545644,
        -0.7113008718452298,
        -0.7032658909506744,
        -0.7293699695425226,
        -0.7177524996355558,
        -0.7249954516222932
      ],
      [
        -0.6366138998973382,
        -0.5687346237923412,
        -0.6765553254427469,
        -0.5912021412586437,
        -0.682226861097283,
        -0.7137844476121588,
        -0.7141215629641495,
        -0.7250474900545644,
        1.0,
        -0.19058483325625197,
        -0.6516015549810982,
        -0.3948362135695669,
        -0.6542648044449373,
        -0.3968943151821789
      ],
      [
        -0.6342328609950943,
        -0.5484679151905415,
        -0.5402679241617715,
        -0.4926641284681409,
        -0.5451984431755832,
        -0.6995674314798366,
        -0.7247180228988568,
        -0.7113008718452298,
        -0.19058483325625197,
        1.0,
        -0.45169944689157526,
        -0.6656245376543932,
        -0.657380206225765,
        -0.6444554571541242
      ],
      [
        -0.6357985398229651,
        -0.5486866110953506,
        -0.4895713802406085,
        -0.653250414099336,
        -0.4870831348621729,
        -0.7103169931817795,
        -0.7232261654283756,
        -0.7032658909506744,
        -0.6516015549810982,
        -0.45169944689157526,
        1.0,
        -0.6997589771907566,
        -0.6136084967910108,
        -0.6778440631757683
      ],
      [
        -0.6579840810645543,
        -0.6249793490720825,
        -0.6584850825226034,
        -0.6736486354408618,
        -0.70856086753333,
        -0.6862672377848771,
        -0.6601505030275328,
        -0.7293699695425226,
        -0.3948362135695669,
        -0.6656245376543932,
        -0.6997589771907566,
        1.0,
        -0.6953882674793374,
        -0.41006375198984657
      ],
      [
        -0.6529071974712742,
        -0.08122043943702355,
        -0.6799610767351706,
        -0.6409613033815625,
        -0.6903821205928007,
        -0.7080559570569387,
        -0.7266265862592312,
        -0.7177524996355558,
        -0.6542648044449373,
        -0.657380206225765,
        -0.6136084967910108,
        -0.6953882674793374,
        1.0,
        -0.41762363923095824
      ],
      [
        -0.6776445575540797,
        -0.4817118005801101,
        -0.6955087629600005,
        -0.6858589496080909,
        -0.6909623829940474,
        -0.7344348565668096,
        -0.7278497995550932,
        -0.7249954516222932,
        -0.3968943151821789,
        -0.6444554571541242,
        -0.6778440631757683,
        -0.41006375198984657,
        -0.41762363923095824,
        1.0
      ]
    ],
    "series": {
      "2020-01": [
        31,
        19,
        7,
        15,
        10,
        6,
        4,
        13,
        7,
        6,
        27,
        3,
        2,
        7
      ],
      "2020-02": [
        48,
        22,
        8,
        18,
        7,
        7,
        4,
        13,
        11,
        3,
        22,
        7,
        1,
        6
      ],
      "2020-03": [
        49,
        35,
        10,
        14,
        11,
        7,
        2,
        12,
        8,
        12,
        17,
        6,
        4,
        1
      ],
      "2020-04": [
        53,
        36,
        7,
        21,
        5,
        9,
        4,
        12,
        12,
        11,
        14,
        2,
        2,
        7
      ],
      "2020-05": [
        54,
        34,
        11,
        15,
        7,
        5,
        4,
        16,
        10,
        8,
        33,
        6,
        2,
        6
      ],
      "2020-06": [
        62,
        32,
        13,
        13,
        8,
        9,
        7,
        10,
        9,
        12,
        32,
        6,
        2,
        1
      ],
      "2020-07": [
        54,
        34,
        13,
        19,
        15,
        5,
        10,
        13,
        10,
        13,
        23,
        7,
        3,
        6
      ],
      "2020-08": [
        50,
        24,
        7,
        12,
        11,
        7,
        4,
        11,
        6,
        5,
        14,
        3,
        2,
        3
      ],
      "2020-09": [
        61,
        29,
        6,
        13,
        7,
        3,
        3,
        13,
        9,
        11,
        19,
        7,
        2,
        4
      ],
      "2020-10": [
        68,
        26,
        8,
        9,
        7,
        5,
        0,
        14,
        12,
        8,
        15,
        5,
        7,
        7
      ],
      "2020-11": [
        59,
        27,
        9,
        10,
        12,
        4,
        6,
        7,
        12,
        6,
        18,
        7,
        2,
        4
      ],
      "2020-12": [
        68,
        35,
        9,
        14,
        13,
        3,
        6,
        9,
        5,
        7,
        21,
        5,
        2,
        6
      ],
      "2021-01": [
        53,
        24,
        6,
        15,
        10,
        7,
        4,
        8,
        14,
        9,
        16,
        5,
        5,
        4
      ],
      "2021-02": [
        34,
        25,
        7,
        18,
        9,
        5,
        3,
        11,
        9,
        10,
        9,
        4,
        2,
        2
      ],
      "2021-03": [
        53,
        21,
        8,
        8,
        8,
        5,
        2,
        13,
        9,
        15,
        18,
        5,
        2,
        7
      ],
      "2021-04": [
        53,
        33,
        13,
        13,
        9,
        6,
        6,
        7,
        7,
        8,
        27,
        5,
        3,
        1
      ],
      "2021-05": [
        51,
        27,
        5,
        21,
        9,
        5,
        5,
        11,
        12,
        7,
        20,
        0,
        1,
        3
      ],
      "2021-06": [
        44,
        22,
        10,
        13,
        10,
        4,
        2,
        9,
        6,
        9,
        16,
        8,
        3,
        5
      ],
      "2021-07": [
        60,
        26,
        6,
        8,
        16,
        5,
        3,
        7,
        17,
        9,
        20,
        6,
        2,
        7
      ],
      "2021-08": [
        39,
        24,
        9,
        13,
        6,
        4,
        3,
        12,
        15,
        15,
        22,
        5,
        2,
        3
      ],
      "2021-09": [
        43,
        28,
        10,
        23,
        10,
        9,
        3,
        9,
        10,
        6,
        20,
        8,
        4,
        4
      ],
      "2021-10": [
        52,
        29,
        8,
        16,
        11,
        5,
        3,
        8,
        7,
        12,
        23,
        0,
        1,
        2
      ],
      "2021-11": [
        43,
        22,
        15,
        18,
        5,
        8,
        4,
        10,
        12,
        7,
        17,
        3,
        3,
        2
      ],
      "2021-12": [
        48,
        17,
        10,
        12,
        8,
        5,
        6,
        6,
        10,
        10,
        29,
        8,
        1,
        8
      ],
      "2022-01": [
        58,
        17,
        9,
        13,
        8,
        12,
        3,
        9,
        12,
        10,
        29,
        5,
        1,
        4
      ],
      "2022-02": [
        49,
        19,
        10,
        11,
        6,
        5,
        6,
        4,
        13,
        5,
        19,
        7,
        1,
        5
      ],
      "2022-03": [
        52,
        31,
        15,
        16,
        9,
        7,
        3,
        5,
        12,
        11,
        21,
        9,
        3,
        5
      ],
      "2022-04": [
        51,
        33,
        11,
        15,
        7,
        4,
        2,
        16,
        12,
        10,
        32,
        9,
        5,
        4
      ],
      "2022-05": [
        39,
        19,
        8,
        11,
        5,
        6,
        4,
        5,
        15,
        9,
        24,
        5,
        3,
        8
      ],
      "2022-06": [
        47,
        28,
        5,
        13,
        4,
        15,
        2,
        6,
        6,
        16,
        23,
        4,
        0,
        2
      ],
      "2022-07": [
        49,
        35,
        7,
        18,
        7,
        4,
        3,
        4,
        23,
        12,
        26,
        9,
        2,
        6
      ],
      "2022-08": [
        48,
        26,
        11,
        12,
        11,
        3,
        5,
        4,
        10,
        9,
        20,
        6,
        3,
        4
      ],
      "2022-09": [
        60,
        28,
        14,
        21,
        11,
        6,
        1,
        5,
        17,
        7,
        14,
        5,
        2,
        3
      ],
      "2022-10": [
        52,
        26,
        4,
        15,
        7,
        5,
        4,
        11,
        11,
        16,
        18,
        2,
        3,
        2
      ],
      "2022-11": [
        56,
        16,
        12,
        14,
        5,
        3,
        3,
        3,
        10,
        10,
        23,
        9,
        2,
        4
      ],
      "2022-12": [
        52,
        24,
        10,
        18,
        10,
        8,
        4,
        11,
        10,
        6,
        24,
        9,
        3,
        3
      ],
      "2023-01": [
        49,
        19,
        10,
        15,
        13,
        7,
        7,
        12,
        7,
        11,
        12,
        6,
        1,
        2
      ],
      "2023-02": [
        41,
        24,
        8,
        14,
        5,
        8,
        7,
        9,
        10,
        6,
        14,
        0,
        3,
        2
      ],
      "2023-03": [
        54,
        26,
        10,
        18,
        11,
        10,
        3,
        14,
        11,
        13,
        21,
        8,
        1,
        1
      ],
      "2023-04": [
        46,
        22,
        8,
        14,
        6,
        7,
        3,
        3,
        6,
        15,
        16,
        6,
        1,
        5
      ],
      "2023-05": [
        61,
        37,
        14,
        20,
        9,
        9,
        4,
        7,
        10,
        14,
        26,
        5,
        2,
        3
      ],
      "2023-06": [
        55,
        14,
        11,
        18,
        8,
        5,
        10,
        11,
        20,
        8,
        23,
        3,
        3,
        3
      ],
      "2023-07": [
        54,
        27,
        11,
        17,
        9,
        6,
        6,
        13,
        12,
        13,
        15,
        6,
        0,
        6
      ],
      "2023-08": [
        52,
        17,
        6,
        7,
        8,
        6,
        2,
        8,
        12,
        12,
        10,
        4,
        0,
        8
      ],
      "2023-09": [
        43,
        17,
        10,
        17,
        6,
        8,
        2,
        6,
        13,
        14,
        19,
        8,
        3,
        5
      ],
      "2023-10": [
        47,
        18,
        9,
        20,
        11,
        3,
        1,
        9,
        7,
        12,
        13,
        9,
        1,
        4
      ],
      "2023-11": [
        39,
        19,
        6,
        15,
        10,
        6,
        4,
        5,
        13,
        9,
        14,
        5,
        2,
        4
      ],
      "2023-12": [
        42,
        21,
        11,
        16,
        10,
        10,
        8,
        11,
        10,
        14,
        25,
        7,
        4,
        4
      ],
      "2024-01": [
        55,
        26,
        9,
        18,
        11,
        7,
        6,
        11,
        8,
        8,
        22,
        4,
        0,
        4
      ],
      "2024-02": [
        57,
        43,
        16,
        17,
        11,
        8,
        4,
        13,
        13,
        11,
        18,
        5,
        4,
        2
      ],
      "2024-03": [
        59,
        25,
        7,
        19,
        9,
        9,
        7,
        7,
        6,
        11,
        19,
        4,
        3,
        5
      ],
      "2024-04": [
        47,
        29,
        9,
        13,
        8,
        7,
        2,
        3,
        18,
        7,
        20,
        9,
        1,
        5
      ],
      "2024-05": [
        72,
        25,
        16,
        21,
        12,
        7,
        4,
        7,
        10,
        18,
        29,
        6,
        1,
        7
      ],
      "2024-06": [
        49,
        21,
        7,
        22,
        7,
        4,
        1,
        7,
        17,
        16,
        18,
        3,
        1,
        3
      ],
      "2024-07": [
        69,
        26,
        10,
        14,
        9,
        10,
        3,
        9,
        11,
        11,
        22,
        8,
        7,
        7
      ],
      "2024-08": [
        39,
        27,
        5,
        15,
        10,
        5,
        4,
        14,
        4,
        11,
        22,
        7,
        2,
        4
      ],
      "2024-09": [
        64,
        24,
        8,
        13,
        5,
        4,
        5,
        17,
        13,
        13,
        26,
        6,
        3,
        7
      ],
      "2024-10": [
        56,
        28,
        15,
        14,
        13,
        9,
        8,
        16,
        9,
        12,
        29,
        6,
        5,
        8
      ],
      "2024-11": [
        65,
        13,
        11,
        19,
        7,
        7,
        4,
        7,
        9,
        10,
        17,
        7,
        6,
        3
      ],
      "2024-12": [
        68,
        24,
        9,
        13,
        4,
        10,
        5,
        8,
        12,
        13,
        16,
        4,
        4,
        4
      ],
      "2025-01": [
        44,
        28,
        12,
        11,
        9,
        9,
        6,
        9,
        4,
        9,
        20,
        3,
        7,
        6
      ],
      "2025-02": [
        59,
        16,
        10,
        10,
        14,
        9,
        6,
        11,
        11,
        15,
        24,
        2,
        1,
        5
      ],
      "2025-03": [
        65,
        21,
        8,
        28,
        8,
        11,
        8,
        10,
        14,
        22,
        20,
        6,
        5,
        6
      ],
      "2025-04": [
        52,
        33,
        8,
        19,
        4,
        14,
        9,
        9,
        11,
        8,
        27,
        9,
        6,
        3
      ],
      "2025-05": [
        60,
        21,
        8,
        27,
        15,
        7,
        2,
        8,
        13,
        10,
        25,
        5,
        3,
        5
      ],
      "2025-06": [
        55,
        19,
        5,
        16,
        7,
        6,
        4,
        12,
        14,
        10,
        20,
        5,
        3,
        4
      ],
      "2025-07": [
        67,
        29,
        10,
        10,
        12,
        8,
        2,
        13,
        19,
        9,
        29,
        9,
        8,
        7
      ],
      "2025-08": [
        56,
        31,
        5,
        14,
        18,
        11,
        8,
        9,
        8,
        11,
        34,
        6,
        1,
        7
      ],
      "2025-09": [
        31,
        11,
        7,
        6,
        7,
        8,
        4,
        5,
        8,
        5,
        8,
        9,
        0,
        1
      ]
    },
    "papers": {
      "0": [
        {
          "title": "$\\ell^1$-bases, algebraic structure and strong Arens irregularity of Banach algebras in harmonic analysis$^1$",
          "year": "2024-12",
          "abstract": "A long standing problem in abstract harmonic analysis concerns the strong\nArens irregularity (sAir, for short) of the Fourier algebra $A(G)$ of a locally\ncompact group $G.$ The groups for which $A(G)$ is known to be sAir are all\namenable. So far this class includes the abelian groups, the discrete amenable\ngroups, the second countable amenable groups $G$ such that $\\overline{[G, G]}$\nis not open in $G,$ the groups of the form $\\prod_{i=0}^\\infty G_i$ where each\n$G_i$, $i\\ge1$, is a non-trivial metrizable compact group and $G_0$ is an\namenable second countable locally compact group, the groups of the form\n$G_0\\times G$, where $G$ is a compact group whose local weight $w(G)$ has\nuncountable cofinality and $G_0$ is any locally compact amenable group with\n$w(G_0)\\le w(G)$, and the compact group $SU(2).$ We were primarily concerned\nwith the groups for which $A(G)$ is sAir. We introduce a new class of\n$\\ell^1$-bases in Banach algebras. These new $\\ell^1$-bases enable us, among\nother results, to unify most of the results related to Arens products proved in\nthe past seventy years since Arens defined his products. This includes the\nstrong Arens irregularity of algebras in harmonic analysis, and in particular\nalmost all the cases mentioned above for the Fourier algebras. In addition, we\nalso show that $A(G)$ is sAir for compact connected groups with an infinite\ndual rank. The $\\ell^1$-bases for the Fourier algebra are constructed with\ncoefficients of certain irreducible representations of the group. With this new\napproach using $\\ell^1$-bases, the rich algebraic structure of the algebras and\nsemigroups under study such as the second dual of Banach algebras with an Arens\nproduct or certain semigroup compactifications (the Stone-\\v Cech\ncompactification of an infinite discrete group, for instance) is also unveiled",
          "arxiv_id": "2412.15029v1"
        },
        {
          "title": "Group $C^*$-algebras of locally compact groups acting on trees",
          "year": "2020-11",
          "abstract": "We study the group $C^*$-algebras $C^*_{L^{p+}}(G)$ - constructed from\n$L^p$-integrability properties of matrix coefficients of unitary\nrepresentations - of locally compact groups $G$ acting on (semi-)homogeneous\ntrees of sufficiently large degree. These group $C^*$-algebras lie between the\nuniversal and the reduced group $C^*$-algebra. By directly investigating these\n$L^p$-integrability properties, we first show that for every non-compact,\nclosed subgroup $G$ of the automorphism group $\\mathrm{Aut}(T)$ of a\n(semi-)homogeneous tree $T$ that acts transitively on the boundary $\\partial T$\nand every $2 \\leq q < p \\leq \\infty$, the canonical quotient map\n$C^*_{L^{p+}}(G) \\twoheadrightarrow C^*_{L^{q+}}(G)$ is not injective. This\nreproves a result of Samei and Wiersma. We prove that under the additional\nassumptions that $G$ acts transitively on $T$ and that it has Tits'\nindependence property, the group $C^*$-algebras $C^*_{L^{p+}}(G)$ are the only\ngroup $C^*$-algebras coming from $G$-invariant ideals in the Fourier-Stieltjes\nalgebra $B(G)$. Additionally, we show that given a group $G$ as before, every\ngroup $C^*$-algebra $C^*_{\\mu}(G)$ that is distinguishable (as a group\n$C^*$-algebra) from the universal group $C^*$-algebra of $G$ and whose dual\nspace $C^*_\\mu(G)^*$ is a $G$-invariant ideal in $B(G)$ is abstractly\n${}^*$-isomorphic to the reduced group $C^*$-algebra of $G$.",
          "arxiv_id": "2011.11265v2"
        },
        {
          "title": "Banach algebras associated to twisted étale groupoids: simplicity and pure infiniteness",
          "year": "2024-06",
          "abstract": "We define reduced and essential Banach algebras associated to a twisted\n\\'{e}tale (not necessarily Hausdorff) groupoid $(\\mathcal{G},\\mathcal{L})$ and\nextend some fundamental results from $C^*$-algebras to this context. We prove\nthat for topologically free groupoids the associated essential Banach algebras\nhave the ideal interesection property, and thus such an algebra is simple if\nand only if the groupoid is minimal. We give conditions under which reduced\nalgebras are essential (for example Hausdorffness of $\\mathcal{G}$ is\nsufficient). This in particular solves the simplicity problem posed recently by\nGardella-Lupini for $L^p$-operator algebras associated to $\\mathcal{G}$. In\naddition, using either the $n$-filling or locally contracting condition we give\npure infiniteness criteria for essential simple Banach algebras associated to\n$(\\mathcal{G},\\mathcal{L})$. This extends the corresponding $C^*$-algebraic\nresults that were previously known to hold in the untwisted Hausdorff case. The\nresults work nicely, and allow for characterisation of the generalized\nintersection property, in the realm of $L^P$-operator algebras where $P\n\\subseteq [1,\\infty]$ is a non-empty set of parameters. Such algebras cover in\nparticular $L^p$-operator algebras, for $p\\in [1,\\infty]$, and their Banach\n$*$-algebra versions.\n  We apply our results to Banach algebra crossed products by twisted partial\ngroup actions, Roe-type Banach algebras with coefficients in finite-rank\noperators on a Banach space, twisted tight $L^P$-operator algebras of inverse\nsemigroups, graph $L^P$-operator algebras, and algebras associated to\nself-similar group actions on graphs. We also interpret our results in terms of\ntwisted inverse semigroup actions and their crossed products.",
          "arxiv_id": "2406.05717v2"
        }
      ],
      "1": [
        {
          "title": "On a generalisation of Local Uniform Rotundity",
          "year": "2020-01",
          "abstract": "In this paper we investigate the property (HLUR), a generalisation of (LUR)\nproperty of a Banach space. A Banach space having the property (HLUR) is called\nan HLUR space. We characterise (HLUR) property with the help of known geometric\nproperties and study various properties of HLUR spaces. We show that for any\nfinite dimensional Banach space, the property (HLUR) coincides with\nanti-Daugavet property of the space. We also show some applications of HLUR\nspaces in connection with farthest points of sets.",
          "arxiv_id": "2001.00696v3"
        },
        {
          "title": "Daugavet- and delta-points in Banach spaces with unconditional bases",
          "year": "2020-07",
          "abstract": "We study the existence of Daugavet- and delta-points in the unit sphere of\nBanach spaces with a $1$-unconditional basis. A norm one element $x$ in a\nBanach space is a Daugavet-point (resp. delta-point) if every element in the\nunit ball (resp. $x$ itself) is in the closed convex hull of unit ball elements\nthat are almost at distance $2$ from $x$. A Banach space has the Daugavet\nproperty (resp. diametral local diameter two property) if and only if every\nnorm one element is a Daugavet-point (resp. delta-point). It is well-known that\na Banach space with the Daugavet property does not have an unconditional basis.\nSimilarly spaces with the diametral local diameter two property do not have an\nunconditional basis with suppression unconditional constant strictly less than\n$2$.\n  We show that no Banach space with a subsymmetric basis can have delta-points.\nIn contrast we construct a Banach space with a $1$-unconditional basis with\ndelta-points, but with no Daugavet-points, and a Banach space with a\n$1$-unconditional basis with a unit ball in which the Daugavet-points are\nweakly dense.",
          "arxiv_id": "2007.04946v1"
        },
        {
          "title": "Continuous operators from spaces of Lipschitz functions",
          "year": "2024-05",
