{
  "topics": {
    "data": {
      "0": {
        "name": "0_information_entropy_data_learning",
        "keywords": [
          [
            "information",
            0.022727037573650216
          ],
          [
            "entropy",
            0.016392493153437215
          ],
          [
            "data",
            0.012182020156946614
          ],
          [
            "learning",
            0.010759506406310206
          ],
          [
            "Information",
            0.009229280571569923
          ],
          [
            "models",
            0.009150774414190111
          ],
          [
            "theory",
            0.008988086558538236
          ],
          [
            "model",
            0.00876595593897942
          ],
          [
            "measure",
            0.007566803944151175
          ],
          [
            "measures",
            0.00732411534154878
          ]
        ],
        "count": 2074
      },
      "1": {
        "name": "1_RIS_IRS_intelligent_surface",
        "keywords": [
          [
            "RIS",
            0.04064444690451877
          ],
          [
            "IRS",
            0.01992524989457159
          ],
          [
            "intelligent",
            0.013358271769621996
          ],
          [
            "surface",
            0.01186763538514789
          ],
          [
            "RISs",
            0.01143445087470169
          ],
          [
            "phase",
            0.011404140924207778
          ],
          [
            "Intelligent",
            0.010998539292783107
          ],
          [
            "channel",
            0.010887745000631789
          ],
          [
            "wireless",
            0.010598735986016608
          ],
          [
            "elements",
            0.01038664581788552
          ]
        ],
        "count": 1304
      },
      "2": {
        "name": "2_signal_matrix_recovery_sparse",
        "keywords": [
          [
            "signal",
            0.01778702963645983
          ],
          [
            "matrix",
            0.01739212436206716
          ],
          [
            "recovery",
            0.016315107946737004
          ],
          [
            "sparse",
            0.015838423964076347
          ],
          [
            "measurements",
            0.014338017204960042
          ],
          [
            "problem",
            0.011674473936603046
          ],
          [
            "rank",
            0.011184624366091349
          ],
          [
            "noise",
            0.01118137350679292
          ],
          [
            "signals",
            0.010842524811571302
          ],
          [
            "algorithm",
            0.010327503110807507
          ]
        ],
        "count": 958
      },
      "3": {
        "name": "3_codes_linear_code_dual",
        "keywords": [
          [
            "codes",
            0.07836704850001147
          ],
          [
            "linear",
            0.026200364206228177
          ],
          [
            "code",
            0.025259525457207003
          ],
          [
            "dual",
            0.01972691011551122
          ],
          [
            "linear codes",
            0.01766319402596514
          ],
          [
            "self",
            0.017461152336256426
          ],
          [
            "cyclic",
            0.017004848162902302
          ],
          [
            "MDS",
            0.015872736651452127
          ],
          [
            "distance",
            0.015181189667314273
          ],
          [
            "list",
            0.014494982484770632
          ]
        ],
        "count": 950
      },
      "4": {
        "name": "4_decoding_codes_polar_LDPC",
        "keywords": [
          [
            "decoding",
            0.042763195572063206
          ],
          [
            "codes",
            0.03517204066982696
          ],
          [
            "polar",
            0.02631215242278046
          ],
          [
            "LDPC",
            0.021576451139191915
          ],
          [
            "code",
            0.021349250402476393
          ],
          [
            "decoder",
            0.019189223262481372
          ],
          [
            "polar codes",
            0.017855764549847906
          ],
          [
            "error",
            0.01666599879150598
          ],
          [
            "performance",
            0.01510624827153603
          ],
          [
            "Codes",
            0.013536841605852324
          ]
        ],
        "count": 732
      },
      "5": {
        "name": "5_AoI_policy_age_Age",
        "keywords": [
          [
            "AoI",
            0.03873385927744095
          ],
          [
            "policy",
            0.02342452943136711
          ],
          [
            "age",
            0.02119481164799008
          ],
          [
            "Age",
            0.02018823508890174
          ],
          [
            "time",
            0.018605859365888575
          ],
          [
            "status",
            0.01838906201031804
          ],
          [
            "update",
            0.016837436082698984
          ],
          [
            "average",
            0.016446546947573044
          ],
          [
            "information",
            0.01531326264217697
          ],
          [
            "Information",
            0.014175760217372723
          ]
        ],
        "count": 582
      },
      "6": {
        "name": "6_FL_learning_Federated_federated",
        "keywords": [
          [
            "FL",
            0.03345635522237535
          ],
          [
            "learning",
            0.027465704849077975
          ],
          [
            "Federated",
            0.02090095287986781
          ],
          [
            "federated",
            0.01890468605507947
          ],
          [
            "model",
            0.017740011925130233
          ],
          [
            "aggregation",
            0.016683687411251872
          ],
          [
            "communication",
            0.016651011254024153
          ],
          [
            "edge",
            0.015652730567156842
          ],
          [
            "data",
            0.01536845079165483
          ],
          [
            "Learning",
            0.015143970416280508
          ]
        ],
        "count": 568
      },
      "7": {
        "name": "7_UAV_UAVs_aerial_ground",
        "keywords": [
          [
            "UAV",
            0.048793899024668685
          ],
          [
            "UAVs",
            0.021738366255073343
          ],
          [
            "aerial",
            0.019176150198993085
          ],
          [
            "ground",
            0.013960120103920637
          ],
          [
            "unmanned",
            0.011537391808406584
          ],
          [
            "network",
            0.01130573319150999
          ],
          [
            "trajectory",
            0.01121187771866651
          ],
          [
            "terrestrial",
            0.01105745347512859
          ],
          [
            "coverage",
            0.010268581581072632
          ],
          [
            "communication",
            0.010245734460967167
          ]
        ],
        "count": 539
      },
      "8": {
        "name": "8_beam_MIMO_field_near field",
        "keywords": [
          [
            "beam",
            0.02545356847464153
          ],
          [
            "MIMO",
            0.02223698055878395
          ],
          [
            "field",
            0.01994385243855315
          ],
          [
            "near field",
            0.0175903091901941
          ],
          [
            "near",
            0.016838882116203296
          ],
          [
            "channel",
            0.014690340985374667
          ],
          [
            "array",
            0.014438900215170315
          ],
          [
            "XL",
            0.012706934674700349
          ],
          [
            "beamforming",
            0.012327144586627358
          ],
          [
            "antenna",
            0.01122059527503338
          ]
        ],
        "count": 516
      },
      "9": {
        "name": "9_quantum_classical_Quantum_states",
        "keywords": [
          [
            "quantum",
            0.08703628460787828
          ],
          [
            "classical",
            0.028429486065862413
          ],
          [
            "Quantum",
            0.020502323679978316
          ],
          [
            "states",
            0.020481164946472376
          ],
          [
            "entanglement",
            0.019838534203042036
          ],
          [
            "state",
            0.016994249273248847
          ],
          [
            "information",
            0.014443470923577053
          ],
          [
            "channel",
            0.012870662603962394
          ],
          [
            "channels",
            0.011904881780011856
          ],
          [
            "quantum information",
            0.011481176772202069
          ]
        ],
        "count": 504
      },
      "10": {
        "name": "10_OTFS_Doppler_communication_frequency",
        "keywords": [
          [
            "OTFS",
            0.028457379345246683
          ],
          [
            "Doppler",
            0.020618887353147923
          ],
          [
            "communication",
            0.016026742759431112
          ],
          [
            "frequency",
            0.015461083054509798
          ],
          [
            "OFDM",
            0.014756409250534211
          ],
          [
            "domain",
            0.01328159095362742
          ],
          [
            "performance",
            0.01318619006157491
          ],
          [
            "radar",
            0.012614244296260992
          ],
          [
            "delay",
            0.012487290121964072
          ],
          [
            "DD",
            0.011648826691427215
          ]
        ],
        "count": 427
      },
      "11": {
        "name": "11_MEC_problem_offloading_network",
        "keywords": [
          [
            "MEC",
            0.014808790039269139
          ],
          [
            "problem",
            0.013611022115322474
          ],
          [
            "offloading",
            0.013230676582164364
          ],
          [
            "network",
            0.012204764526468518
          ],
          [
            "DRL",
            0.011919529533629458
          ],
          [
            "computing",
            0.011198643472004995
          ],
          [
            "algorithm",
            0.011179907448577567
          ],
          [
            "edge",
            0.01090266674891892
          ],
          [
            "optimization",
            0.010835897119695015
          ],
          [
            "learning",
            0.010630459999141157
          ]
        ],
        "count": 400
      },
      "12": {
        "name": "12_MIMO_massive_cell_Cell",
        "keywords": [
          [
            "MIMO",
            0.02656487710938392
          ],
          [
            "massive",
            0.019679473341231338
          ],
          [
            "cell",
            0.01842376622439359
          ],
          [
            "Cell",
            0.015287514646367725
          ],
          [
            "free",
            0.014674054719467327
          ],
          [
            "multiple",
            0.014524594898601136
          ],
          [
            "Massive",
            0.01443358918792154
          ],
          [
            "massive MIMO",
            0.0135050937923479
          ],
          [
            "power",
            0.013228400537741615
          ],
          [
            "CF",
            0.012920058035524831
          ]
        ],
        "count": 387
      },
      "13": {
        "name": "13_semantic_Semantic_communication_semantic communication",
        "keywords": [
          [
            "semantic",
            0.06744224592308116
          ],
          [
            "Semantic",
            0.024726690565260372
          ],
          [
            "communication",
            0.024016136350319687
          ],
          [
            "semantic communication",
            0.019902240026956557
          ],
          [
            "channel",
            0.016516187056445135
          ],
          [
            "image",
            0.01562698345554977
          ],
          [
            "source",
            0.015594237259695186
          ],
          [
            "transmission",
            0.01459994561269626
          ],
          [
            "information",
            0.013446564412396254
          ],
          [
            "semantic information",
            0.012961375084106327
          ]
        ],
        "count": 362
      },
      "14": {
        "name": "14_PIR_servers_scheme_secret",
        "keywords": [
          [
            "PIR",
            0.025639069375083774
          ],
          [
            "servers",
            0.02484426077047662
          ],
          [
            "scheme",
            0.01807226855768195
          ],
          [
            "secret",
            0.017353807920343963
          ],
          [
            "computation",
            0.01712258880239953
          ],
          [
            "schemes",
            0.016610448586450038
          ],
          [
            "private",
            0.01506687169873859
          ],
          [
            "information",
            0.014802105577106256
          ],
          [
            "Private",
            0.014624862812583753
          ],
          [
            "problem",
            0.01357388610686234
          ]
        ],
        "count": 359
      },
      "15": {
        "name": "15_secrecy_jamming_legitimate_IRS",
        "keywords": [
          [
            "secrecy",
            0.025717788433481256
          ],
          [
            "jamming",
            0.01454448265342868
          ],
          [
            "legitimate",
            0.014276472295965612
          ],
          [
            "IRS",
            0.013754221574190558
          ],
          [
            "secrecy rate",
            0.013175981331482567
          ],
          [
            "security",
            0.01263977225771959
          ],
          [
            "eavesdropper",
            0.012000241380539841
          ],
          [
            "rate",
            0.011225387192382214
          ],
          [
            "secure",
            0.010243543193698317
          ],
          [
            "covert",
            0.009480522677925738
          ]
        ],
        "count": 329
      },
      "16": {
        "name": "16_capacity_channel_Gaussian_region",
        "keywords": [
          [
            "capacity",
            0.024958176776672083
          ],
          [
            "channel",
            0.024691291834196605
          ],
          [
            "Gaussian",
            0.01460599986389904
          ],
          [
            "region",
            0.01395381747956583
          ],
          [
            "channels",
            0.013585699471553726
          ],
          [
            "rate",
            0.013286385791754191
          ],
          [
            "feedback",
            0.013237729782264939
          ],
          [
            "coding",
            0.01300799611611083
          ],
          [
            "state",
            0.012902603452665312
          ],
          [
            "covert",
            0.012270198581119144
          ]
        ],
        "count": 324
      },
      "17": {
        "name": "17_privacy_data_differential privacy_leakage",
        "keywords": [
          [
            "privacy",
            0.0706473085855812
          ],
          [
            "data",
            0.02466310696820741
          ],
          [
            "differential privacy",
            0.021088252202310746
          ],
          [
            "leakage",
            0.02103539464939513
          ],
          [
            "private",
            0.020910825986338477
          ],
          [
            "Privacy",
            0.0207431948279678
          ],
          [
            "utility",
            0.020740864144094696
          ],
          [
            "DP",
            0.019574887297690434
          ],
          [
            "information",
            0.01776929628909257
          ],
          [
            "differential",
            0.01758344647307961
          ]
        ],
        "count": 319
      },
      "18": {
        "name": "18_CSI_channel_feedback_MIMO",
        "keywords": [
          [
            "CSI",
            0.031631751046617744
          ],
          [
            "channel",
            0.02270088339133695
          ],
          [
            "feedback",
            0.022007651477639077
          ],
          [
            "MIMO",
            0.019384703999213118
          ],
          [
            "DL",
            0.016742423731677832
          ],
          [
            "learning",
            0.016097735165970687
          ],
          [
            "deep",
            0.015758177971186504
          ],
          [
            "neural",
            0.012694943068966747
          ],
          [
            "Deep",
            0.011987016912723046
          ],
          [
            "multiple",
            0.011974487528970384
          ]
        ],
        "count": 301
      },
      "19": {
        "name": "19_access_activity_detection_random access",
        "keywords": [
          [
            "access",
            0.02725784272116794
          ],
          [
            "activity",
            0.01967851558986841
          ],
          [
            "detection",
            0.019064660039596563
          ],
          [
            "random access",
            0.01764075538223254
          ],
          [
            "massive",
            0.0172745499475838
          ],
          [
            "active",
            0.016866595814348743
          ],
          [
            "grant",
            0.01554771800483016
          ],
          [
            "free",
            0.014002031025343606
          ],
          [
            "random",
            0.013848360624557004
          ],
          [
            "activity detection",
            0.013428122288009077
          ]
        ],
        "count": 298
      },
      "20": {
        "name": "20_DNA_storage_deletion_codes",
        "keywords": [
          [
            "DNA",
            0.06222169698905605
          ],
          [
            "storage",
            0.03160264843338864
          ],
          [
            "deletion",
            0.030346199415541515
          ],
          [
            "codes",
            0.026189193724768096
          ],
          [
            "correcting",
            0.02370946609150844
          ],
          [
            "errors",
            0.022274609721914522
          ],
          [
            "log",
            0.02191277766297595
          ],
          [
            "deletions",
            0.020605671106147253
          ],
          [
            "length",
            0.01792881855447067
          ],
          [
            "code",
            0.01778394779217498
          ]
        ],
        "count": 287
      },
      "21": {
        "name": "21_NOMA_RSMA_multiple access_access",
        "keywords": [
          [
            "NOMA",
            0.04619743615003032
          ],
          [
            "RSMA",
            0.025507348128314827
          ],
          [
            "multiple access",
            0.021230834397092828
          ],
          [
            "access",
            0.019062260465332267
          ],
          [
            "multiple",
            0.018649970667397937
          ],
          [
            "user",
            0.015825539593188106
          ],
          [
            "SIC",
            0.01381992578085914
          ],
          [
            "users",
            0.013565200835472975
          ],
          [
            "orthogonal multiple access",
            0.013000056448899922
          ],
          [
            "power",
            0.012914729163179373
          ]
        ],
        "count": 255
      },
      "22": {
        "name": "22_regret_arm_learning_policy",
        "keywords": [
          [
            "regret",
            0.02977818193545535
          ],
          [
            "arm",
            0.026972021978205564
          ],
          [
            "learning",
            0.019440262434257255
          ],
          [
            "policy",
            0.01901418368973637
          ],
          [
            "bandit",
            0.016288623597538056
          ],
          [
            "algorithm",
            0.015648684497498924
          ],
          [
            "arms",
            0.015048680111678508
          ],
          [
            "reward",
            0.014833150002581756
          ],
          [
            "bound",
            0.01360112406563299
          ],
          [
            "problem",
            0.013567914345859055
          ]
        ],
        "count": 211
      },
      "23": {
        "name": "23_optical_shaping_capacity_fiber",
        "keywords": [
          [
            "optical",
            0.02961912550304807
          ],
          [
            "shaping",
            0.029509585478810982
          ],
          [
            "capacity",
            0.019091400433337017
          ],
          [
            "fiber",
            0.018522478499783803
          ],
          [
            "noise",
            0.015863153341036978
          ],
          [
            "modulation",
            0.015810326201391743
          ],
          [
            "channel",
            0.015248309521230342
          ],
          [
            "nonlinear",
            0.014832144039748744
          ],
          [
            "Optical",
            0.013536809790769327
          ],
          [
            "constellation",
            0.012718073474062884
          ]
        ],
        "count": 195
      },
      "24": {
        "name": "24_functions_differential_APN_bent",
        "keywords": [
          [
            "functions",
            0.09667962055414214
          ],
          [
            "differential",
            0.06562020566960686
          ],
          [
            "APN",
            0.05839100715661951
          ],
          [
            "bent",
            0.05345644607521055
          ],
          [
            "uniformity",
            0.05321041776776183
          ],
          [
            "bent functions",
            0.034376582481383006
          ],
          [
            "function",
            0.0313097163904808
          ],
          [
            "permutation",
            0.025320914171085982
          ],
          [
            "permutations",
            0.025097804425221828
          ],
          [
            "finite",
            0.019198563869462486
          ]
        ],
        "count": 191
      },
      "25": {
        "name": "25_compression_distortion_rate distortion_image",
        "keywords": [
          [
            "compression",
            0.04966874630291877
          ],
          [
            "distortion",
            0.04296452350027793
          ],
          [
            "rate distortion",
            0.026549028264008727
          ],
          [
            "image",
            0.021711914243868622
          ],
          [
            "rate",
            0.02032001517359201
          ],
          [
            "source",
            0.017169853725117253
          ],
          [
            "perception",
            0.017140184814806864
          ],
          [
            "coding",
            0.014234774318757044
          ],
          [
            "function",
            0.013709696980014553
          ],
          [
            "Distortion",
            0.013156804779147343
          ]
        ],
        "count": 178
      },
      "26": {
        "name": "26_energy_power_SWIPT_EH",
        "keywords": [
          [
            "energy",
            0.0380439803404144
          ],
          [
            "power",
            0.028564752115419503
          ],
          [
            "SWIPT",
            0.02563742605750982
          ],
          [
            "EH",
            0.022568625285998373
          ],
          [
            "transfer",
            0.018912576288588927
          ],
          [
            "harvesting",
            0.017333416899340526
          ],
          [
            "power transfer",
            0.017077477065647027
          ],
          [
            "energy harvesting",
            0.015945800971813157
          ],
          [
            "wireless",
            0.014623373926083184
          ],
          [
            "information",
            0.012626404655863828
          ]
        ],
        "count": 167
      },
      "27": {
        "name": "27_codes_quantum_code_logical",
        "keywords": [
          [
            "codes",
            0.06048763741247535
          ],
          [
            "quantum",
            0.06001191704615493
          ],
          [
            "code",
            0.037410301404233924
          ],
          [
            "logical",
            0.028943285354681204
          ],
          [
            "CSS",
            0.02849581786123736
          ],
          [
            "error",
            0.02482085860253632
          ],
          [
            "stabilizer",
            0.024465634417635638
          ],
          [
            "quantum codes",
            0.02046779456652964
          ],
          [
            "qubits",
            0.019076429673184236
          ],
          [
            "Quantum",
            0.017377088396008534
          ]
        ],
        "count": 145
      },
      "28": {
        "name": "28_caching_coded caching_coded_cache",
        "keywords": [
          [
            "caching",
            0.07254936297117151
          ],
          [
            "coded caching",
            0.06017643299883242
          ],
          [
            "coded",
            0.05536043797243981
          ],
          [
            "cache",
            0.048966539118104065
          ],
          [
            "users",
            0.036653150365720956
          ],
          [
            "scheme",
            0.03290655536469049
          ],
          [
            "delivery",
            0.02955008343577316
          ],
          [
            "Caching",
            0.02713112353862468
          ],
          [
            "placement",
            0.026580254429485153
          ],
          [
            "Coded",
            0.026465277201765943
          ]
        ],
        "count": 143
      }
    },
    "correlations": [
      [
        1.0,
        -0.7521649203318186,
        -0.7099005692638729,
        -0.7192124629584529,
        -0.7219696827137314,
        -0.7100154189503707,
        -0.6973002358714994,
        -0.7611388436189133,
        -0.7426028259581077,
        -0.7203235695853618,
        -0.7432358737367841,
        -0.7441970738461539,
        -0.7469486079284109,
        -0.7302532071879009,
        -0.7151548906241307,
        -0.748505409842544,
        -0.7038241916872162,
        -0.6930753881656859,
        -0.6967130119343617,
        -0.7349961046716789,
        -0.7289708241207711,
        -0.7454992538389683,
        -0.7074684885443834,
        -0.7245838334641267,
        -0.7040210685677568,
        -0.6939407652938416,
        -0.7304529456741196,
        -0.713069613522427,
        -0.7239819817488258
      ],
      [
        -0.7521649203318186,
        1.0,
        -0.741606594888391,
        -0.7643825128525185,
        -0.7612046589519988,
        -0.7512348651598364,
        -0.7444236557902754,
        -0.7325138113961049,
        -0.6791248872859617,
        -0.7634099499691647,
        -0.7182818145656438,
        -0.6997736304113604,
        -0.6906901165511716,
        -0.745502647767983,
        -0.7538346556627034,
        -0.35828786343255875,
        -0.7151619514475622,
        -0.7611329055891362,
        -0.652913634285976,
        -0.7309988026638538,
        -0.7635817024093121,
        -0.6915199658745899,
        -0.7575145517358961,
        -0.7099395851124788,
        -0.7555845087380633,
        -0.7564496896395961,
        -0.6636813404160543,
        -0.7637019516862709,
        -0.7233103418313076
      ],
      [
        -0.7099005692638729,
        -0.741606594888391,
        1.0,
        -0.7415072068751771,
        -0.7485744918761905,
        -0.7507461889253917,
        -0.7379809915698212,
        -0.7602423854125637,
        -0.7363733371627113,
        -0.7552407197165347,
        -0.7322147894053206,
        -0.7500290078384257,
        -0.7438999889596989,
        -0.7551735677537768,
        -0.7525435445912093,
        -0.746405535124752,
        -0.7447353063303153,
        -0.7447532695036065,
        -0.7254398274719364,
        -0.7414335746957947,
        -0.7478230867221309,
        -0.7542375327455588,
        -0.7431866350829899,
        -0.6399017289950618,
        -0.7316884674122124,
        -0.7424021642598007,
        -0.7484844615861725,
        -0.7404140965277318,
        -0.7444739820055957
      ],
      [
        -0.7192124629584529,
        -0.7643825128525185,
        -0.7415072068751771,
        1.0,
        -0.3984149235034086,
        -0.7537882071682225,
        -0.7565869677775112,
        -0.7652631514256787,
        -0.7498281423611134,
        -0.7040376373313743,
        -0.7627311990117938,
        -0.7613617103746924,
        -0.7623373247698594,
        -0.7565858685222101,
        -0.7140938676982599,
        -0.7569522580884827,
        -0.7352014661502774,
        -0.7529436228370567,
        -0.7420632685562287,
        -0.7514010720189883,
        -0.49981116176641655,
        -0.758154250433774,
        -0.7316296496432972,
        -0.7503242946624589,
        -0.6768262393358422,
        -0.7424269028339088,
        -0.7528633206194754,
        -0.20341366698970925,
        -0.7469444699748768
      ],
      [
        -0.7219696827137314,
        -0.7612046589519988,
        -0.7485744918761905,
        -0.3984149235034086,
        1.0,
        -0.751322486252342,
        -0.7547529386264549,
        -0.7646996187291624,
        -0.7512412842774989,
        -0.7187478353555465,
        -0.7566722585255247,
        -0.7538379120362768,
        -0.7492868741677288,
        -0.7395841379318169,
        -0.7397997667484262,
        -0.7542481338909736,
        -0.6963429937379912,
        -0.7536017916441298,
        -0.7162222280450432,
        -0.7268124319846219,
        -0.575086817843224,
        -0.737759108493373,
        -0.7454823991493369,
        -0.7275532132565986,
        -0.7412739986085518,
        -0.7228743807428939,
        -0.7469428375458589,
        -0.36146105587382493,
        -0.7377635552626827
      ],
      [
        -0.7100154189503707,
        -0.7512348651598364,
        -0.7507461889253917,
        -0.7537882071682225,
        -0.751322486252342,
        1.0,
        -0.7358610722860731,
        -0.7504045360694049,
        -0.7532383607397317,
        -0.7526098594653399,
        -0.7398496461073627,
        -0.7115131411238147,
        -0.7546765833479785,
        -0.7402002754138078,
        -0.742870575903866,
        -0.751581349952666,
        -0.740296986202611,
        -0.7457126964921907,
        -0.7270855528709197,
        -0.7280229397367519,
        -0.755154556360697,
        -0.7326316857343084,
        -0.6889795347564756,
        -0.7502491792453309,
        -0.7409437869658646,
        -0.7473724005693307,
        -0.7126465689909469,
        -0.7506444805596704,
        -0.7283132413406157
      ],
      [
        -0.6973002358714994,
        -0.7444236557902754,
        -0.7379809915698212,
        -0.7565869677775112,
        -0.7547529386264549,
        -0.7358610722860731,
        1.0,
        -0.7492169782204979,
        -0.7417976085348208,
        -0.7547186648978919,
        -0.7480321171954358,
        -0.7291286081198404,
        -0.7493315209754323,
        -0.7288379427036425,
        -0.7360441200734744,
        -0.7510254387839812,
        -0.7328419815329201,
        -0.643601260609681,
        -0.7023493083184047,
        -0.7384750456594809,
        -0.7506544700218702,
        -0.743470059358561,
        -0.6870715831845424,
        -0.7491449040088323,
        -0.7385919904771419,
        -0.7160060427187368,
        -0.7274634117575918,
        -0.7507996240352524,
        -0.727748653403729
      ],
      [
        -0.7611388436189133,
        -0.7325138113961049,
        -0.7602423854125637,
        -0.7652631514256787,
        -0.7646996187291624,
        -0.7504045360694049,
        -0.7492169782204979,
        1.0,
        -0.7535106584430662,
        -0.7638290745737819,
        -0.7436738738805904,
        -0.7114874735622985,
        -0.7470580943735448,
        -0.7561494728608955,
        -0.7588614116611495,
        -0.7223090319016356,
        -0.7495403560557696,
        -0.759832470034471,
        -0.7432291528759214,
        -0.7484677854862456,
        -0.763808729261365,
        -0.7323670421333749,
        -0.7597148224031358,
        -0.7557770192782542,
        -0.762395584046081,
        -0.7611857848219157,
        -0.7249159906964262,
        -0.7649834156250395,
        -0.7447338697341084
      ],
      [
        -0.7426028259581077,
        -0.6791248872859617,
        -0.7363733371627113,
        -0.7498281423611134,
        -0.7512412842774989,
        -0.7532383607397317,
        -0.7417976085348208,
        -0.7535106584430662,
        1.0,
        -0.7542940998928096,
        -0.7071796300037267,
        -0.7370050596499544,
        -0.19094638049068105,
        -0.741085639309891,
        -0.7463914168158349,
        -0.7132117863749957,
        -0.7010327408168596,
        -0.7557109996707092,
        -0.4163298783745958,
        -0.721378414653514,
        -0.7600075397021504,
        -0.7326859550337017,
        -0.7478241407461478,
        -0.7195529900009672,
        -0.746113854358429,
        -0.7481195080598191,
        -0.7169159464486323,
        -0.7529612265246467,
        -0.7213701157276913
      ],
      [
        -0.7203235695853618,
        -0.7634099499691647,
        -0.7552407197165347,
        -0.7040376373313743,
        -0.7187478353555465,
        -0.7526098594653399,
        -0.7547186648978919,
        -0.7638290745737819,
        -0.7542940998928096,
        1.0,
        -0.7615070749385475,
        -0.7612313625225171,
        -0.7594472248090012,
        -0.753203601812052,
        -0.7437379384069992,
        -0.7559316702232604,
        -0.7149176595172084,
        -0.7467653686169553,
        -0.7404035281418653,
        -0.7550199205123922,
        -0.7322731021322223,
        -0.7584224341396683,
        -0.7443530410820078,
        -0.7493269262339296,
        -0.7426067297219145,
        -0.7413951978060551,
        -0.7568287615157361,
        -0.38244348115137394,
        -0.7587101094249171
      ],
      [
        -0.7432358737367841,
        -0.7182818145656438,
        -0.7322147894053206,
        -0.7627311990117938,
        -0.7566722585255247,
        -0.7398496461073627,
        -0.7480321171954358,
        -0.7436738738805904,
        -0.7071796300037267,
        -0.7615070749385475,
        1.0,
        -0.7288863714575375,
        -0.6992618992734922,
        -0.7133350485894145,
        -0.7559729889194946,
        -0.7301827046081956,
        -0.7243889413444451,
        -0.75297889667652,
        -0.6808384494307482,
        -0.7281623234303685,
        -0.7638567897295603,
        -0.7263409351751097,
        -0.7555855387932617,
        -0.7238359889983024,
        -0.7467248271918967,
        -0.7491739492511571,
        -0.7203807436822618,
        -0.7562670959667074,
        -0.7454241473003325
      ],
      [
        -0.7441970738461539,
        -0.6997736304113604,
        -0.7500290078384257,
        -0.7613617103746924,
        -0.7538379120362768,
        -0.7115131411238147,
        -0.7291286081198404,
        -0.7114874735622985,
        -0.7370050596499544,
        -0.7612313625225171,
        -0.7288863714575375,
        1.0,
        -0.7303853768541861,
        -0.7330306774716533,
        -0.7395776580778295,
        -0.7179775011815712,
        -0.7431592915118606,
        -0.7450341063066224,
        -0.7135287005781802,
        -0.7205064096129552,
        -0.7633841786202709,
        -0.6996928227165753,
        -0.7198864347218985,
        -0.7472082258750454,
        -0.7504533309242176,
        -0.7451131030811224,
        -0.6788551067102018,
        -0.7604132722551478,
        -0.6995756704074986
      ],
      [
        -0.7469486079284109,
        -0.6906901165511716,
        -0.7438999889596989,
        -0.7623373247698594,
        -0.7492868741677288,
        -0.7546765833479785,
        -0.7493315209754323,
        -0.7470580943735448,
        -0.19094638049068105,
        -0.7594472248090012,
        -0.6992618992734922,
        -0.7303853768541861,
        1.0,
        -0.7449936726622939,
        -0.750380545805061,
        -0.725322381655664,
        -0.6990279253903822,
        -0.7586663995059082,
        -0.325027150497848,
        -0.6940236929216246,
        -0.7632430594286979,
        -0.7284460291867247,
        -0.7516374169286681,
        -0.7244740645251614,
        -0.7508150711147967,
        -0.7449698580468174,
        -0.7084229970345195,
        -0.7608399559139356,
        -0.7053651993272234
      ],
      [
        -0.7302532071879009,
        -0.745502647767983,
        -0.7551735677537768,
        -0.7565858685222101,
        -0.7395841379318169,
        -0.7402002754138078,
        -0.7288379427036425,
        -0.7561494728608955,
        -0.741085639309891,
        -0.753203601812052,
        -0.7133350485894145,
        -0.7330306774716533,
        -0.7449936726622939,
        1.0,
        -0.7500499251653476,
        -0.7406129095658075,
        -0.6995846274920061,
        -0.7389831780754439,
        -0.7113001579898981,
        -0.7469234074301474,
        -0.7612364978498524,
        -0.7404473182069435,
        -0.7493607980048393,
        -0.7364317369577353,
        -0.7530453827564665,
        -0.6989495270941157,
        -0.7431387039951359,
        -0.7523730945739606,
        -0.7392444787035057
      ],
      [
        -0.7151548906241307,
        -0.7538346556627034,
        -0.7525435445912093,
        -0.7140938676982599,
        -0.7397997667484262,
        -0.742870575903866,
        -0.7360441200734744,
        -0.7588614116611495,
        -0.7463914168158349,
        -0.7437379384069992,
        -0.7559729889194946,
        -0.7395776580778295,
        -0.750380545805061,
        -0.7500499251653476,
        1.0,
        -0.7390441161496943,
        -0.7133663341653247,
        -0.6780899021002212,
        -0.7382201188891206,
        -0.7336163118935408,
        -0.7304723608462739,
        -0.7446073048704547,
        -0.7428919040684441,
        -0.7429716614749435,
        -0.7473274000219258,
        -0.7485985369698607,
        -0.7491567344721883,
        -0.7256829917914893,
        -0.5412004666498342
      ],
      [
        -0.748505409842544,
        -0.35828786343255875,
        -0.746405535124752,
        -0.7569522580884827,
        -0.7542481338909736,
