{
  "topics": {
    "data": {
      "0": {
        "name": "0_algebra_theory_algebras_Lie",
        "keywords": [
          [
            "algebra",
            0.017864291947764614
          ],
          [
            "theory",
            0.017319328865574243
          ],
          [
            "algebras",
            0.01698139666407715
          ],
          [
            "Lie",
            0.013034595096275083
          ],
          [
            "theories",
            0.01115006724524409
          ],
          [
            "gauge",
            0.011128586289040815
          ],
          [
            "space",
            0.00997579539266842
          ],
          [
            "quantum",
            0.009102256987900216
          ],
          [
            "field",
            0.008777782558047066
          ],
          [
            "group",
            0.008492378323013087
          ]
        ],
        "count": 3892
      },
      "1": {
        "name": "1_equations_solutions_equation_model",
        "keywords": [
          [
            "equations",
            0.018134099395431296
          ],
          [
            "solutions",
            0.015518701297819217
          ],
          [
            "equation",
            0.01318185328227083
          ],
          [
            "model",
            0.013175016387189839
          ],
          [
            "flow",
            0.012429395626938568
          ],
          [
            "fluid",
            0.012153670570556559
          ],
          [
            "boundary",
            0.011762387944213495
          ],
          [
            "problem",
            0.011623443185005114
          ],
          [
            "time",
            0.010845314701658641
          ],
          [
            "Stokes",
            0.010718994512240353
          ]
        ],
        "count": 1792
      },
      "2": {
        "name": "2_spacetime_black_field_Einstein",
        "keywords": [
          [
            "spacetime",
            0.021122601915064366
          ],
          [
            "black",
            0.018795962329839985
          ],
          [
            "field",
            0.015903225005727228
          ],
          [
            "Einstein",
            0.015546895486847854
          ],
          [
            "spacetimes",
            0.01498092981639179
          ],
          [
            "gravity",
            0.014185254047934229
          ],
          [
            "scalar",
            0.01415258992759206
          ],
          [
            "hole",
            0.013353724705373661
          ],
          [
            "black hole",
            0.013279280492113488
          ],
          [
            "gravitational",
            0.012677565471667896
          ]
        ],
        "count": 1636
      },
      "3": {
        "name": "3_model_random_time_process",
        "keywords": [
          [
            "model",
            0.019017000336243685
          ],
          [
            "random",
            0.018681162494328458
          ],
          [
            "time",
            0.014316229805649906
          ],
          [
            "process",
            0.01295136447985863
          ],
          [
            "percolation",
            0.012240478683023713
          ],
          [
            "critical",
            0.011823529830384955
          ],
          [
            "models",
            0.010540966201769957
          ],
          [
            "limit",
            0.010032435951303346
          ],
          [
            "large",
            0.009198057947866625
          ],
          [
            "Brownian",
            0.008931960027885035
          ]
        ],
        "count": 1596
      },
      "4": {
        "name": "4_operators_operator_potentials_magnetic",
        "keywords": [
          [
            "operators",
            0.030488194201120863
          ],
          [
            "operator",
            0.02293535738183225
          ],
          [
            "potentials",
            0.017674595980995182
          ],
          [
            "magnetic",
            0.015840272538682736
          ],
          [
            "potential",
            0.014752287914308427
          ],
          [
            "spectral",
            0.01358684938828941
          ],
          [
            "eigenvalues",
            0.013352996694583607
          ],
          [
            "spectrum",
            0.012451007530420891
          ],
          [
            "Dirac",
            0.011297489384470907
          ],
          [
            "Schrödinger",
            0.010990001076410497
          ]
        ],
        "count": 1017
      },
      "5": {
        "name": "5_quantum_states_entanglement_state",
        "keywords": [
          [
            "quantum",
            0.05416880218498287
          ],
          [
            "states",
            0.02773683827734824
          ],
          [
            "entanglement",
            0.019445299949974737
          ],
          [
            "state",
            0.017592289386077986
          ],
          [
            "information",
            0.01685532651738693
          ],
          [
            "channels",
            0.013910874253160269
          ],
          [
            "channel",
            0.013070818062830662
          ],
          [
            "entropy",
            0.012494142733599294
          ],
          [
            "qubit",
            0.011979837266473177
          ],
          [
            "Quantum",
            0.011618997519699472
          ]
        ],
        "count": 954
      },
      "6": {
        "name": "6_hierarchy_equations_Toda_integrable",
        "keywords": [
          [
            "hierarchy",
            0.02070395472654793
          ],
          [
            "equations",
            0.020240480440928688
          ],
          [
            "Toda",
            0.019216245757573962
          ],
          [
            "integrable",
            0.019204425183549385
          ],
          [
            "systems",
            0.01856197423216848
          ],
          [
            "equation",
            0.017320559911205166
          ],
          [
            "Hamiltonian",
            0.014549818348046532
          ],
          [
            "solutions",
            0.013892392070882845
          ],
          [
            "non",
            0.01235799539978801
          ],
          [
            "type",
            0.010731314765665497
          ]
        ],
        "count": 782
      },
      "7": {
        "name": "7_systems_equations_Hamiltonian_problem",
        "keywords": [
          [
            "systems",
            0.022043292314269415
          ],
          [
            "equations",
            0.020581153666741417
          ],
          [
            "Hamiltonian",
            0.018808140903175053
          ],
          [
            "problem",
            0.016071857972622183
          ],
          [
            "body",
            0.01505286060182512
          ],
          [
            "Lagrangian",
            0.014040772544893785
          ],
          [
            "symmetries",
            0.013112935672922656
          ],
          [
            "Lie",
            0.012354709267922915
          ],
          [
            "motion",
            0.011878646645998733
          ],
          [
            "space",
            0.011633301953713268
          ]
        ],
        "count": 765
      },
      "8": {
        "name": "8_random_matrices_matrix_ensemble",
        "keywords": [
          [
            "random",
            0.035748479262761736
          ],
          [
            "matrices",
            0.03343572923677317
          ],
          [
            "matrix",
            0.026295038687612116
          ],
          [
            "ensemble",
            0.020748443655983134
          ],
          [
            "ensembles",
            0.02022124083285804
          ],
          [
            "random matrices",
            0.01651182556668441
          ],
          [
            "random matrix",
            0.015140542883111134
          ],
          [
            "Gaussian",
            0.015037286988402496
          ],
          [
            "moments",
            0.014688753671561207
          ],
          [
            "eigenvalue",
            0.01434533158055988
          ]
        ],
        "count": 642
      },
      "9": {
        "name": "9_equation_solutions_nonlinear_soliton",
        "keywords": [
          [
            "equation",
            0.041230042524828
          ],
          [
            "solutions",
            0.032019418882575375
          ],
          [
            "nonlinear",
            0.030776145763903175
          ],
          [
            "soliton",
            0.029565034114962054
          ],
          [
            "problem",
            0.01891608087203494
          ],
          [
            "solution",
            0.01712001415798159
          ],
          [
            "wave",
            0.01690934390258951
          ],
          [
            "solitons",
            0.015009500258824525
          ],
          [
            "equations",
            0.014529374259387634
          ],
          [
            "NLS",
            0.013865485804401126
          ]
        ],
        "count": 573
      },
      "10": {
        "name": "10_wave_scattering_problem_frequency",
        "keywords": [
          [
            "wave",
            0.02030863068057536
          ],
          [
            "scattering",
            0.019905948384599824
          ],
          [
            "problem",
            0.016068720466437883
          ],
          [
            "frequency",
            0.014341650369152973
          ],
          [
            "method",
            0.014147183698705964
          ],
          [
            "waves",
            0.01286271400233122
          ],
          [
            "field",
            0.012379492308623173
          ],
          [
            "media",
            0.011169878779576706
          ],
          [
            "time",
            0.010882952719476488
          ],
          [
            "numerical",
            0.01087005914257736
          ]
        ],
        "count": 381
      },
      "11": {
        "name": "11_Bose_energy_density_ground",
        "keywords": [
          [
            "Bose",
            0.031076731144377003
          ],
          [
            "energy",
            0.025586574769545234
          ],
          [
            "density",
            0.02221537808119732
          ],
          [
            "ground",
            0.01993265626762099
          ],
          [
            "gas",
            0.019333927105946905
          ],
          [
            "state",
            0.01910511802122733
          ],
          [
            "ground state",
            0.01844258547342121
          ],
          [
            "body",
            0.017072923230647206
          ],
          [
            "Hartree",
            0.014846873439138675
          ],
          [
            "state energy",
            0.014061609919862267
          ]
        ],
        "count": 369
      },
      "12": {
        "name": "12_quantum_systems_dynamics_time",
        "keywords": [
          [
            "quantum",
            0.042724886355535105
          ],
          [
            "systems",
            0.025246121820074338
          ],
          [
            "dynamics",
            0.020865844647921915
          ],
          [
            "time",
            0.019964827473673393
          ],
          [
            "state",
            0.015465617881476485
          ],
          [
            "local",
            0.014881761464001123
          ],
          [
            "states",
            0.014005126564182707
          ],
          [
            "body",
            0.013913395893531145
          ],
          [
            "quantum systems",
            0.013760307158515126
          ],
          [
            "entanglement",
            0.012775323742756108
          ]
        ],
        "count": 345
      },
      "13": {
        "name": "13_topological_edge_bulk_Hermitian",
        "keywords": [
          [
            "topological",
            0.04408928887904434
          ],
          [
            "edge",
            0.026709000376667114
          ],
          [
            "bulk",
            0.022147870989334992
          ],
          [
            "Hermitian",
            0.02149681641593425
          ],
          [
            "band",
            0.02117605446015641
          ],
          [
            "non",
            0.019863452985138523
          ],
          [
            "insulators",
            0.01782640926339702
          ],
          [
            "systems",
            0.015669323188196718
          ],
          [
            "states",
            0.01533165074560273
          ],
          [
            "topology",
            0.014685778724605993
          ]
        ],
        "count": 317
      },
      "14": {
        "name": "14_topological_symmetry_phases_lattice",
        "keywords": [
          [
            "topological",
            0.03947532012875779
          ],
          [
            "symmetry",
            0.039237363075894774
          ],
          [
            "phases",
            0.029496335966867012
          ],
          [
            "lattice",
            0.020062691300126737
          ],
          [
            "quantum",
            0.017669688335448932
          ],
          [
            "models",
            0.016311159538411127
          ],
          [
            "symmetries",
            0.016232047638231537
          ],
          [
            "model",
            0.014821041227761182
          ],
          [
            "theory",
            0.014396803699673279
          ],
          [
            "states",
            0.013702180936809584
          ]
        ],
        "count": 305
      },
      "15": {
        "name": "15_graphs_graph_quantum_quantum graphs",
        "keywords": [
          [
            "graphs",
            0.06215521297348745
          ],
          [
            "graph",
            0.04834980032268574
          ],
          [
            "quantum",
            0.0407199690178906
          ],
          [
            "quantum graphs",
            0.02878903176994271
          ],
          [
            "walk",
            0.028518109529584595
          ],
          [
            "walks",
            0.024989918444055226
          ],
          [
            "quantum walks",
            0.02227915055622258
          ],
          [
            "quantum walk",
            0.021527018617437152
          ],
          [
            "periodic",
            0.016736650721773823
          ],
          [
            "spectral",
            0.016683006572972205
          ]
        ],
        "count": 179
      }
    },
    "correlations": [
      [
        1.0,
        -0.6696714729459071,
        -0.6844283197304936,
        -0.2405208700547402,
        -0.32562920052879935,
        -0.6751375320239745,
        -0.6584120587106757,
        -0.661353290838675,
        -0.673225541513027,
        -0.6965749916950777,
        -0.6939933357400236,
        -0.6005007125982353,
        -0.6639312703935665,
        -0.6934212608276697,
        -0.6856655654039894,
        -0.7205707397885033
      ],
      [
        -0.6696714729459071,
        1.0,
        -0.6822390790056863,
        -0.6549161862205697,
        -0.66997088126397,
        -0.7374632156715554,
        -0.4553415791368003,
        -0.35064186386559926,
        -0.7073915795641118,
        -0.333172115529612,
        -0.6707393396388068,
        -0.6824958247736101,
        -0.6861005540024507,
        -0.7385674381876217,
        -0.7313525615022164,
        -0.7487929836448897
      ],
      [
        -0.6844283197304936,
        -0.6822390790056863,
        1.0,
        -0.6864425084039231,
        -0.7020654017735233,
        -0.7415948131168378,
        -0.6907206017063494,
        -0.7010319416640165,
        -0.7163654311479171,
        -0.7211528395337914,
        -0.6692439114176112,
        -0.7054502267046951,
        -0.7095348048672498,
        -0.7425856547429288,
        -0.7371865972537353,
        -0.7572093476600886
      ],
      [
        -0.2405208700547402,
        -0.6549161862205697,
        -0.6864425084039231,
        1.0,
        -0.20494550680446338,
        -0.6913716207315452,
        -0.6602215794748523,
        -0.6659551375315158,
        -0.5472441122369998,
        -0.6749894783993206,
        -0.6844749670594481,
        -0.4624216816463622,
        -0.6419048526493725,
        -0.6926658342349812,
        -0.6946544792030397,
        -0.6903388896207328
      ],
      [
        -0.32562920052879935,
        -0.66997088126397,
        -0.7020654017735233,
        -0.20494550680446338,
        1.0,
        -0.6830833544790667,
        -0.6657001429972083,
        -0.672869757609048,
        -0.6071857312737289,
        -0.6125563425749261,
        -0.6814488191096588,
        -0.5023706786522122,
        -0.6596507200495973,
        -0.7028762112364781,
        -0.7134051107189741,
        -0.7068661350401039
      ],
      [
        -0.6751375320239745,
        -0.7374632156715554,
        -0.7415948131168378,
        -0.6913716207315452,
        -0.6830833544790667,
        1.0,
        -0.7216527448098615,
        -0.712947298206766,
        -0.7116247090604189,
        -0.7354073576467195,
        -0.7472280160388374,
        -0.706492275457666,
        -0.3773853358537066,
        -0.7204532007415634,
        -0.7090197532522138,
        -0.6448021603315436
      ],
      [
        -0.6584120587106757,
        -0.4553415791368003,
        -0.6907206017063494,
        -0.6602215794748523,
        -0.6657001429972083,
        -0.7216527448098615,
        1.0,
        -0.3123658921866611,
        -0.7006090929893342,
        -0.4936979204550762,
        -0.6796140847061087,
        -0.6870302988410244,
        -0.5628190602890195,
        -0.732159083554667,
        -0.7258927086655204,
        -0.7481962335665189
      ],
      [
        -0.661353290838675,
        -0.35064186386559926,
        -0.7010319416640165,
        -0.6659551375315158,
        -0.672869757609048,
        -0.712947298206766,
        -0.3123658921866611,
        1.0,
        -0.7082430400367137,
        -0.683960019803363,
        -0.6930455180473135,
        -0.6841465402128586,
        -0.5601981086985259,
        -0.7256692877746188,
        -0.722558850247642,
        -0.7448092634814407
      ],
      [
        -0.673225541513027,
        -0.7073915795641118,
        -0.7163654311479171,
        -0.5472441122369998,
        -0.6071857312737289,
        -0.7116247090604189,
        -0.7006090929893342,
        -0.7082430400367137,
        1.0,
        -0.7261312172239789,
        -0.6878479618476303,
        -0.5858446471394845,
        -0.6878766316117848,
        -0.7087932966410491,
        -0.7412967629133103,
        -0.7197790369652304
      ],
      [
        -0.6965749916950777,
        -0.333172115529612,
        -0.7211528395337914,
        -0.6749894783993206,
        -0.6125563425749261,
        -0.7354073576467195,
        -0.4936979204550762,
        -0.683960019803363,
        -0.7261312172239789,
        1.0,
        -0.7189628508095345,
        -0.700431941563919,
        -0.703202335787363,
        -0.7412240242808674,
        -0.7418627757652355,
        -0.748155578642865
      ],
      [
        -0.6939933357400236,
        -0.6707393396388068,
        -0.6692439114176112,
        -0.6844749670594481,
        -0.6814488191096588,
        -0.7472280160388374,
        -0.6796140847061087,
        -0.6930455180473135,
        -0.6878479618476303,
        -0.7189628508095345,
        1.0,
        -0.6848538101033989,
        -0.7094998876534193,
        -0.7449866141310636,
        -0.7495413990502084,
        -0.7548831945256793
      ],
      [
        -0.6005007125982353,
        -0.6824958247736101,
        -0.7054502267046951,
        -0.4624216816463622,
        -0.5023706786522122,
        -0.706492275457666,
        -0.6870302988410244,
        -0.6841465402128586,
        -0.5858446471394845,
        -0.700431941563919,
        -0.6848538101033989,
        1.0,
        -0.6668961399994293,
        -0.7215114470456263,
        -0.7216809403307567,
        -0.7333751566273774
      ],
      [
        -0.6639312703935665,
        -0.6861005540024507,
        -0.7095348048672498,
        -0.6419048526493725,
        -0.6596507200495973,
        -0.3773853358537066,
        -0.5628190602890195,
        -0.5601981086985259,
        -0.6878766316117848,
        -0.703202335787363,
        -0.7094998876534193,
        -0.6668961399994293,
        1.0,
        -0.7118584462445661,
        -0.7171022342332416,
        -0.6569086201177146
      ],
      [
        -0.6934212608276697,
        -0.7385674381876217,
        -0.7425856547429288,
        -0.6926658342349812,
        -0.7028762112364781,
        -0.7204532007415634,
        -0.732159083554667,
        -0.7256692877746188,
        -0.7087932966410491,
        -0.7412240242808674,
        -0.7449866141310636,
        -0.7215114470456263,
        -0.7118584462445661,
        1.0,
        -0.47910383575328797,
        -0.7308297415597066
      ],
      [
        -0.6856655654039894,
        -0.7313525615022164,
        -0.7371865972537353,
        -0.6946544792030397,
        -0.7134051107189741,
        -0.7090197532522138,
        -0.7258927086655204,
        -0.722558850247642,
        -0.7412967629133103,
        -0.7418627757652355,
        -0.7495413990502084,
        -0.7216809403307567,
        -0.7171022342332416,
        -0.47910383575328797,
        1.0,
        -0.7408543027863159
      ],
      [
        -0.7205707397885033,
        -0.7487929836448897,
        -0.7572093476600886,
        -0.6903388896207328,
        -0.7068661350401039,
        -0.6448021603315436,
        -0.7481962335665189,
        -0.7448092634814407,
        -0.7197790369652304,
        -0.748155578642865,
        -0.7548831945256793,
        -0.7333751566273774,
        -0.6569086201177146,
        -0.7308297415597066,
        -0.7408543027863159,
        1.0
      ]
    ],
    "series": {
      "2020-01": [
        97,
        3,
        4,
        20,
        22,
        13,
        4,
        13,
        7,
        28,
        4,
        20,
        23,
        10,
        6,
        9
      ],
      "2020-02": [
        122,
        3,
        4,
        13,
        23,
        16,
        4,
        15,
        14,
        30,
        3,
        21,
        23,
        10,
        2,
        10
      ],
      "2020-03": [
        125,
        6,
        5,
        22,
        31,
        31,
        6,
        24,
        16,
        28,
        3,
        28,
        21,
        12,
        10,
        16
      ],
      "2020-04": [
        134,
        4,
        8,
        23,
        31,
        24,
        6,
        9,
        11,
        30,
        3,
        20,
        23,
        13,
        9,
        8
      ],
      "2020-05": [
        133,
        6,
        10,
        18,
        25,
        17,
        8,
        6,
        20,
        36,
        1,
        26,
        12,
        8,
        11,
        11
      ],
      "2020-06": [
        135,
        3,
        7,
        18,
        44,
        28,
        10,
        19,
        14,
        34,
        2,
        12,
        24,
        11,
        9,
        15
      ],
      "2020-07": [
        141,
        6,
        9,
        31,
        26,
        18,
        7,
        13,
        15,
        29,
        2,
        29,
        17,
        11,
        14,
        16
      ],
      "2020-08": [
        125,
        6,
        5,
        13,
        25,
        30,
        4,
        15,
        22,
        31,
        2,
        19,
        20,
        15,
        8,
        20
      ],
      "2020-09": [
        123,
        7,
        9,
        17,
        27,
        29,
        7,
        14,
        16,
        30,
        0,
        12,
        17,
        13,
        9,
        10
      ],
      "2020-10": [
        133,
        8,
        10,
        14,
        29,
        28,
        8,
        8,
        23,
        31,
        3,
        17,
        20,
        18,
        10,
        13
      ],
      "2020-11": [
        145,
        8,
        2,
        29,
        23,
        30,
        7,
        12,
        19,
        18,
        0,
        20,
        17,
        7,
        14,
        13
      ],
      "2020-12": [
        158,
        5,
        6,
        24,
        34,
        31,
        4,
        10,
        19,
        23,
        3,
        25,
        20,
        16,
        11,
        16
      ],
      "2021-01": [
        107,
        5,
        8,
        25,
        26,
        23,
        7,
        12,
        12,
        19,
        0,
        18,
        21,
        11,
        10,
        9
      ],
      "2021-02": [
        103,
        6,
        10,
        17,
        30,
        25,
        6,
        8,
        9,
        22,
        0,
        23,
        21,
        11,
        8,
        15
      ],
      "2021-03": [
        149,
        4,
        3,
        17,
        29,
        28,
        7,
        20,
        19,
        42,
        2,
        11,
        23,
        10,
        7,
        10
      ],
      "2021-04": [
        131,
        3,
        6,
        25,
        30,
        31,
        6,
        15,
        15,
        34,
        3,
        15,
        22,
        15,
        6,
        9
      ],
      "2021-05": [
        106,
        7,
        10,
        15,
        29,
        34,
        6,
        7,
        15,
        26,
        2,
        19,
        15,
        13,
        9,
        13
      ],
      "2021-06": [
        120,
        8,
        6,
        16,
        25,
        18,
        3,
        17,
        27,
        25,
        2,
        26,
        14,
        16,
        17,
        8
      ],
      "2021-07": [
        134,
        6,
        13,
        18,
        24,
        30,
        3,
        14,
        16,
        31,
        1,
        22,
        17,
        19,
        13,
        15
      ],
      "2021-08": [
        137,
        7,
        14,
        19,
        28,
        24,
        6,
        9,
        16,
        23,
        4,
        15,
        22,
        10,
        6,
        12
      ],
      "2021-09": [
        131,
        4,
        5,
        11,
        29,
        17,
        10,
        21,
        19,
        37,
        1,
        9,
        18,
        8,
        19,
        15
      ],
      "2021-10": [
        110,
        5,
        3,
        15,
        21,
        22,
        9,
        13,
        18,
        17,
        5,
        13,
        15,
        10,
        12,
        13
      ],
      "2021-11": [
        137,
        6,
        6,
        19,
        21,
        33,
        8,
        12,
        13,
        27,
        0,
        19,
        14,
        11,
        11,
        15
      ],
      "2021-12": [
        148,
        7,
        11,
        22,
        31,
        31,
        3,
        7,
        22,
        39,
        4,
        24,
        17,
        15,
        16,
        14
      ],
      "2022-01": [
        113,
        8,
        5,
        12,
        22,
        19,
        8,
        7,
        18,
        36,
        2,
        14,
        26,
        14,
        8,
        11
      ],
      "2022-02": [
        125,
        4,
        4,
        19,
        27,
        24,
        5,
        6,
        13,
        33,
        1,
        20,
        17,
        7,
        13,
        10
      ],
      "2022-03": [
        135,
        9,
        11,
        24,
        34,
        20,
        10,
        7,
        15,
        20,
        5,
        29,
        21,
        16,
        8,
        16
      ],
      "2022-04": [
        112,
        5,
        6,
        19,
        22,
        33,
        6,
        12,
        10,
        25,
        4,
        15,
        27,
        9,
        5,
        11
      ],
      "2022-05": [
        121,
        2,
        5,
        14,
        23,
        25,
        4,
        13,
        15,
        33,
        3,
        18,
        15,
        11,
        12,
        9
      ],
      "2022-06": [
        123,
        9,
        14,
        20,
        33,
        12,
        3,
        17,
        21,
        31,
        2,
        17,
        21,
        14,
        10,
        13
      ],
      "2022-07": [
        121,
        4,
        10,
        8,
        29,
        18,
        4,
        11,
        16,
        24,
        3,
        27,
        23,
        10,
        7,
        15
      ],
      "2022-08": [
        124,
        8,
        7,
        15,
        30,
        23,
        5,
        17,
        14,
        22,
        0,
        19,
        26,
        8,
        9,
        14
      ],
      "2022-09": [
        125,
        4,
        12,
        16,
        23,
        44,
        4,
        13,
        13,
        23,
        0,
        18,
        25,
        11,
        7,
        12
      ],
      "2022-10": [
        114,
        11,
        9,
        22,
        27,
        34,
        7,
        20,
        20,
        28,
        3,
        23,
        18,
        14,
        15,
        12
      ],
      "2022-11": [
        130,
        10,
        14,
        29,
        31,
        29,
        12,
        13,
        12,
        37,
        4,
        20,
        9,
        14,
        11,
        16
      ],
      "2022-12": [
        167,
        2,
        14,
        22,
        30,
        27,
        11,
        15,
        15,
        37,
        1,
        19,
        23,
        18,
        11,
        17
      ],
      "2023-01": [
        127,
        8,
        11,
        15,
        14,
        27,
        7,
        16,
        15,
        22,
        3,
        19,
        12,
        8,
        8,
        8
      ],
      "2023-02": [
        126,
        6,
        13,
        21,
        20,
        25,
        6,
        14,
        15,
        19,
        1,
        12,
        13,
        13,
        6,
        11
      ],
      "2023-03": [
        157,
        10,
        8,
        29,
        21,
        31,
        6,
        14,
        12,
        31,
        1,
        19,
        19,
        16,
        10,
        12
      ],
      "2023-04": [
        129,
        10,
        8,
        15,
        27,
        26,
        10,
        18,
        11,
        35,
        0,
        21,
        26,
        8,
        11,
        13
      ],
      "2023-05": [
        138,
        7,
        6,
        21,
        28,
        34,
        8,
        15,
        16,
        49,
        1,
        20,
        15,
        9,
        13,
        7
      ],
      "2023-06": [
        131,
        8,
        2,
        21,
        35,
        35,
        4,
        13,
        16,
        22,
        2,
        16,
        21,
        15,
        22,
        23
      ],
      "2023-07": [
        150,
        8,
        14,
        26,
        29,
        21,
        14,
        16,
        18,
        32,
        0,
        23,
        20,
        9,
        13,
        8
      ],
      "2023-08": [
        139,
        8,
        9,
        21,
        24,
        26,
        5,
        14,
        17,
        26,
        2,
        16,
        20,
        17,
        8,
        9
      ],
      "2023-09": [
        145,
        8,
        7,
        20,
        25,
        32,
        10,
        10,
        20,
        31,
        1,
        20,
        25,
        17,
        14,
        11
      ],
      "2023-10": [
        168,
        12,
        12,
        25,
        23,
        20,
        5,
        15,
        17,
        41,
        1,
        23,
        26,
        15,
        13,
        12
      ],
      "2023-11": [
        148,
        7,
        12,
        20,
        25,
        23,
        8,
        16,
        9,
        24,
        4,
        23,
        15,
        12,
        12,
        12
      ],
      "2023-12": [
        183,
        7,
        12,
        25,
        28,
        48,
        9,
        16,
        21,
        25,
        1,
        24,
        25,
        20,
        13,
        15
      ],
      "2024-01": [
        131,
        6,
        10,
        24,
        21,
        33,
        5,
        22,
        12,
        31,
        6,
        18,
        17,
        10,
        15,
        13
      ],
      "2024-02": [
        152,
        11,
        8,
        21,
        35,
        29,
        4,
        15,
        14,
        30,
        5,
        14,
        18,
        10,
        10,
        10
      ],
      "2024-03": [
        153,
        9,
        8,
        24,
        29,
        35,
        9,
        10,
        16,
        23,
        4,
        19,
        24,
        15,
        25,
        8
      ],
      "2024-04": [
        143,
        9,
        10,
        15,
        20,
        28,
        9,
        13,
        9,
        39,
        2,
        15,
        23,
        11,
        10,
        8
      ],
      "2024-05": [
        145,
        7,
        12,
        24,
        34,
        20,
        11,
        21,
        13,
        38,
        3,
        20,
        26,
        12,
        17,
        10
      ],
      "2024-06": [
        152,
        6,
        4,
        14,
        23,
        22,
        8,
        13,
        7,
        32,
        4,
        13,
        23,
        14,
        13,
        19
      ],
      "2024-07": [
        156,
        10,
        14,
        23,
        31,
        34,
        9,
        17,
        17,
        34,
        4,
        18,
        25,
        22,
        10,
        9
      ],
      "2024-08": [
        139,
        9,
        13,
        17,
        29,
        35,
        7,
        19,
        9,
        28,
        6,
        23,
        21,
        13,
        14,
        16
      ],
      "2024-09": [
        159,
        12,
        7,
        23,
        40,
        33,
        2,
        14,
        19,
        41,
        1,
        24,
        25,
        8,
        12,
        15
      ],
      "2024-10": [
        176,
        12,
        10,
        19,
        26,
        37,
        7,
        22,
        23,
        38,
        2,
        23,
        27,
        19,
        20,
        14
      ],
      "2024-11": [
        156,
        5,
        11,
        16,
        27,
        49,
        8,
        11,
        21,
        34,
        5,
        24,
        25,
        16,
        19,
        13
      ],
      "2024-12": [
        200,
        9,
        9,
        23,
        31,
        49,
        5,
        22,
        14,
        30,
        1,
        11,
        24,
        22,
        21,
        19
      ],
      "2025-01": [
        140,
        6,
        12,
        14,
        23,
        33,
        6,
        8,
        14,
        36,
        0,
        26,
        21,
        14,
        9,
        8
      ],
      "2025-02": [
        138,
        9,
        19,
        27,
        21,
        27,
        5,
        11,
        16,
        30,
        0,
        12,
        13,
        9,
        10,
        10
      ],
      "2025-03": [
        139,
        8,
        11,
        25,
        29,
        15,
        9,
        17,
        24,
        38,
        2,
        17,
        30,
        17,
        13,
        13
      ],
      "2025-04": [
        167,
        10,
        11,
        10,
        23,
        28,
        9,
        20,
        14,
        24,
        2,
        18,
        19,
        15,
        15,
        4
      ],
      "2025-05": [
        153,
        10,
        9,
        23,
        33,
        33,
        6,
        18,
        18,
        32,
        1,
        21,
        27,
        19,
        9,
        14
      ],
      "2025-06": [
        176,
        11,
        11,
        17,
        21,
        33,
        7,
        16,
        11,
        29,
        3,
        21,
        24,
        15,
        20,
        12
      ],
      "2025-07": [
        180,
        8,
        9,
        28,
        35,
        24,
        10,
        13,
        15,
        33,
        2,
        20,
        31,
        17,
        20,
        15
      ],
      "2025-08": [
        146,
        9,
        12,
        26,
        27,
        31,
        6,
        10,
        22,
        26,
        4,
        9,
        18,
        24,
        19,
        16
      ],
      "2025-09": [
        90,
        4,
        5,
        11,
        16,
        18,
        2,
        5,
        6,
        11,
        1,
        11,
        13,
        11,
        11,
        9
      ]
    },
    "papers": {
      "0": [
        {
          "title": "Symplectic embeddings, homotopy algebras and almost Poisson gauge symmetry",
          "year": "2021-01",
          "abstract": "We formulate general definitions of semi-classical gauge transformations for\nnoncommutative gauge theories in general backgrounds of string theory, and give\nnovel explicit constructions using techniques based on symplectic embeddings of\nalmost Poisson structures. In the absence of fluxes the gauge symmetries close\na Poisson gauge algebra and their action is governed by a $P_\\infty$-algebra\nwhich we construct explicitly from the symplectic embedding. In curved\nbackgrounds they close a field dependent gauge algebra governed by an\n$L_\\infty$-algebra which is not a $P_\\infty$-algebra. Our technique produces\nnew all orders constructions which are significantly simpler compared to\nprevious approaches, and we illustrate its applicability in several examples of\ninterest in noncommutative field theory and gravity. We further show that our\nsymplectic embeddings naturally define a $P_\\infty$-structure on the exterior\nalgebra of differential forms on a generic almost Poisson manifold, which\ngeneralizes earlier constructions of differential graded Poisson algebras, and\nsuggests a new approach to defining noncommutative gauge theories beyond the\ngauge sector and the semi-classical limit based on $A_\\infty$-algebras.",
          "arxiv_id": "2101.12618v3"
        },
        {
          "title": "Weak quasi-Hopf algebras, C*-tensor categories and conformal field theory, and the Kazhdan-Lusztig-Finkelberg theorem",
          "year": "2021-01",
