{
  "topics": {
    "data": {
      "0": {
        "name": "0_algebra_theory_algebras_Lie",
        "keywords": [
          [
            "algebra",
            0.01862667009829486
          ],
          [
            "theory",
            0.018282282623600443
          ],
          [
            "algebras",
            0.017580177350929163
          ],
          [
            "Lie",
            0.013557095060705656
          ],
          [
            "theories",
            0.011643331652683817
          ],
          [
            "gauge",
            0.011479887193349447
          ],
          [
            "space",
            0.010096709241334583
          ],
          [
            "quantum",
            0.009369569001927857
          ],
          [
            "field",
            0.009018766605100826
          ],
          [
            "structure",
            0.00875496287331427
          ]
        ],
        "count": 3549
      },
      "1": {
        "name": "1_equations_solutions_equation_model",
        "keywords": [
          [
            "equations",
            0.01866791703948679
          ],
          [
            "solutions",
            0.0161092050648385
          ],
          [
            "equation",
            0.013877535724867034
          ],
          [
            "model",
            0.013597267135209978
          ],
          [
            "flow",
            0.012395752988411241
          ],
          [
            "boundary",
            0.012037833313848308
          ],
          [
            "fluid",
            0.012009210283402318
          ],
          [
            "problem",
            0.011886267725396938
          ],
          [
            "time",
            0.011717349741350472
          ],
          [
            "solution",
            0.011008806963028172
          ]
        ],
        "count": 1880
      },
      "2": {
        "name": "2_spacetime_black_Einstein_field",
        "keywords": [
          [
            "spacetime",
            0.02175609171094628
          ],
          [
            "black",
            0.02006456889292364
          ],
          [
            "Einstein",
            0.016573096170166023
          ],
          [
            "field",
            0.016395267086801217
          ],
          [
            "spacetimes",
            0.01606577464096989
          ],
          [
            "gravity",
            0.015105883377128006
          ],
          [
            "scalar",
            0.01491671098360531
          ],
          [
            "hole",
            0.014411019406993604
          ],
          [
            "black hole",
            0.01422752927240214
          ],
          [
            "cosmological",
            0.013605148067216676
          ]
        ],
        "count": 1517
      },
      "3": {
        "name": "3_random_model_time_process",
        "keywords": [
          [
            "random",
            0.020094069735696083
          ],
          [
            "model",
            0.01915810029486271
          ],
          [
            "time",
            0.015041064421428845
          ],
          [
            "process",
            0.01401598907429378
          ],
          [
            "percolation",
            0.013930757972936966
          ],
          [
            "critical",
            0.012406611123129659
          ],
          [
            "models",
            0.010988881277789747
          ],
          [
            "limit",
            0.010336399899176403
          ],
          [
            "large",
            0.010059279436983697
          ],
          [
            "probability",
            0.00934632111585389
          ]
        ],
        "count": 1409
      },
      "4": {
        "name": "4_operators_operator_potentials_magnetic",
        "keywords": [
          [
            "operators",
            0.029017325642593957
          ],
          [
            "operator",
            0.021454801864735293
          ],
          [
            "potentials",
            0.016192196772518635
          ],
          [
            "magnetic",
            0.015170312730724491
          ],
          [
            "spectral",
            0.014679058248321122
          ],
          [
            "potential",
            0.013639629747586902
          ],
          [
            "eigenvalues",
            0.013256819875219587
          ],
          [
            "spectrum",
            0.013122870898824072
          ],
          [
            "graphs",
            0.010469519600290975
          ],
          [
            "Dirac",
            0.010405974282702398
          ]
        ],
        "count": 1185
      },
      "5": {
        "name": "5_quantum_states_entanglement_state",
        "keywords": [
          [
            "quantum",
            0.056694453634827245
          ],
          [
            "states",
            0.02850431156193561
          ],
          [
            "entanglement",
            0.01962754518027843
          ],
          [
            "state",
            0.018404440034298447
          ],
          [
            "information",
            0.01731200349763743
          ],
          [
            "channels",
            0.014128603408505153
          ],
          [
            "channel",
            0.013315790376122459
          ],
          [
            "measurements",
            0.012923989688454382
          ],
          [
            "entropy",
            0.012862703316215258
          ],
          [
            "Quantum",
            0.012174919069635864
          ]
        ],
        "count": 959
      },
      "6": {
        "name": "6_topological_symmetry_phases_model",
        "keywords": [
          [
            "topological",
            0.03526288334893656
          ],
          [
            "symmetry",
            0.022104345911935018
          ],
          [
            "phases",
            0.018002613061547556
          ],
          [
            "model",
            0.016217882624321934
          ],
          [
            "lattice",
            0.016146100771103414
          ],
          [
            "spin",
            0.01566450916923192
          ],
          [
            "quantum",
            0.015329358363097949
          ],
          [
            "states",
            0.014682554722949381
          ],
          [
            "non",
            0.013924710472320748
          ],
          [
            "boundary",
            0.013403892518250818
          ]
        ],
        "count": 955
      },
      "7": {
        "name": "7_systems_equations_Hamiltonian_problem",
        "keywords": [
          [
            "systems",
            0.022607370479622402
          ],
          [
            "equations",
            0.02131473483052478
          ],
          [
            "Hamiltonian",
            0.0191737635290998
          ],
          [
            "problem",
            0.015084764033718875
          ],
          [
            "Lagrangian",
            0.01370355552952267
          ],
          [
            "Lie",
            0.013166731903735329
          ],
          [
            "body",
            0.013164789268891955
          ],
          [
            "symmetries",
            0.013123909102811582
          ],
          [
            "contact",
            0.01259207273730038
          ],
          [
            "space",
            0.011612692429331528
          ]
        ],
        "count": 883
      },
      "8": {
        "name": "8_hierarchy_equations_Toda_integrable",
        "keywords": [
          [
            "hierarchy",
            0.024429537620548458
          ],
          [
            "equations",
            0.02339498541022602
          ],
          [
            "Toda",
            0.02292798529488035
          ],
          [
            "integrable",
            0.021999258672514014
          ],
          [
            "systems",
            0.020042095686647735
          ],
          [
            "equation",
            0.019366409434423158
          ],
          [
            "Hamiltonian",
            0.015060095926660738
          ],
          [
            "solutions",
            0.014403373790782768
          ],
          [
            "type",
            0.012336395299827784
          ],
          [
            "Lax",
            0.011991257560979428
          ]
        ],
        "count": 648
      },
      "9": {
        "name": "9_equation_solutions_nonlinear_soliton",
        "keywords": [
          [
            "equation",
            0.04480162525430274
          ],
          [
            "solutions",
            0.03224597330048403
          ],
          [
            "nonlinear",
            0.03098534747701125
          ],
          [
            "soliton",
            0.030224965849709448
          ],
          [
            "problem",
            0.019467072932241355
          ],
          [
            "solution",
            0.018740101787208394
          ],
          [
            "wave",
            0.01738262089701366
          ],
          [
            "waves",
            0.015802701694346503
          ],
          [
            "equations",
            0.01551828242711515
          ],
          [
            "solitons",
            0.015180604599960568
          ]
        ],
        "count": 630
      },
      "10": {
        "name": "10_matrices_random_matrix_ensembles",
        "keywords": [
          [
            "matrices",
            0.036590023699324195
          ],
          [
            "random",
            0.03649591319531542
          ],
          [
            "matrix",
            0.02696447434702477
          ],
          [
            "ensembles",
            0.02158840462133234
          ],
          [
            "ensemble",
            0.02110261295084106
          ],
          [
            "random matrices",
            0.017694607773442787
          ],
          [
            "moments",
            0.01577853892057949
          ],
          [
            "Gaussian",
            0.015682020950200857
          ],
          [
            "random matrix",
            0.015002494632195107
          ],
          [
            "eigenvalue",
            0.014754868671491485
          ]
        ],
        "count": 603
      },
      "11": {
        "name": "11_Bose_energy_density_gas",
        "keywords": [
          [
            "Bose",
            0.031584505818268695
          ],
          [
            "energy",
            0.026180306700330936
          ],
          [
            "density",
            0.022303766864022127
          ],
          [
            "gas",
            0.019843516458126733
          ],
          [
            "ground",
            0.01946511023812366
          ],
          [
            "state",
            0.019430724838078096
          ],
          [
            "body",
            0.018275120845895946
          ],
          [
            "ground state",
            0.018171859196924243
          ],
          [
            "Hartree",
            0.015277373001020557
          ],
          [
            "limit",
            0.01362758010710261
          ]
        ],
        "count": 373
      },
      "12": {
        "name": "12_scattering_wave_problem_method",
        "keywords": [
          [
            "scattering",
            0.021551351985388004
          ],
          [
            "wave",
            0.021069918758325153
          ],
          [
            "problem",
            0.01632197708934015
          ],
          [
            "method",
            0.014683479297961547
          ],
          [
            "frequency",
            0.014232455955745998
          ],
          [
            "waves",
            0.013718624670620398
          ],
          [
            "field",
            0.012426808559542705
          ],
          [
            "time",
            0.01186292806500455
          ],
          [
            "media",
            0.011426999735853977
          ],
          [
            "numerical",
            0.011208179631674413
          ]
        ],
        "count": 368
      },
      "13": {
        "name": "13_quantum_systems_dynamics_time",
        "keywords": [
          [
            "quantum",
            0.045436739395582695
          ],
          [
            "systems",
            0.026291759204768263
          ],
          [
            "dynamics",
            0.02184683223591395
          ],
          [
            "time",
            0.02102999234431261
          ],
          [
            "state",
            0.016108208084200652
          ],
          [
            "local",
            0.015056904803092186
          ],
          [
            "states",
            0.01496721276104913
          ],
          [
            "body",
            0.01419646020692595
          ],
          [
            "quantum systems",
            0.014038501607936358
          ],
          [
            "entanglement",
            0.013007236880595059
          ]
        ],
        "count": 340
      }
    },
    "correlations": [
      [
        1.0,
        -0.671227101012901,
        -0.6889401740095522,
        -0.2742227269253601,
        -0.3123533083385403,
        -0.6579327468589231,
        -0.40919418704320476,
        -0.6482872719076493,
        -0.6576490480745473,
        -0.6921675776762776,
        -0.5701579571146375,
        -0.5295694076884067,
        -0.7018908565232556,
        -0.6611193553819541
      ],
      [
        -0.671227101012901,
        1.0,
        -0.6877014068847854,
        -0.6610939105459263,
        -0.6705942965155579,
        -0.7204557767575861,
        -0.6871325198719063,
        -0.44783508977050124,
        -0.4696323505728809,
        -0.337114444543525,
        -0.7045455891514343,
        -0.6853492231576865,
        -0.6732300221177818,
        -0.6900015277294993
      ],
      [
        -0.6889401740095522,
        -0.6877014068847854,
        1.0,
        -0.6955442908386967,
        -0.7062885064519375,
        -0.7221388836508611,
        -0.6988075778312481,
        -0.7110148058242423,
        -0.702819065567234,
        -0.7247495281539069,
        -0.7211314392810588,
        -0.709624189433712,
        -0.6805507987916719,
        -0.7140988213256713
      ],
      [
        -0.2742227269253601,
        -0.6610939105459263,
        -0.6955442908386967,
        1.0,
        -0.2506631439173737,
        -0.6745789454347266,
        -0.37732952630482786,
        -0.6676046718636484,
        -0.665483707982032,
        -0.6797734879963055,
        -0.47718273044136794,
        -0.43679695795997175,
        -0.6926693718515107,
        -0.6463287105791435
      ],
      [
        -0.3123533083385403,
        -0.6705942965155579,
        -0.7062885064519375,
        -0.2506631439173737,
        1.0,
        -0.6674601515490031,
        -0.4512128418749275,
        -0.6693469561377782,
        -0.6677351773801616,
        -0.6173386303858905,
        -0.5466731977461636,
        -0.4763585727295325,
        -0.6878716743144426,
        -0.6610185232486475
      ],
      [
        -0.6579327468589231,
        -0.7204557767575861,
        -0.7221388836508611,
        -0.6745789454347266,
        -0.6674601515490031,
        1.0,
        -0.6648984287884478,
        -0.7006084660005338,
        -0.7036278583304582,
        -0.7328451352171563,
        -0.6931912717485107,
        -0.6913207725176769,
        -0.7236096473618303,
        -0.31900997340050563
      ],
      [
        -0.40919418704320476,
        -0.6871325198719063,
        -0.6988075778312481,
        -0.37732952630482786,
        -0.4512128418749275,
        -0.6648984287884478,
        1.0,
        -0.6830189526400784,
        -0.6758514914244451,
        -0.718191302236022,
        -0.6806013029927735,
        -0.6692766406953748,
        -0.6976607806370211,
        -0.6693423084487111
      ],
      [
        -0.6482872719076493,
        -0.44783508977050124,
        -0.7110148058242423,
        -0.6676046718636484,
        -0.6693469561377782,
        -0.7006084660005338,
        -0.6830189526400784,
        1.0,
        -0.3932341884481607,
        -0.6617224946231708,
        -0.7101689517802056,
        -0.6974109864195193,
        -0.7114550578293621,
        -0.6022384812262287
      ],
      [
        -0.6576490480745473,
        -0.4696323505728809,
        -0.702819065567234,
        -0.665483707982032,
        -0.6677351773801616,
        -0.7036278583304582,
        -0.6758514914244451,
        -0.3932341884481607,
        1.0,
        -0.4968757711937877,
        -0.6987511433826459,
        -0.6900127353089631,
        -0.6930243524153159,
        -0.5820510255708242
      ],
      [
        -0.6921675776762776,
        -0.337114444543525,
        -0.7247495281539069,
        -0.6797734879963055,
        -0.6173386303858905,
        -0.7328451352171563,
        -0.718191302236022,
        -0.6617224946231708,
        -0.4968757711937877,
        1.0,
        -0.718014253980172,
        -0.6981834652809831,
        -0.6612239028743334,
        -0.7037408697551446
      ],
      [
        -0.5701579571146375,
        -0.7045455891514343,
        -0.7211314392810588,
        -0.47718273044136794,
        -0.5466731977461636,
        -0.6931912717485107,
        -0.6806013029927735,
        -0.7101689517802056,
        -0.6987511433826459,
        -0.718014253980172,
        1.0,
        -0.521688565853059,
        -0.7008897483670564,
        -0.6829709804200477
      ],
      [
        -0.5295694076884067,
        -0.6853492231576865,
        -0.709624189433712,
        -0.43679695795997175,
        -0.4763585727295325,
        -0.6913207725176769,
        -0.6692766406953748,
        -0.6974109864195193,
        -0.6900127353089631,
        -0.6981834652809831,
        -0.521688565853059,
        1.0,
        -0.6916063108715886,
        -0.6666343029641641
      ],
      [
        -0.7018908565232556,
        -0.6732300221177818,
        -0.6805507987916719,
        -0.6926693718515107,
        -0.6878716743144426,
        -0.7236096473618303,
        -0.6976607806370211,
        -0.7114550578293621,
        -0.6930243524153159,
        -0.6612239028743334,
        -0.7008897483670564,
        -0.6916063108715886,
        1.0,
        -0.7162285067707626
      ],
      [
        -0.6611193553819541,
        -0.6900015277294993,
        -0.7140988213256713,
        -0.6463287105791435,
        -0.6610185232486475,
        -0.31900997340050563,
        -0.6693423084487111,
        -0.6022384812262287,
        -0.5820510255708242,
        -0.7037408697551446,
        -0.6829709804200477,
        -0.6666343029641641,
        -0.7162285067707626,
        1.0
      ]
    ],
    "series": {
      "2020-01": [
        102,
        3,
        4,
        18,
        19,
        16,
        11,
        13,
        11,
        31,
        9,
        19,
        4,
        23
      ],
      "2020-02": [
        123,
        3,
        6,
        14,
        20,
        16,
        8,
        19,
        10,
        31,
        13,
        23,
        3,
        24
      ],
      "2020-03": [
        138,
        6,
        5,
        23,
        32,
        34,
        11,
        26,
        13,
        27,
        17,
        27,
        4,
        21
      ],
      "2020-04": [
        124,
        4,
        9,
        28,
        29,
        30,
        12,
        28,
        6,
        30,
        12,
        18,
        3,
        23
      ],
      "2020-05": [
        134,
        5,
        10,
        17,
        25,
        21,
        12,
        16,
        12,
        38,
        21,
        27,
        0,
        10
      ],
      "2020-06": [
        139,
        3,
        8,
        22,
        39,
        30,
        12,
        24,
        17,
        38,
        16,
        11,
        1,
        25
      ],
      "2020-07": [
        141,
        6,
        11,
        34,
        23,
        24,
        13,
        20,
        15,
        34,
        16,
        28,
        2,
        17
      ],
      "2020-08": [
        139,
        6,
        6,
        16,
        22,
        32,
        11,
        20,
        7,
        34,
        22,
        19,
        2,
        24
      ],
      "2020-09": [
        126,
        7,
        10,
        18,
        25,
        35,
        8,
        20,
        11,
        31,
        18,
        13,
        2,
        16
      ],
      "2020-10": [
        136,
        7,
        9,
        19,
        26,
        33,
        13,
        20,
        14,
        29,
        21,
        22,
        4,
        20
      ],
      "2020-11": [
        147,
        8,
        2,
        32,
        24,
        31,
        14,
        19,
        12,
        17,
        19,
        22,
        0,
        17
      ],
      "2020-12": [
        149,
        6,
        5,
        26,
        35,
        37,
        20,
        20,
        12,
        25,
        19,
        25,
        3,
        23
      ],
      "2021-01": [
        108,
        6,
        8,
        27,
        21,
        31,
        9,
        16,
        15,
        23,
        11,
        18,
        0,
        20
      ],
      "2021-02": [
        109,
        7,
        9,
        20,
        30,
        26,
        9,
        10,
        12,
        24,
        13,
        24,
        0,
        21
      ],
      "2021-03": [
        151,
        5,
        2,
        19,
        27,
        31,
        11,
        23,
        13,
        44,
        19,
        13,
        2,
        21
      ],
      "2021-04": [
        135,
        4,
        6,
        23,
        26,
        36,
        9,
        20,
        10,
        33,
        16,
        20,
        3,
        25
      ],
      "2021-05": [
        114,
        5,
        9,
        18,
        27,
        37,
        9,
        15,
        9,
        29,
        16,
        17,
        4,
        17
      ],
      "2021-06": [
        123,
        9,
        6,
        19,
        24,
        18,
        20,
        21,
        7,
        26,
        28,
        28,
        3,
        16
      ],
      "2021-07": [
        132,
        6,
        14,
        21,
        26,
        30,
        18,
        24,
        6,
        33,
        18,
        24,
        1,
        23
      ],
      "2021-08": [
        138,
        7,
        13,
        20,
        28,
        31,
        5,
        17,
        8,
        25,
        18,
        17,
        4,
        21
      ],
      "2021-09": [
        137,
        6,
        6,
        15,
        29,
        23,
        14,
        30,
        12,
        36,
        19,
        11,
        1,
        15
      ],
      "2021-10": [
        115,
        6,
        3,
        18,
        24,
        22,
        15,
        18,
        13,
        17,
        16,
        12,
        6,
        16
      ],
      "2021-11": [
        138,
        4,
        7,
        22,
        21,
        39,
        11,
        18,
        16,
        29,
        15,
        20,
        1,
        11
      ],
      "2021-12": [
        154,
        8,
        11,
        22,
        28,
        33,
        22,
        15,
        7,
        43,
        26,
        22,
        2,
        18
      ],
      "2022-01": [
        116,
        8,
        5,
        13,
        21,
        23,
        11,
        17,
        13,
        38,
        18,
        14,
        2,
        24
      ],
      "2022-02": [
        125,
        4,
        4,
        20,
        25,
        29,
        11,
        14,
        7,
        35,
        16,
        18,
        2,
        18
      ],
      "2022-03": [
        141,
        9,
        11,
        25,
        30,
        24,
        13,
        17,
        15,
        25,
        14,
        27,
        6,
        23
      ],
      "2022-04": [
        105,
        4,
        6,
        20,
        18,
        41,
        10,
        23,
        9,
        26,
        12,
        16,
        4,
        27
      ],
      "2022-05": [
        123,
        2,
        5,
        14,
        22,
        28,
        14,
        15,
        14,
        35,
        17,
        16,
        3,
        15
      ],
      "2022-06": [
        123,
        8,
        13,
        19,
        26,
        20,
        18,
        28,
        9,
        29,
        22,
        19,
        2,
        24
      ],
      "2022-07": [
        123,
        4,
        10,
        16,
        24,
        21,
        10,
        20,
        7,
        26,
        15,
        27,
        3,
        24
      ],
      "2022-08": [
        125,
        9,
        8,
        13,
        28,
        25,
        12,
        26,
        12,
        22,
        15,
        22,
        0,
        24
      ],
      "2022-09": [
        123,
        4,
        10,
        17,
        22,
        50,
        11,
        21,
        6,
        27,
        14,
        18,
        1,
        26
      ],
      "2022-10": [
        116,
        11,
        9,
        24,
        28,
        39,
        15,
        19,
        19,
        30,
        23,
        23,
        4,
        17
      ],
      "2022-11": [
        132,
        7,
        15,
        31,
        33,
        32,
        14,
        20,
        20,
        40,
        15,
        21,
        4,
        7
      ],
      "2022-12": [
        172,
        2,
        15,
        25,
        31,
        31,
        10,
        21,
        18,
        41,
        17,
        22,
        1,
        23
      ],
      "2023-01": [
        120,
        6,
        12,
        18,
        12,
        30,
        6,
        27,
        12,
        23,
        16,
        18,
        3,
        17
      ],
      "2023-02": [
        124,
        6,
        13,
        19,
        12,
        29,
        9,
        19,
        17,
        25,
        17,
        18,
        0,
        13
      ],
      "2023-03": [
        155,
        10,
        9,
        29,
        21,
        37,
        12,
        25,
        12,
        33,
        13,
        18,
        2,
        20
      ],
      "2023-04": [
        129,
        10,
        8,
        18,
        25,
        27,
        14,
        24,
        16,
        36,
        10,
        20,
        1,
        30
      ],
      "2023-05": [
        132,
        8,
        6,
        19,
        29,
        36,
        16,
        22,
        13,
        46,
        18,
        21,
        1,
        20
      ],
      "2023-06": [
        148,
        8,
        2,
        24,
        34,
        40,
        20,
        15,
        10,
        21,
        19,
        19,
        3,
        23
      ],
      "2023-07": [
        157,
        8,
        12,
        27,
        28,
        23,
        11,
        24,
        15,
        34,
        19,
        23,
        1,
        19
      ],
      "2023-08": [
        143,
        8,
        8,
        22,
        25,
        29,
        14,
        16,
        9,
        27,
        19,
        17,
        1,
        23
      ],
      "2023-09": [
        143,
        8,
        7,
        22,
        24,
        33,
        19,
        22,
        12,
        34,
        22,
        21,
        1,
        28
      ],
      "2023-10": [
        160,
        12,
        12,
        27,
        24,
        25,
        18,
        27,
        7,
        39,
        21,
        25,
        1,
        30
      ],
      "2023-11": [
        154,
        8,
        11,
        22,
        24,
        28,
        12,
        19,
        14,
        20,
        10,
        25,
        5,
        18
      ],
      "2023-12": [
        188,
        5,
        12,
        28,
        24,
        54,
        16,
        20,
        16,
        30,
        26,
        25,
        1,
        27
      ],
      "2024-01": [
        139,
        7,
        11,
        23,
        22,
        36,
        13,
        27,
        8,
        33,
        13,
        20,
        6,
        16
      ],
      "2024-02": [
        158,
        11,
        9,
        23,
        33,
        31,
        8,
        15,
        11,
        33,
        17,
        14,
        5,
        18
      ],
      "2024-03": [
        158,
        8,
        7,
        26,
        26,
        42,
        22,
        18,
        12,
        26,
        19,
        19,
        4,
        24
      ],
      "2024-04": [
        144,
        9,
        10,
        17,
        20,
        30,
        11,
        18,
        16,
        39,
        10,
        14,
        2,
        24
      ],
      "2024-05": [
        154,
        9,
        12,
        23,
        31,
        27,
        17,
        26,
        13,
        37,
        14,
        19,
        4,
        27
      ],
      "2024-06": [
        156,
        8,
        5,
        16,
        25,
        30,
        12,
        21,
        16,
        29,
        8,
        13,
        4,
        24
      ],
      "2024-07": [
        155,
        11,
        16,
        28,
        28,
        40,
        14,
        19,
        17,
        37,
        20,
        17,
        3,
        28
      ],
      "2024-08": [
        151,
        7,
        14,
        19,
        29,
        36,
        13,
        19,
        15,
        28,
        10,
        26,
        8,
        23
      ],
      "2024-09": [
        165,
        12,
        7,
        25,
        33,
        38,
        10,
        19,
        8,
        45,
        23,
        20,
        2,
        28
      ],
      "2024-10": [
        175,
        12,
        11,
        22,
        25,
        36,
        27,
        34,
        14,
        40,
        24,
        23,
        3,
        29
      ],
      "2024-11": [
        165,
        5,
        11,
        20,
        20,
        54,
        20,
        26,
        8,
        36,
        24,
        22,
        5,
        24
      ],
      "2024-12": [
        200,
        9,
        8,
        26,
        32,
        51,
        26,
        36,
        15,
        30,
        15,
        16,
        2,
        24
      ],
      "2025-01": [
        144,
        10,
        11,
        16,
        19,
        39,
        11,
        11,
        11,
        35,
        14,
        29,
        0,
        20
      ],
      "2025-02": [
        141,
        9,
        17,
        26,
        23,
        30,
        9,
        15,
        14,
        31,
        16,
        12,
        0,
        14
      ],
      "2025-03": [
        146,
        7,
        9,
        28,
        26,
        17,
        17,
        27,
        18,
        36,
        25,
        15,
        2,
        34
      ],
      "2025-04": [
        155,
        10,
        14,
        11,
        22,
        34,
        19,
        31,
        15,
        26,
        15,
        18,
        2,
        17
      ],
      "2025-05": [
        159,
        9,
        10,
        24,
        30,
        36,
        16,
        23,
        14,
        33,
        20,
        22,
        2,
        28
      ],
      "2025-06": [
        179,
        11,
        10,
        18,
        18,
        41,
        17,
        29,
        10,
        33,
        16,
        20,
        4,
        20
      ],
      "2025-07": [
        185,
        6,
        9,
        33,
        22,
        29,
        23,
        25,
        17,
        42,
        15,
        20,
        2,
        32
      ],
      "2025-08": [
        148,
        7,
        12,
        28,
        24,
        39,
        24,
        22,
        11,
        30,
        23,
        10,
        5,
        22
      ],
      "2025-09": [
        96,
        5,
        6,
        15,
        17,
        21,
        13,
        5,
        4,
        10,
        6,
        12,
        1,
        13
      ]
    },
    "papers": {
      "0": [
        {
          "title": "Weak quasi-Hopf algebras, C*-tensor categories and conformal field theory, and the Kazhdan-Lusztig-Finkelberg theorem",
          "year": "2021-01",
          "abstract": "This paper deals with some related problems posed by Doplicher-Roberts,\nSeiberg-Moore, Frenkel-Zhu, Huang regarding relations between quantum groups at\nroots of unity and categories arising from conformal field theory. We construct\nunitary rigid ribbon braided tensor category structures on module categories of\naffine vertex operator algebras at positive integer levels for all Lie types,\nderived from fusion categories of quantum groups via the construction of\ncertain semisimple weak Hopf algebras having roots in the work by Mack and\nSchomerus, and a Drinfeld twist to the Zhu algebra analogous to Drinfeld twist\nfor the quantized universal enveloping algebra U_h(g) and Drinfeld quasi-Hopf\nalgebra structure over U(g). We use our construction to give a direct proof of\nan equivalence theorem (going back to Kazhdan-Lusztig and Finkelberg for affine\nLie algebras) between fusion categories of quantum groups and affine vertex\noperator algebras at positive integer levels, with respect to Huang-Lepowsky\nribbon braided tensor structure, for the classical Lie types and G_2. We apply\nthis result to unitarize ribbon braided module categories of vertex operator\nalgebras. We classify fusion categories with type A fusion rules by their\nribbon structure. In our work, the unitary structure of quantum group fusion\ncategories obtained by Wenzl and an associated fibre functor to the Hilbert\nspaces play a main role to construct naturally associated semisimple weak Hopf\nalgebras.",
          "arxiv_id": "2101.10016v12"
        },
        {
          "title": "Higher Courant-Dorfman algebras and associated higher Poisson vertex algebras",
          "year": "2023-02",
          "abstract": "In this thesis, we consider a notion of a higher version of the relation\nbetween Courant-Dorfman algebras and Poisson vertex algebras. We define a\nhigher Courant-Dorfman algebra, and study the relationship with graded\nsymplectic geometry. In particular, we give graded Poisson algebras of degree\n$-n$ in the non-degenerate case. For higher Courant-Dorfman algebras coming\nfrom finite-dimensional vector bundles, they coincide with the algebras of\nfunctions of the associated differential-graded(dg) symplectic manifolds of\ndegree $n$.\n  We define a higher Lie conformal algebra and Poisson vertex algebra, and give\na higher (weak) Courant-Dorfman algebraic structure arising from them.\nMoreover, we prove that the higher Lie conformal algebras and higher Poisson\nvertex algebras have properties like Lie conformal algebras and Poisson vertex\nalgebras. As an example, we obtain an algebraic description of\nBatalin-Fradkin-Vilkovisky(BFV) current algebras.",
          "arxiv_id": "2302.11420v2"
        },
        {
          "title": "Constructing equivalences between fusion categories of quantum groups and of vertex operator algebras via quantum gauge groups",
          "year": "2025-02",
          "abstract": "We explain the structure of proof of our results on a problem that Sergio\nDoplicher posed in the 90s in the setting of conformal nets, and on a related\nproblem posed by Yi-Zhi Huang in the setting of vertex operator algebras. The\nlatter asks to find a direct construction of an equivalence due to Finkelberg\nbetween the quantum group modular fusion category at certain roots of unity and\nthe fusion categories of affine vertex operator algebras at positive integer\nlevels. The former asks for the construction of a quantum gauge group and field\nalgebra for the category of localized endomorphisms of a conformal net,\nextending Doplicher-Roberts theory of the compact gauge group and field algebra\nin high dimensional AQFT. We mostly focus on the affine VOA aspects. We solve\nHuang's problem for all the Lie types for which it is known that the\ncentralizer algebra of the truncated tensor powers of the given generating\nobject V listed by Hans Wenzl in 1998 for the quantum group fusion categories\nis generated by the representation of braid group associated to the R-matrix\nand for Huang-Lepowsky ribbon braided tensor structure. In the classical type\nA, this property becomes the classical Schur-Weyl duality and was used by\nDoplicher and Roberts to construct SU(d) as a special case of their unique\ncompact gauge group and field algebra in algebraic QFT. Presently, known\nresults in the literature allow to construct the full equivalence for the Lie\ntypes A, B, C, D, G_2 and partial equivalence for braiding and associativity\nmorphisms in the Lie types E and F. We also solve a question posed by Frenkel\nand Zhu in 1992 on the quantum group structure on the Zhu algebra for all Lie\ntypes. Our main tool is the construction of a quantum gauge group and a\nDrinfeld twist method. The structures we find in both contexts extend\nDoplicher-Roberts symmetric functors which played a central role in their\nduality theory.",
          "arxiv_id": "2502.06229v4"
        }
      ],
      "1": [
        {
          "title": "Space-Time Statistical Solutions of the Incompressible Euler Equations and Landau-Lifshitz Fluctuating Hydrodynamics",
          "year": "2024-09",
          "abstract": "We study rigorously the infinite Reynolds limit of the solutions of the\nLandau-Lifschitz equations of fluctuating hydrodynamics for an incompressible\nfluid on a $d$-dimensional torus for $d\\geq 2.$ These equations, which model\nthe effects of thermal fluctuations in fluids, are given a standard physical\ninterpretation as a low-wavenumber ``effective field theory'', rather than as\nstochastic partial differential equations. We study in particular solutions\nwhich enjoy some a priori Besov regularity in space, as expected for initial\ndata chosen from a driven, turbulent steady-state ensemble. The empirical basis\nfor this regularity hypothesis, uniform in Reynolds number, is carefully\ndiscussed, including evidence from numerical simulations of turbulent flows\nthat incorporate thermal fluctuations. Considering the initial-value problem\nfor the Landau-Lifschitz equations, our main result is that the infinite\nReynolds number limit is a space-time statistical solution of the\nincompressible Euler equations in the sense of Vishik \\& Fursikov. Such\nsolutions are described by a probability measure on space-time velocity fields\nwhose realizations are weak or distributional solutions of the incompressible\nEuler equations, each with the same prescribed initial data. In conjunction\nwith recent numerical evidence that these probability measures are non-trivial,\nour theorem shows that the mathematical non-uniqueness of the solutions of the\nCauchy problem for Euler, as revealed by convex integration studies, may be\nphysically realized. In support of the theory of spontaneous stochasticity, any\npersistent randomness in the infinite-Reynolds limit is associated to a\nnontrivial probability distribution over non-unique solutions of the ideal\nEuler equations.",
          "arxiv_id": "2409.13103v1"
        },
        {
          "title": "A surface finite element method for the Navier-Stokes equations on evolving surfaces",
          "year": "2023-06",
