{
  "topics": {
    "data": {
      "0": {
        "name": "0_spaces_operators_Hardy_weighted",
        "keywords": [
          [
            "spaces",
            0.03671052931059695
          ],
          [
            "operators",
            0.027204099477172235
          ],
          [
            "Hardy",
            0.024468065111049084
          ],
          [
            "weighted",
            0.0221760519519115
          ],
          [
            "space",
            0.018900169964382284
          ],
          [
            "type",
            0.018330689072729025
          ],
          [
            "operator",
            0.017728465715230533
          ],
          [
            "maximal",
            0.017187868740578968
          ],
          [
            "inequalities",
            0.016491147096188954
          ],
          [
            "Sobolev",
            0.01573391861902569
          ]
        ],
        "count": 858
      },
      "1": {
        "name": "1_solutions_systems_equations_differential",
        "keywords": [
          [
            "solutions",
            0.02597947055498458
          ],
          [
            "systems",
            0.024624389349651284
          ],
          [
            "equations",
            0.020829200831515828
          ],
          [
            "differential",
            0.01686976078427405
          ],
          [
            "equation",
            0.01657508831922356
          ],
          [
            "periodic",
            0.015737636983019197
          ],
          [
            "solution",
            0.013188391490584907
          ],
          [
            "problem",
            0.013009073252022768
          ],
          [
            "model",
            0.012998761833775114
          ],
          [
            "differential equations",
            0.012866412387500107
          ]
        ],
        "count": 676
      },
      "2": {
        "name": "2_functions_hypergeometric_function_series",
        "keywords": [
          [
            "functions",
            0.037055066308684166
          ],
          [
            "hypergeometric",
            0.03613862796886643
          ],
          [
            "function",
            0.035085451353999715
          ],
          [
            "series",
            0.030230282974823556
          ],
          [
            "integral",
            0.02131044275926272
          ],
          [
            "Bessel",
            0.018670323013328806
          ],
          [
            "formula",
            0.018406388303399714
          ],
          [
            "integrals",
            0.017689149488993437
          ],
          [
            "zeta",
            0.017582148351519528
          ],
          [
            "formulas",
            0.015169329061457744
          ]
        ],
        "count": 559
      },
      "3": {
        "name": "3_polynomials_orthogonal_orthogonal polynomials_Jacobi",
        "keywords": [
          [
            "polynomials",
            0.07747247408600584
          ],
          [
            "orthogonal",
            0.05624057052703322
          ],
          [
            "orthogonal polynomials",
            0.049287678129472864
          ],
          [
            "Jacobi",
            0.022236951691281787
          ],
          [
            "matrix",
            0.019010237630677725
          ],
          [
            "recurrence",
            0.01747134491869255
          ],
          [
            "type",
            0.016858283051287237
          ],
          [
            "Laguerre",
            0.016609046032455735
          ],
          [
            "multiple",
            0.01568036785618042
          ],
          [
            "zeros",
            0.014256333281360606
          ]
        ],
        "count": 444
      },
      "4": {
        "name": "4_equation_equations_solutions_differential",
        "keywords": [
          [
            "equation",
            0.03411248354232965
          ],
          [
            "equations",
            0.03235953975471013
          ],
          [
            "solutions",
            0.027013108959851238
          ],
          [
            "differential",
            0.02558744653210871
          ],
          [
            "algebraic",
            0.01646629454475537
          ],
          [
            "monodromy",
            0.01646545229822067
          ],
          [
            "Painlevé",
            0.014055236977798912
          ],
          [
            "singularities",
            0.013962357046621713
          ],
          [
            "solution",
            0.013247314973306546
          ],
          [
            "order",
            0.013166576493925644
          ]
        ],
        "count": 292
      },
      "5": {
        "name": "5_functions_transform_sampling_frames",
        "keywords": [
          [
            "functions",
            0.02492240650674435
          ],
          [
            "transform",
            0.022363754424087084
          ],
          [
            "sampling",
            0.021635745467947737
          ],
          [
            "frames",
            0.01999175803711574
          ],
          [
            "frame",
            0.018394605285068723
          ],
          [
            "space",
            0.01778976849117347
          ],
          [
            "Fourier",
            0.016862293307232257
          ],
          [
            "spaces",
            0.013762558959856288
          ],
          [
            "approximation",
            0.012561167673375275
          ],
          [
            "interpolation",
            0.012391660155322923
          ]
        ],
        "count": 237
      },
      "6": {
        "name": "6_set_dimension_sets_Hausdorff",
        "keywords": [
          [
            "set",
            0.045944041571143845
          ],
          [
            "dimension",
            0.045553287195933295
          ],
          [
            "sets",
            0.04059620996246963
          ],
          [
            "Hausdorff",
            0.03384299233423335
          ],
          [
            "Hausdorff dimension",
            0.03111831385524638
          ],
          [
            "Kakeya",
            0.023622874055753855
          ],
          [
            "subset",
            0.022330503378003623
          ],
          [
            "distance",
            0.019754951208982782
          ],
          [
            "projections",
            0.015819919670228447
          ],
          [
            "Furstenberg",
            0.015622189197309332
          ]
        ],
        "count": 203
      },
      "7": {
        "name": "7_functions_Bernstein_means_mean",
        "keywords": [
          [
            "functions",
            0.03062970557721433
          ],
          [
            "Bernstein",
            0.03052479865602756
          ],
          [
            "means",
            0.029241421111104247
          ],
          [
            "mean",
            0.022459924077654
          ],
          [
            "inequalities",
            0.02164779687283451
          ],
          [
            "function",
            0.017109589379855766
          ],
          [
            "inequality",
            0.016655422337705502
          ],
          [
            "convex",
            0.016526051373690346
          ],
          [
            "paper",
            0.014750061057956912
          ],
          [
            "type",
            0.014744778215418959
          ]
        ],
        "count": 171
      },
      "8": {
        "name": "8_energy_Lipschitz_rectifiable_measure",
        "keywords": [
          [
            "energy",
            0.03359158264744366
          ],
          [
            "Lipschitz",
            0.028745758868854162
          ],
          [
            "rectifiable",
            0.02251597015230274
          ],
          [
            "measure",
            0.020959174282068737
          ],
          [
            "metric",
            0.01906086907889709
          ],
          [
            "minimizers",
            0.01836792221921918
          ],
          [
            "rectifiability",
            0.017959752502149835
          ],
          [
            "space",
            0.015100144690901745
          ],
          [
            "external",
            0.015062200274511503
          ],
          [
            "measures",
            0.01455385816546702
          ]
        ],
        "count": 141
      },
      "9": {
        "name": "9_self_dimension_dimensions_similar",
        "keywords": [
          [
            "self",
            0.07436418047971743
          ],
          [
            "dimension",
            0.049920845607808434
          ],
          [
            "dimensions",
            0.049243522325511796
          ],
          [
            "similar",
            0.044781570855665996
          ],
          [
            "measures",
            0.042701278261584694
          ],
          [
            "Assouad",
            0.03792324284314303
          ],
          [
            "sets",
            0.0368752964697665
          ],
          [
            "affine",
            0.03457518104292241
          ],
          [
            "self affine",
            0.031138448215815427
          ],
          [
            "box",
            0.024233414321634356
          ]
        ],
        "count": 132
      },
      "10": {
        "name": "10_decoupling_restriction_estimates_paraboloid",
        "keywords": [
          [
            "decoupling",
            0.06657060263015095
          ],
          [
            "restriction",
            0.03713404267431122
          ],
          [
            "estimates",
            0.02745816591643907
          ],
          [
            "paraboloid",
            0.021907574947157955
          ],
          [
            "sharp",
            0.020577482869978944
          ],
          [
            "Fourier",
            0.020101860594661135
          ],
          [
            "conjecture",
            0.019680507394367806
          ],
          [
            "estimate",
            0.019207029351350775
          ],
          [
            "theorem",
            0.015551322109339233
          ],
          [
            "curves",
            0.014904475638314816
          ]
        ],
        "count": 128
      },
      "11": {
        "name": "11_fractional_fractional differential_differential_derivatives",
        "keywords": [
          [
            "fractional",
            0.11176428655624258
          ],
          [
            "fractional differential",
            0.0313782473596812
          ],
          [
            "differential",
            0.031329909745774244
          ],
          [
            "derivatives",
            0.030969285402910638
          ],
          [
            "equations",
            0.028842677190202462
          ],
          [
            "Caputo",
            0.026288891418631423
          ],
          [
            "calculus",
            0.025897617607836747
          ],
          [
            "differential equations",
            0.025002293562203678
          ],
          [
            "integral",
            0.023387689587681594
          ],
          [
            "fractional derivatives",
            0.023063547241617223
          ]
        ],
        "count": 119
      },
      "12": {
        "name": "12_estimates_Strichartz_Schrödinger_equation",
        "keywords": [
          [
            "estimates",
            0.04016010373535577
          ],
          [
            "Strichartz",
            0.032966980300276845
          ],
          [
            "Schrödinger",
            0.03055652849809848
          ],
          [
            "equation",
            0.023815409679482903
          ],
          [
            "Strichartz estimates",
            0.02364058736322173
          ],
          [
            "operators",
            0.021233470916809515
          ],
          [
            "equations",
            0.018583415630566726
          ],
          [
            "estimate",
            0.018085541604707173
          ],
          [
            "potentials",
            0.016671495744194055
          ],
          [
            "convergence",
            0.015367781157546745
          ]
        ],
        "count": 104
      },
      "13": {
        "name": "13_maximal_spherical_estimates_maximal functions",
        "keywords": [
          [
            "maximal",
            0.08246468534265966
          ],
          [
            "spherical",
            0.041979700035838785
          ],
          [
            "estimates",
            0.03427489986235438
          ],
          [
            "maximal functions",
            0.03389942798549539
          ],
          [
            "maximal function",
            0.03128568154805069
          ],
          [
            "averages",
            0.02536976220111969
          ],
          [
            "bilinear",
            0.02379263649790797
          ],
          [
            "operator",
            0.022312263266226214
          ],
          [
            "bounds",
            0.022062154691664785
          ],
          [
            "operators",
            0.021714511423404467
          ]
        ],
        "count": 95
      }
    },
    "correlations": [
      [
        1.0,
        -0.5265567558749932,
        -0.5561220537667715,
        -0.7149779756031616,
        -0.6520229155953464,
        -0.6567878850512692,
        -0.5244144969629018,
        -0.46431457090273165,
        -0.623561747704956,
        -0.6930677010817856,
        -0.5046724495106503,
        -0.6538316051536643,
        -0.6695291500876586,
        -0.5637110649470979
      ],
      [
        -0.5265567558749932,
        1.0,
        -0.5009074526543333,
        -0.7027311631653048,
        -0.06193352367110357,
        -0.6727233232748528,
        -0.6604076337739491,
        -0.42682215635577553,
        -0.6124765490782036,
        -0.693921648795428,
        -0.6531075397166318,
        -0.5500585256332399,
        -0.6799362769940334,
        -0.7093228907862713
      ],
      [
        -0.5561220537667715,
        -0.5009074526543333,
        1.0,
        -0.6805636745540515,
        -0.6211895691835061,
        -0.4692982109152194,
        -0.6694114755892622,
        -0.2691569234032474,
        -0.6447088057253936,
        -0.7089457974202891,
        -0.6604764145641797,
        -0.6938014516576365,
        -0.707208000500769,
        -0.7066350051342525
      ],
      [
        -0.7149779756031616,
        -0.7027311631653048,
        -0.6805636745540515,
        1.0,
        -0.679138608249672,
        -0.724386319696311,
        -0.7107821818306039,
        -0.6852380737166923,
        -0.700377167908619,
        -0.7336156132948382,
        -0.7125258181782119,
        -0.7381635040252228,
        -0.7422104735897799,
        -0.7507665483341617
      ],
      [
        -0.6520229155953464,
        -0.06193352367110357,
        -0.6211895691835061,
        -0.679138608249672,
        1.0,
        -0.6730357493954134,
        -0.6467019372547524,
        -0.6343252855009802,
        -0.3892763681833381,
        -0.695318921910324,
        -0.6495496104653093,
        -0.5547533184901415,
        -0.6746835523152848,
        -0.7204391958246311
      ],
      [
        -0.6567878850512692,
        -0.6727233232748528,
        -0.4692982109152194,
        -0.724386319696311,
        -0.6730357493954134,
        1.0,
        -0.6605274762901643,
        -0.42783427745479435,
        -0.6519317607957889,
        -0.7027918629955944,
        -0.6353034002320863,
        -0.7222905915147099,
        -0.6848402652976884,
        -0.7158820568759334
      ],
      [
        -0.5244144969629018,
        -0.6604076337739491,
        -0.6694114755892622,
        -0.7107821818306039,
        -0.6467019372547524,
        -0.6605274762901643,
        1.0,
        -0.6166312734339372,
        -0.5419876238764147,
        -0.38231812750576943,
        -0.37824641328524056,
        -0.7336814302950119,
        -0.6813180536619494,
        -0.6876095263493728
      ],
      [
        -0.46431457090273165,
        -0.42682215635577553,
        -0.2691569234032474,
        -0.6852380737166923,
        -0.6343252855009802,
        -0.42783427745479435,
        -0.6166312734339372,
        1.0,
        -0.5713810879817178,
        -0.6940447921261244,
        -0.5328277152016896,
        -0.6868485932957479,
        -0.689437825478519,
        -0.6930389209128267
      ],
      [
        -0.623561747704956,
        -0.6124765490782036,
        -0.6447088057253936,
        -0.700377167908619,
        -0.3892763681833381,
        -0.6519317607957889,
        -0.5419876238764147,
        -0.5713810879817178,
        1.0,
        -0.6494821940470716,
        -0.3826960184988885,
        -0.7230577113697665,
        -0.673840472061876,
        -0.7036331236143123
      ],
      [
        -0.6930677010817856,
        -0.693921648795428,
        -0.7089457974202891,
        -0.7336156132948382,
        -0.695318921910324,
        -0.7027918629955944,
        -0.38231812750576943,
        -0.6940447921261244,
        -0.6494821940470716,
        1.0,
        -0.6533154166968037,
        -0.7385988230981622,
        -0.7141836504822613,
        -0.7233936597823304
      ],
      [
        -0.5046724495106503,
        -0.6531075397166318,
        -0.6604764145641797,
        -0.7125258181782119,
        -0.6495496104653093,
        -0.6353034002320863,
        -0.37824641328524056,
        -0.5328277152016896,
        -0.3826960184988885,
        -0.6533154166968037,
        1.0,
        -0.7277585548831427,
        -0.5874101055681518,
        -0.6269550855165318
      ],
      [
        -0.6538316051536643,
        -0.5500585256332399,
        -0.6938014516576365,
        -0.7381635040252228,
        -0.5547533184901415,
        -0.7222905915147099,
        -0.7336814302950119,
        -0.6868485932957479,
        -0.7230577113697665,
        -0.7385988230981622,
        -0.7277585548831427,
        1.0,
        -0.7010727992471635,
        -0.6956514468991108
      ],
      [
        -0.6695291500876586,
        -0.6799362769940334,
        -0.707208000500769,
        -0.7422104735897799,
        -0.6746835523152848,
        -0.6848402652976884,
        -0.6813180536619494,
        -0.689437825478519,
        -0.673840472061876,
        -0.7141836504822613,
        -0.5874101055681518,
        -0.7010727992471635,
        1.0,
        -0.6014810154520631
      ],
      [
        -0.5637110649470979,
        -0.7093228907862713,
        -0.7066350051342525,
        -0.7507665483341617,
        -0.7204391958246311,
        -0.7158820568759334,
        -0.6876095263493728,
        -0.6930389209128267,
        -0.7036331236143123,
        -0.7233936597823304,
        -0.6269550855165318,
        -0.6956514468991108,
        -0.6014810154520631,
        1.0
      ]
    ],
    "series": {
      "2020-01": [
        28,
        4,
        10,
        11,
        17,
        5,
        11,
        10,
        1,
        3,
        5,
        4,
        4,
        2
      ],
      "2020-02": [
        18,
        5,
        8,
        13,
        6,
        5,
        9,
        11,
        7,
        3,
        11,
        11,
        3,
        2
      ],
      "2020-03": [
        30,
        12,
        9,
        4,
        8,
        0,
        17,
        8,
        1,
        1,
        7,
        8,
        0,
        7
      ],
      "2020-04": [
        21,
        6,
        6,
        15,
        8,
        1,
        13,
        1,
        3,
        7,
        9,
        4,
        4,
        5
      ],
      "2020-05": [
        26,
        15,
        19,
        9,
        18,
        3,
        10,
        10,
        1,
        8,
        7,
        5,
        4,
        5
      ],
      "2020-06": [
        26,
        6,
        16,
        21,
        8,
        5,
        15,
        6,
        4,
        6,
        8,
        13,
        7,
        7
      ],
      "2020-07": [
        28,
        4,
        14,
        11,
        10,
        4,
        9,
        7,
        5,
        6,
        7,
        10,
        1,
        5
      ],
      "2020-08": [
        17,
        5,
        15,
        17,
        6,
        1,
        11,
        9,
        2,
        5,
        8,
        9,
        5,
        5
      ],
      "2020-09": [
        26,
        7,
        12,
        16,
        10,
        3,
        16,
        6,
        5,
        5,
        5,
        4,
        1,
        7
      ],
      "2020-10": [
        26,
        10,
        9,
        10,
        14,
        1,
        14,
        5,
        4,
        2,
        3,
        4,
        5,
        5
      ],
      "2020-11": [
        32,
        9,
        16,
        14,
        9,
        1,
        13,
        5,
        2,
        4,
        4,
        5,
        4,
        3
      ],
      "2020-12": [
        22,
        6,
        14,
        16,
        12,
        3,
        10,
        5,
        4,
        6,
        15,
        11,
        6,
        6
      ],
      "2021-01": [
        25,
        9,
        8,
        14,
        7,
        1,
        13,
        11,
        2,
        3,
        4,
        9,
        2,
        6
      ],
      "2021-02": [
        15,
        7,
        8,
        2,
        7,
        0,
        12,
        2,
        1,
        5,
        8,
        5,
        7,
        6
      ],
      "2021-03": [
        26,
        6,
        9,
        13,
        7,
        2,
        10,
        6,
        6,
        5,
        6,
        5,
        5,
        3
      ],
      "2021-04": [
        25,
        6,
        13,
        13,
        5,
        0,
        8,
        6,
        3,
        4,
        7,
        5,
        2,
        4
      ],
      "2021-05": [
        14,
        4,
        22,
        11,
        3,
        0,
        6,
        9,
        5,
        7,
        3,
        6,
        2,
        9
      ],
      "2021-06": [
        20,
        9,
        8,
        14,
        14,
        2,
        11,
        2,
        5,
        3,
        6,
        3,
        3,
        5
      ],
      "2021-07": [
        22,
        12,
        10,
        18,
        8,
        4,
        19,
        4,
        1,
        6,
        7,
        10,
        2,
        5
      ],
      "2021-08": [
        20,
        3,
        18,
        12,
        5,
        2,
        11,
        3,
        1,
        4,
        4,
        11,
        2,
        4
      ],
      "2021-09": [
        30,
        6,
        10,
        8,
        13,
        2,
        9,
        3,
        6,
        9,
        9,
        5,
        6,
        5
      ],
      "2021-10": [
        17,
        3,
        12,
        9,
        8,
        0,
        15,
        4,
        6,
        4,
        5,
        7,
        4,
        9
      ],
      "2021-11": [
        17,
        6,
        11,
        7,
        11,
        2,
        15,
        4,
        1,
        5,
        4,
        5,
        4,
        2
      ],
      "2021-12": [
        19,
        5,
        12,
        15,
        9,
        2,
        15,
        13,
        5,
        4,
        12,
        6,
        5,
        7
      ],
      "2022-01": [
        21,
        7,
        9,
        8,
        15,
        1,
        9,
        9,
        4,
        3,
        2,
        8,
        4,
        5
      ],
      "2022-02": [
        26,
        4,
        13,
        12,
        8,
        4,
        12,
        4,
        1,
        2,
        4,
        6,
        4,
        5
      ],
      "2022-03": [
        33,
        7,
        17,
        13,
        15,
        2,
        16,
        6,
        5,
        7,
        10,
        5,
        3,
        7
      ],
      "2022-04": [
        28,
        3,
        12,
        9,
        8,
        0,
        11,
        4,
        0,
        1,
        9,
        4,
        5,
        8
      ],
      "2022-05": [
        23,
        9,
        7,
        5,
        22,
        1,
        13,
        5,
        7,
        3,
        9,
        5,
        4,
        5
      ],
      "2022-06": [
        23,
        4,
        8,
        11,
        13,
        2,
        7,
        2,
        1,
        6,
        10,
        4,
        0,
        2
      ],
      "2022-07": [
        20,
        3,
        15,
        5,
        5,
        0,
        11,
        8,
        1,
        4,
        7,
        3,
        4,
        5
      ],
      "2022-08": [
        20,
        5,
        12,
        9,
        6,
        2,
        13,
        8,
        1,
        4,
        8,
        3,
        4,
        3
      ],
      "2022-09": [
        26,
        5,
        9,
        20,
        7,
        2,
        13,
        3,
        4,
        10,
        6,
        4,
        5,
        5
      ],
      "2022-10": [
        24,
        9,
        6,
        18,
        8,
        0,
        26,
        4,
        2,
        5,
        8,
        8,
        4,
        10
      ],
      "2022-11": [
        26,
        8,
        10,
        10,
        10,
        2,
        15,
        3,
        4,
        6,
        4,
        3,
        4,
        5
      ],
      "2022-12": [
        17,
        6,
        12,
        10,
        11,
        0,
        12,
        5,
        2,
        2,
        9,
        7,
        4,
        4
      ],
      "2023-01": [
        20,
        4,
        8,
        14,
        15,
        4,
        12,
        3,
        1,
        6,
        4,
        1,
        5,
        4
      ],
      "2023-02": [
        14,
        9,
        12,
        15,
        6,
        1,
        10,
        4,
        3,
        2,
        7,
        3,
        4,
        3
      ],
      "2023-03": [
        12,
        11,
        11,
        9,
        7,
        0,
        13,
        9,
        3,
        3,
        4,
        4,
        5,
        8
      ],
      "2023-04": [
        23,
        4,
        11,
        8,
        12,
        1,
        13,
        5,
        2,
        4,
        10,
        6,
        5,
        6
      ],
      "2023-05": [
        21,
        2,
        12,
        13,
        9,
        1,
        13,
        8,
        2,
        6,
        6,
        3,
        0,
        17
      ],
      "2023-06": [
        32,
        3,
        12,
        8,
        8,
        3,
        10,
        7,
        4,
        2,
        6,
        2,
        7,
        8
      ],
      "2023-07": [
        32,
        5,
        14,
        18,
        15,
        0,
        10,
        4,
        4,
        3,
        10,
        4,
        2,
        5
      ],
      "2023-08": [
        18,
        1,
        8,
        14,
        10,
        3,
        14,
        6,
        2,
        5,
        6,
        3,
        3,
        7
      ],
      "2023-09": [
        24,
        9,
        11,
        8,
        10,
        4,
        17,
        7,
        2,
        8,
        6,
        6,
        7,
        6
      ],
      "2023-10": [
        23,
        7,
        11,
        14,
        6,
        2,
        11,
        5,
        4,
        2,
        5,
        6,
        1,
        6
      ],
      "2023-11": [
        25,
        12,
        8,
        14,
        4,
        5,
        15,
        7,
        5,
        2,
        8,
        4,
        4,
        6
      ],
      "2023-12": [
        33,
        8,
        12,
        14,
        10,
        2,
        11,
        2,
        2,
        4,
        9,
        5,
        5,
        7
      ],
      "2024-01": [
        17,
        4,
        18,
        5,
        9,
        2,
        12,
        5,
        5,
        10,
        5,
        5,
        2,
        7
      ],
      "2024-02": [
        22,
        3,
        15,
        15,
        12,
        5,
        9,
        7,
        4,
        2,
        11,
        4,
        9,
        8
      ],
      "2024-03": [
        22,
        4,
        10,
        12,
        14,
        2,
        14,
        5,
        5,
        3,
        5,
        5,
        4,
        3
      ],
      "2024-04": [
        28,
        4,
        10,
        10,
        8,
        3,
        13,
        5,
        1,
        2,
        6,
        2,
        7,
        4
      ],
      "2024-05": [
        27,
        6,
        17,
        11,
        8,
        3,
        13,
        6,
        1,
        4,
        6,
        2,
        5,
        3
      ],
      "2024-06": [
        22,
        6,
        7,
        8,
        7,
        2,
        17,
        5,
        3,
        3,
        8,
        6,
        3,
        7
      ],
      "2024-07": [
        37,
        8,
        10,
        13,
        11,
        1,
        16,
        7,
        3,
        5,
        14,
        2,
        7,
        8
      ],
      "2024-08": [
        19,
        7,
        8,
        7,
        7,
        2,
        13,
        3,
        3,
        0,
        5,
        5,
        3,
        7
      ],
      "2024-09": [
        25,
        7,
        8,
        14,
        6,
        4,
        13,
        7,
        6,
        4,
        2,
        4,
        6,
        5
      ],
      "2024-10": [
        26,
        9,
        16,
        10,
        16,
        4,
        17,
        10,
        4,
        4,
        6,
        3,
        3,
        8
      ],
      "2024-11": [
        24,
        2,
        14,
        12,
        8,
        2,
        12,
        6,
        2,
        6,
        12,
        3,
        4,
        9
      ],
      "2024-12": [
        34,
        6,
        14,
        16,
        13,
        5,
        16,
        10,
        3,
        8,
        8,
        6,
        2,
        5
      ],
      "2025-01": [
        27,
        12,
        15,
        13,
        8,
        4,
        12,
        5,
        2,
        5,
        5,
        3,
        4,
        11
      ],
      "2025-02": [
        27,
        8,
        14,
        11,
        13,
        6,
        14,
        0,
        2,
        9,
        6,
        4,
        7,
        9
      ],
      "2025-03": [
        17,
        3,
        8,
        17,
        17,
        5,
        15,
        5,
        4,
        5,
        9,
        7,
        9,
        8
      ],
      "2025-04": [
        29,
        8,
        11,
        9,
        9,
        5,
        10,
        4,
        0,
        4,
        4,
        5,
        1,
        2
      ],
      "2025-05": [
        31,
        3,
        13,
        8,
        6,
        2,
        15,
        1,
        1,
        7,
        10,
        4,
        9,
        4
      ],
      "2025-06": [
        21,
        2,
        10,
        8,
        7,
        6,
        15,
        0,
        6,
        6,
        8,
        3,
        5,
        6
      ],
      "2025-07": [
        21,
        6,
        12,
        19,
        2,
        3,
        12,
        7,
        2,
        6,
        12,
        2,
        4,
        4
      ],
      "2025-08": [
        32,
        3,
        15,
        19,
        10,
        1,
        12,
        6,
        3,
        6,
        7,
        8,
        4,
        7
      ],
      "2025-09": [
        20,
        5,
        3,
        8,
        12,
        2,
        11,
        1,
        3,
        6,
        7,
        3,
        5,
        1
      ]
    },
    "papers": {
      "0": [
        {
          "title": "Weak Hardy Spaces Associated with Ball Quasi-Banach Function Spaces on Spaces of Homogeneous Type: Decompositions, Real Interpolation, and Calderón--Zygmund Operators",
          "year": "2022-01",
          "abstract": "Let $(\\mathbb{X},d,\\mu)$ be a space of homogeneous type in the sense of R. R.\nCoifman and G. Weiss, and $X(\\mathbb{X})$ a ball quasi-Banach function space on\n$\\mathbb{X}$. In this article, the authors introduce the weak Hardy space\n$WH_X(\\mathbb{X})$ associated with $X(\\mathbb{X})$ via the grand maximal\nfunction, and characterize $WH_X(\\mathbb{X})$ by other maximal functions and\natoms. The authors then apply these characterizations to obtain the real\ninterpolation and the boundedness of Calder\\'{o}n--Zygmund operators in the\ncritical case. The main novelties of this article exist in that the authors use\nthe Aoki--Rolewicz theorem and both the dyadic system and the exponential decay\nof approximations of the identity on $\\mathbb{X}$, which closely connect with\nthe geometrical properties of $\\mathbb{X}$, to overcome the difficulties caused\nby the absence of both the triangle inequality of $\\|\\cdot\\|_{X(\\mathbb{X})}$\nand the reverse doubling assumption of the measure $\\mu$ under consideration,\nand also use the relation between the convexification of $X(\\mathbb{X})$ and\nthe weak space $WX(\\mathbb{X})$ associated with $X(\\mathbb{X})$ to prove that\nthe infinite summation of atoms converges in the space of distributions on\n$\\mathbb{X}$. Moreover, all these results have a wide range of generality and,\nparticularly, even when they are applied to the weighted Lebesgue space, the\nOrlicz space, and the variable Lebesgue space, the obtained results are also\nnew and, actually, some of them are new even on RD-spaces (namely, spaces of\nhomogeneous type satisfying the additional reverse doubling condition).",
          "arxiv_id": "2201.09264v1"
        },
        {
          "title": "Brezis--Van Schaftingen--Yung Formulae in Ball Banach Function Spaces with Applications to Fractional Sobolev and Gagliardo--Nirenberg Inequalities",
          "year": "2021-09",
          "abstract": "Let $X$ be a ball Banach function space on ${\\mathbb R}^n$. In this article,\nunder some mild assumptions about both $X$ and the boundedness of the\nHardy--Littlewood maximal operator on the associate space of the\nconvexification of $X$, the authors prove that, for any locally integrable\nfunction $f$ with $\\|\\,|\\nabla f|\\,\\|_{X}<\\infty$,\n$$\\sup_{\\lambda\\in(0,\\infty)}\\lambda\\left \\|\\left|\\left\\{y\\in{\\mathbb R}^n:\\\n|f(\\cdot)-f(y)| >\\lambda|\\cdot-y|^{\\frac{n}{q}+1}\\right\\}\\right|^{\\frac{1}{q}}\n\\right\\|_X\\sim \\|\\,|\\nabla f|\\,\\|_X$$ with the positive equivalence constants\nindependent of $f$, where the index $q\\in(0,\\infty)$ is related to $X$ and\n$|\\{y\\in{\\mathbb R}^n:\\ |f(\\cdot)-f(y)| >\\lambda|\\cdot-y|^{\\frac{n}{q}+1}\\}|$\nis the Lebesgue measure of the set under consideration. In particular, when\n$X:=L^p({\\mathbb R}^n)$ with $p\\in [1,\\infty)$, the above formulae hold true\nfor any given $q\\in (0,\\infty)$ with $n(\\frac{1}{p}-\\frac{1}{q})<1$, which when\n$q=p$ are exactly the recent surprising formulae of H. Brezis, J. Van\nSchaftingen, and P.-L. Yung, and which in other cases are new. This\ngeneralization has a wide range of applications and, particularly, enables the\nauthors to establish new fractional Sobolev and new Gagliardo--Nirenberg\ninequalities in various function spaces, including Morrey spaces, mixed-norm\nLebesgue spaces, variable Lebesgue spaces, weighted Lebesgue spaces, Orlicz\nspaces, and Orlicz-slice (generalized amalgam) spaces, and, even in all these\nspecial cases, the obtained results are new. The proofs of these results\nstrongly depend on the Poincar\\'e inequality, the extrapolation, the exact\noperator norm on $X'$ of the Hardy--Littlewood maximal operator, and the\nexquisite geometry of $\\mathbb{R}^n.$",
          "arxiv_id": "2109.04638v2"
        },
        {
          "title": "Hardy type spaces estimates for multilinear fractional integral operators",
          "year": "2025-03",
          "abstract": "In this paper, we prove the boundedness of multilinear fractional integral\noperators from products of Hardy spaces associated with ball quasi-Banach\nfunction spaces into their corresponding ball quasi-Banach function spaces. As\napplications, we establish the boundedness of these operators on various\nfunction spaces, including weighted Hardy spaces, variable Hardy spaces,\nmixed-norm Hardy spaces, Hardy--Lorentz spaces, and Hardy--Orlicz spaces.\nNotably, several of these results are new, even in special cases, and extend\nthe existing theory of multilinear operators in the context of generalized\nHardy spaces.",
          "arxiv_id": "2503.23589v1"
        }
      ],
      "1": [
        {
          "title": "Fundamental solutions for parabolic equations and systems: universal existence, uniqueness, representation",
          "year": "2024-12",
          "abstract": "In this paper, we develop a universal, conceptually simple and systematic\nmethod to prove well-posedness to Cauchy problems for weak solutions of\nparabolic equations with non-smooth, time-dependent, elliptic part having a\nvariational definition. Our classes of weak solutions are taken with minimal\nassumptions. We prove the existence and uniqueness of a fundamental solution\nwhich seems new in this generality: it is shown to always coincide with the\nassociated evolution family for the initial value problem with zero source and\nit yields representation of all weak solutions. Our strategy is a variational\napproach avoiding density arguments, a priori regularity of weak solutions or\nregularization by smooth operators. One of our main tools are embedding results\nwhich yield time continuity of our weak solutions going beyond the celebrated\nLions regularity theorem and that is addressing a variety of source terms. We\nillustrate our results with three concrete applications : second order\nuniformly elliptic part with Dirichlet boundary condition on domains,\nintegro-differential elliptic part, and second order degenerate elliptic part.",
          "arxiv_id": "2412.18436v3"
        },
        {
          "title": "Periodic solutions of a class of second-order non-autonomous differential equations",
          "year": "2025-04",
          "abstract": "This paper investigates the dynamical behavior of periodic solutions for a\nclass of second-order non-autonomous differential equations. First, based on\nthe Lyapunov-Schmidt reduction method for finite-dimensional functions, the\ncorresponding bifurcation function is constructed, and it is proven that the\nsystem possesses at least one T-periodic solution. Second, a two-timing method\nis employed to perform perturbation analysis on the original equation. By\nseparating the fast and slow time scales, an explicit expression for the\napproximate T-periodic solution is derived. Furthermore, for the stability of\nthe system under parametric excitation, the bifurcation characteristics near\nthe first instability tongue are revealed through perturbation expansion and\neigenvalue analysis. Additionally, the Ince-Strutt stability diagram is plotted\nto illustrate the stability boundaries.",
          "arxiv_id": "2504.01544v1"
        },
        {
          "title": "Persistence and periodic solutions in systems of delay differential equations",
          "year": "2020-01",
