{
  "topics": {
    "data": {
      "0": {
        "name": "0_learning_molecular_models_data",
        "keywords": [
          [
            "learning",
            0.025010825623805934
          ],
          [
            "molecular",
            0.019654909225512517
          ],
          [
            "models",
            0.018695041051764148
          ],
          [
            "data",
            0.01654833553563259
          ],
          [
            "machine",
            0.014579817642086821
          ],
          [
            "training",
            0.014369529099055735
          ],
          [
            "model",
            0.014240049337371365
          ],
          [
            "machine learning",
            0.013329272239482874
          ],
          [
            "molecules",
            0.010657293015186694
          ],
          [
            "accuracy",
            0.010624237401003366
          ]
        ],
        "count": 1447
      },
      "1": {
        "name": "1_molecules_molecular_state_laser",
        "keywords": [
          [
            "molecules",
            0.017735497799743028
          ],
          [
            "molecular",
            0.013878524352502364
          ],
          [
            "state",
            0.01308327607196835
          ],
          [
            "laser",
            0.011826880184828708
          ],
          [
            "energy",
            0.01163348531905229
          ],
          [
            "states",
            0.0107355057218919
          ],
          [
            "rotational",
            0.010726215781856754
          ],
          [
            "electron",
            0.010357972276065622
          ],
          [
            "molecule",
            0.009852653168909866
          ],
          [
            "vibrational",
            0.009050427608817802
          ]
        ],
        "count": 1339
      },
      "2": {
        "name": "2_surface_properties_metal_materials",
        "keywords": [
          [
            "surface",
            0.014526960700494987
          ],
          [
            "properties",
            0.01126350083914939
          ],
          [
            "metal",
            0.011250143400722298
          ],
          [
            "materials",
            0.009619236655248768
          ],
          [
            "high",
            0.00926508316215338
          ],
          [
            "2D",
            0.008870501954520079
          ],
          [
            "energy",
            0.008775631026162668
          ],
          [
            "catalysts",
            0.008696207212994791
          ],
          [
            "activity",
            0.008629628723801392
          ],
          [
            "perovskite",
            0.00856133215783806
          ]
        ],
        "count": 771
      },
      "3": {
        "name": "3_cavity_coupling_light_strong",
        "keywords": [
          [
            "cavity",
            0.038177609414355294
          ],
          [
            "coupling",
            0.026855324671544153
          ],
          [
            "light",
            0.024327307869176064
          ],
          [
            "strong",
            0.01974768766524095
          ],
          [
            "quantum",
            0.019609123978593775
          ],
          [
            "polariton",
            0.01911180934145138
          ],
          [
            "molecular",
            0.018127514984836085
          ],
          [
            "matter",
            0.017805782959565662
          ],
          [
            "optical",
            0.015969253245734588
          ],
          [
            "vibrational",
            0.015785237699274802
          ]
        ],
        "count": 442
      },
      "4": {
        "name": "4_quantum_Quantum_VQE_state",
        "keywords": [
          [
            "quantum",
            0.05827507914078492
          ],
          [
            "Quantum",
            0.019058989696512846
          ],
          [
            "VQE",
            0.01831550380455358
          ],
          [
            "state",
            0.015598399587310434
          ],
          [
            "variational",
            0.015015157391661003
          ],
          [
            "algorithms",
            0.014467073234501155
          ],
          [
            "computers",
            0.014255955016546031
          ],
          [
            "algorithm",
            0.014196951223585288
          ],
          [
            "ground",
            0.012578500515157692
          ],
          [
            "quantum computers",
            0.012288579639776701
          ]
        ],
        "count": 428
      },
      "5": {
        "name": "5_cluster_correlation_method_methods",
        "keywords": [
          [
            "cluster",
            0.02157994400549271
          ],
          [
            "correlation",
            0.016639091781345247
          ],
          [
            "method",
            0.016569470382281237
          ],
          [
            "methods",
            0.015285515894235706
          ],
          [
            "theory",
            0.014526462815990682
          ],
          [
            "states",
            0.014117753068530874
          ],
          [
            "excited",
            0.013600330825036462
          ],
          [
            "basis",
            0.013579260110478433
          ],
          [
            "CC",
            0.012653071110523736
          ],
          [
            "orbitals",
            0.012621282122828308
          ]
        ],
        "count": 404
      },
      "6": {
        "name": "6_density_functional_DFT_functionals",
        "keywords": [
          [
            "density",
            0.03577467722636504
          ],
          [
            "functional",
            0.03142000848227885
          ],
          [
            "DFT",
            0.021800256492994448
          ],
          [
            "functionals",
            0.02057692793179304
          ],
          [
            "density functional",
            0.020249021046722923
          ],
          [
            "theory",
            0.017731643973514444
          ],
          [
            "correlation",
            0.017311840358743932
          ],
          [
            "exchange",
            0.016392867579515864
          ],
          [
            "energy",
            0.01637962791082838
          ],
          [
            "Kohn",
            0.015945879804907866
          ]
        ],
        "count": 400
      },
      "7": {
        "name": "7_quantum_dynamics_bath_systems",
        "keywords": [
          [
            "quantum",
            0.039940022856153376
          ],
          [
            "dynamics",
            0.03199943513690973
          ],
          [
            "bath",
            0.020670671508007492
          ],
          [
            "systems",
            0.017816692976607793
          ],
          [
            "time",
            0.017795491054538766
          ],
          [
            "classical",
            0.015858250404762495
          ],
          [
            "non",
            0.014783128678318306
          ],
          [
            "open quantum",
            0.013663025119935345
          ],
          [
            "approach",
            0.01316954720160842
          ],
          [
            "open",
            0.012923373343553602
          ]
        ],
        "count": 312
      },
      "8": {
        "name": "8_reaction_time_chemical_diffusion",
        "keywords": [
          [
            "reaction",
            0.03466353565922118
          ],
          [
            "time",
            0.02235313848168639
          ],
          [
            "chemical",
            0.02194875958395993
          ],
          [
            "diffusion",
            0.020812678746644993
          ],
          [
            "reactions",
            0.018767696228961666
          ],
          [
            "systems",
            0.017281126871831042
          ],
          [
            "equilibrium",
            0.015454107773500383
          ],
          [
            "steady",
            0.014084652474462002
          ],
          [
            "stochastic",
            0.013446190709791249
          ],
          [
            "thermodynamic",
            0.012785860377462967
          ]
        ],
        "count": 290
      },
      "9": {
        "name": "9_polymer_dynamics_liquid_particles",
        "keywords": [
          [
            "polymer",
            0.022242280726969148
          ],
          [
            "dynamics",
            0.01558156968660755
          ],
          [
            "liquid",
            0.014834537807653163
          ],
          [
            "particles",
            0.014487311099223469
          ],
          [
            "fluid",
            0.014433640270901117
          ],
          [
            "shear",
            0.013734485292654763
          ],
          [
            "particle",
            0.01283845694925362
          ],
          [
            "diffusion",
            0.011455813179732764
          ],
          [
            "relaxation",
            0.01142221991615498
          ],
          [
            "size",
            0.01057931602008612
          ]
        ],
        "count": 234
      },
      "10": {
        "name": "10_charge_electrolyte_ion_ionic",
        "keywords": [
          [
            "charge",
            0.025709074280572234
          ],
          [
            "electrolyte",
            0.02391801995352858
          ],
          [
            "ion",
            0.02256259946199474
          ],
          [
            "ionic",
            0.020026397423897998
          ],
          [
            "ions",
            0.020011429354277865
          ],
          [
            "electric",
            0.018307261537481995
          ],
          [
            "layer",
            0.015919838124640158
          ],
          [
            "water",
            0.015600392843968086
          ],
          [
            "nanopores",
            0.015530512215186216
          ],
          [
            "surface",
            0.015458958986469932
          ]
        ],
        "count": 232
      },
      "11": {
        "name": "11_batteries_lithium_battery_Li",
        "keywords": [
          [
            "batteries",
            0.03821313179284129
          ],
          [
            "lithium",
            0.0362538238690168
          ],
          [
            "battery",
            0.036118760678165315
          ],
          [
            "Li",
            0.03525524411371552
          ],
          [
            "ion",
            0.03147196978442343
          ],
          [
            "electrode",
            0.02362693960471959
          ],
          [
            "electrochemical",
            0.023204533184916866
          ],
          [
            "electrolyte",
            0.022176513537358774
          ],
          [
            "model",
            0.019914394351701094
          ],
          [
            "capacity",
            0.019637882282105994
          ]
        ],
        "count": 195
      },
      "12": {
        "name": "12_water_liquid_ice_hydrogen",
        "keywords": [
          [
            "water",
            0.06741760856477515
          ],
          [
            "liquid",
            0.02332236823961619
          ],
          [
            "ice",
            0.02129481279879771
          ],
          [
            "hydrogen",
            0.01621191133644133
          ],
          [
            "simulations",
            0.015955963842250998
          ],
          [
            "dynamics",
            0.015207351087499961
          ],
          [
            "molecular",
            0.014715546488791564
          ],
          [
            "liquid water",
            0.013985750903221175
          ],
          [
            "properties",
            0.013254635642830304
          ],
          [
            "model",
            0.012733917793833512
          ]
        ],
        "count": 186
      },
      "13": {
        "name": "13_NMR_magnetic_polarization_spin",
        "keywords": [
          [
            "NMR",
            0.05998658277870511
          ],
          [
            "magnetic",
            0.03332507376683948
          ],
          [
            "polarization",
            0.03305057146002027
          ],
          [
            "spin",
            0.03279175097487798
          ],
          [
            "DNP",
            0.03145996385929059
          ],
          [
            "nuclear",
            0.03065354375552189
          ],
          [
            "field",
            0.02406993520523863
          ],
          [
            "resonance",
            0.020341112314102315
          ],
          [
            "spins",
            0.019047989402673025
          ],
          [
            "magnetic resonance",
            0.018164819406637087
          ]
        ],
        "count": 177
      },
      "14": {
        "name": "14_combustion_chemical_model_data",
        "keywords": [
          [
            "combustion",
            0.029926353588811096
          ],
          [
            "chemical",
            0.020410078146235223
          ],
          [
            "model",
            0.018204576522718396
          ],
          [
            "data",
            0.01675679874880062
          ],
          [
            "fuel",
            0.01658513540540621
          ],
          [
            "mixtures",
            0.016427515071041034
          ],
          [
            "gas",
            0.016358792691416293
          ],
          [
            "models",
            0.015036262895764686
          ],
          [
            "species",
            0.0147448273544579
          ],
          [
            "ignition",
            0.012895412845078315
          ]
        ],
        "count": 140
      }
    },
    "correlations": [
      [
        1.0,
        -0.6916089531288787,
        -0.7448818443611176,
        -0.7399024433321761,
        -0.7037195363608737,
        -0.7414154669569508,
        -0.6943598366942985,
        -0.6927382835073181,
        -0.7017937101533364,
        -0.7471206739399662,
        -0.745603808786984,
        -0.7355352408954399,
        -0.679674667473332,
        -0.7314613355207816,
        -0.7182150746898607
      ],
      [
        -0.6916089531288787,
        1.0,
        -0.40384796007153145,
        -0.7136225068741386,
        -0.6947215493775792,
        -0.7071812150888428,
        -0.7141024432856216,
        -0.7210506196337514,
        -0.6643156527703991,
        -0.7470197360174324,
        -0.7431005008726053,
        -0.7449029501846574,
        -0.7152460656643722,
        -0.7172584927712531,
        -0.5790753452852915
      ],
      [
        -0.7448818443611176,
        -0.40384796007153145,
        1.0,
        -0.7431543298767871,
        -0.7432797089236705,
        -0.7500020398649898,
        -0.7355523409901661,
        -0.7457019180109329,
        -0.720985658215441,
        -0.7445080261093269,
        -0.7404702714518454,
        -0.745052548424072,
        -0.7292881132279732,
        -0.7474478669824627,
        -0.31800713150491977
      ],
      [
        -0.7399024433321761,
        -0.7136225068741386,
        -0.7431543298767871,
        1.0,
        -0.6890525613718328,
        -0.7348165666596274,
        -0.7343011842629212,
        -0.6682130803272328,
        -0.7123534990990146,
        -0.7545293509517299,
        -0.7421923964206694,
        -0.7457272755281286,
        -0.7300662888121165,
        -0.7277079812711869,
        -0.7452365764036386
      ],
      [
        -0.7037195363608737,
        -0.6947215493775792,
        -0.7432797089236705,
        -0.6890525613718328,
        1.0,
        -0.644603091317917,
        -0.7026032964277718,
        -0.5112361114753616,
        -0.7125911676010164,
        -0.7611333347483455,
        -0.751807328771894,
        -0.7529555781560331,
        -0.7318301416178719,
        -0.7138472412740754,
        -0.74248087254874
      ],
      [
        -0.7414154669569508,
        -0.7071812150888428,
        -0.7500020398649898,
        -0.7348165666596274,
        -0.644603091317917,
        1.0,
        -0.6930412201437612,
        -0.7347797529126503,
        -0.7352715406690924,
        -0.7623373971536698,
        -0.7555734191277435,
        -0.7555711485546717,
        -0.744380407344331,
        -0.7364740513967722,
        -0.7492355440114793
      ],
      [
        -0.6943598366942985,
        -0.7141024432856216,
        -0.7355523409901661,
        -0.7343011842629212,
        -0.7026032964277718,
        -0.6930412201437612,
        1.0,
        -0.7278176098792943,
        -0.7222201049357486,
        -0.7512323142371311,
        -0.728490084698918,
        -0.744993776973468,
        -0.7054936682668378,
        -0.732721006174193,
        -0.7405664201327485
      ],
      [
        -0.6927382835073181,
        -0.7210506196337514,
        -0.7457019180109329,
        -0.6682130803272328,
        -0.5112361114753616,
        -0.7347797529126503,
        -0.7278176098792943,
        1.0,
        -0.69116843854786,
        -0.7319568520654289,
        -0.7412553474831938,
        -0.7515043623789377,
        -0.692467728982282,
        -0.7160826005706008,
        -0.744684627727422
      ],
      [
        -0.7017937101533364,
        -0.6643156527703991,
        -0.720985658215441,
        -0.7123534990990146,
        -0.7125911676010164,
        -0.7352715406690924,
        -0.7222201049357486,
        -0.69116843854786,
        1.0,
        -0.7477971506129488,
        -0.7369920316577743,
        -0.7360955924855906,
        -0.7184003722974552,
        -0.7297719094998303,
        -0.6406031871511664
      ],
      [
        -0.7471206739399662,
        -0.7470197360174324,
        -0.7445080261093269,
        -0.7545293509517299,
        -0.7611333347483455,
        -0.7623373971536698,
        -0.7512323142371311,
        -0.7319568520654289,
        -0.7477971506129488,
        1.0,
        -0.7486264125845526,
        -0.7516272264369419,
        -0.7356584581545076,
        -0.7584186317309847,
        -0.753926404268626
      ],
      [
        -0.745603808786984,
        -0.7431005008726053,
        -0.7404702714518454,
        -0.7421923964206694,
        -0.751807328771894,
        -0.7555734191277435,
        -0.728490084698918,
        -0.7412553474831938,
        -0.7369920316577743,
        -0.7486264125845526,
        1.0,
        -0.6103386180969423,
        -0.6848253019509429,
        -0.7473739360287364,
        -0.749001892309318
      ],
      [
        -0.7355352408954399,
        -0.7449029501846574,
        -0.745052548424072,
        -0.7457272755281286,
        -0.7529555781560331,
        -0.7555711485546717,
        -0.744993776973468,
        -0.7515043623789377,
        -0.7360955924855906,
        -0.7516272264369419,
        -0.6103386180969423,
        1.0,
        -0.7377338847865835,
        -0.7482328252437906,
        -0.7476278528327436
      ],
      [
        -0.679674667473332,
        -0.7152460656643722,
        -0.7292881132279732,
        -0.7300662888121165,
        -0.7318301416178719,
        -0.744380407344331,
        -0.7054936682668378,
        -0.692467728982282,
        -0.7184003722974552,
        -0.7356584581545076,
        -0.6848253019509429,
        -0.7377338847865835,
        1.0,
        -0.7279880552699479,
        -0.7376470157516761
      ],
      [
        -0.7314613355207816,
        -0.7172584927712531,
        -0.7474478669824627,
        -0.7277079812711869,
        -0.7138472412740754,
        -0.7364740513967722,
        -0.732721006174193,
        -0.7160826005706008,
        -0.7297719094998303,
        -0.7584186317309847,
        -0.7473739360287364,
        -0.7482328252437906,
        -0.7279880552699479,
        1.0,
        -0.7518622245605933
      ],
      [
        -0.7182150746898607,
        -0.5790753452852915,
        -0.31800713150491977,
        -0.7452365764036386,
        -0.74248087254874,
        -0.7492355440114793,
        -0.7405664201327485,
        -0.744684627727422,
        -0.6406031871511664,
        -0.753926404268626,
        -0.749001892309318,
        -0.7476278528327436,
        -0.7376470157516761,
        -0.7518622245605933,
        1.0
      ]
    ],
    "series": {
      "2020-01": [
        41,
        6,
        0,
        11,
        10,
        11,
        14,
        6,
        8,
        0,
        1,
        5,
        18,
        6,
        0
      ],
      "2020-02": [
        53,
        5,
        0,
        9,
        13,
        7,
        14,
        3,
        11,
        3,
        3,
        2,
        17,
        8,
        1
      ],
      "2020-03": [
        51,
        3,
        0,
        7,
        13,
        6,
        28,
        7,
        14,
        0,
        2,
        2,
        22,
        9,
        0
      ],
      "2020-04": [
        47,
        10,
        0,
        6,
        11,
        6,
        21,
        3,
        9,
        0,
        3,
        7,
        24,
        8,
        0
      ],
      "2020-05": [
        47,
        7,
        1,
        4,
        7,
        9,
        20,
        4,
        12,
        1,
        1,
        7,
        10,
        9,
        0
      ],
      "2020-06": [
        54,
        4,
        0,
        7,
        13,
        7,
        24,
        6,
        10,
        2,
        3,
        6,
        21,
        4,
        2
      ],
      "2020-07": [
        57,
        7,
        1,
        3,
        15,
        6,
        31,
        2,
        19,
        2,
        2,
        6,
        15,
        11,
        0
      ],
      "2020-08": [
        42,
        7,
        0,
        8,
        23,
        7,
        24,
        7,
        14,
        0,
        4,
        4,
        16,
        5,
        0
      ],
      "2020-09": [
        37,
        6,
        0,
        7,
        13,
        10,
        20,
        3,
        18,
        1,
        3,
        2,
        14,
        3,
        1
      ],
      "2020-10": [
        62,
        9,
        0,
        7,
        19,
        7,
        16,
        10,
        16,
        0,
        5,
        9,
        14,
        5,
        1
      ],
      "2020-11": [
        53,
        7,
        0,
        8,
        10,
        9,
        18,
        7,
        8,
        3,
        2,
        2,
        19,
        5,
        1
      ],
      "2020-12": [
        55,
        14,
        1,
        3,
        12,
        4,
        17,
        5,
        9,
        2,
        1,
        1,
        28,
        9,
        0
      ],
      "2021-01": [
        36,
        5,
        1,
        5,
        9,
        6,
        23,
        12,
        10,
        1,
        0,
        2,
        15,
        6,
        3
      ],
      "2021-02": [
        55,
        6,
        1,
        5,
        11,
        4,
        24,
        7,
        10,
        0,
        2,
        3,
        13,
        6,
        0
      ],
      "2021-03": [
        52,
        8,
        0,
        5,
        15,
        10,
        20,
        9,
        10,
        1,
        6,
        3,
        17,
        6,
        1
      ],
      "2021-04": [
        44,
        8,
        0,
        8,
        7,
        5,
        15,
        12,
        10,
        1,
        4,
        7,
        22,
        1,
        1
      ],
      "2021-05": [
        46,
        13,
        0,
        4,
        13,
        5,
        16,
        6,
        17,
        0,
        2,
        0,
        23,
        3,
        0
      ],
      "2021-06": [
        52,
        8,
        0,
        9,
        14,
        7,
        26,
        6,
        8,
        1,
        2,
        5,
        12,
        7,
        1
      ],
      "2021-07": [
        44,
        3,
        0,
        5,
        18,
        11,
        13,
        10,
        13,
        1,
        3,
        10,
        23,
        6,
        0
      ],
      "2021-08": [
        43,
        8,
        0,
        6,
        14,
        2,
        16,
        5,
        7,
        1,
        3,
        9,
        19,
        6,
        1
      ],
      "2021-09": [
        55,
        6,
        0,
        5,
        13,
        13,
        20,
        7,
        12,
        0,
        1,
        3,
        16,
        11,
        0
      ],
      "2021-10": [
        35,
        10,
        0,
        4,
        11,
        5,
        19,
        8,
        15,
        0,
        6,
        8,
        17,
        11,
        0
      ],
      "2021-11": [
        48,
        2,
        0,
        10,
        13,
        13,
        16,
        5,
        11,
        1,
        4,
        7,
        25,
        11,
        2
      ],
      "2021-12": [
        44,
        11,
        0,
        8,
        17,
        1,
        24,
        7,
        10,
        0,
        2,
        9,
        20,
        8,
        0
      ],
      "2022-01": [
        42,
        9,
        0,
        2,
        13,
        4,
        14,
        5,
        12,
        2,
        3,
        6,
        16,
        6,
        4
      ],
      "2022-02": [
        41,
        6,
        0,
        6,
        14,
        9,
        26,
        9,
        12,
        1,
        5,
        5,
        21,
        9,
        5
      ],
      "2022-03": [
        51,
        9,
        0,
        7,
        15,
        4,
        27,
        4,
        11,
        2,
        6,
        6,
        20,
        9,
        1
      ],
      "2022-04": [
        43,
        4,
        0,
        14,
        9,
        8,
        20,
        5,
        7,
        1,
        2,
        3,
        23,
        8,
        1
      ],
      "2022-05": [
        48,
        8,
        0,
        6,
        17,
        7,
        21,
        12,
        11,
        0,
        6,
        3,
        16,
        13,
        0
      ],
      "2022-06": [
        38,
        7,
        0,
        8,
        19,
        9,
        21,
        10,
        8,
        2,
        7,
        10,
        21,
        6,
        2
      ],
      "2022-07": [
        47,
        6,
        0,
        4,
        18,
        3,
        21,
        6,
        6,
        0,
        3,
        6,
        10,
        8,
        1
      ],
      "2022-08": [
        45,
        4,
        0,
        8,
        20,
        9,
        22,
        6,
        7,
        1,
        4,
        7,
        18,
        11,
        1
      ],
      "2022-09": [
        69,
        7,
        1,
        11,
        12,
        6,
        28,
        11,
        13,
        1,
        3,
        7,
        15,
        9,
        1
      ],
      "2022-10": [
        44,
        5,
        0,
        9,
        6,
        9,
        21,
        7,
        10,
        2,
        0,
        4,
        23,
        11,
        1
      ],
      "2022-11": [
        58,
        15,
        0,
        9,
        23,
        14,
        22,
        11,
        10,
        1,
        3,
        5,
        15,
        10,
        1
      ],
      "2022-12": [
        60,
        9,
        0,
        10,
        21,
        7,
        18,
        7,
        11,
        3,
        6,
        5,
        17,
        8,
        1
      ],
      "2023-01": [
        51,
        11,
        0,
        8,
        16,
        13,
        13,
        7,
        12,
        1,
        3,
        8,
        16,
        3,
        0
      ],
      "2023-02": [
        53,
        6,
        0,
        6,
        13,
        4,
        19,
        4,
        13,
        1,
        2,
        4,
        20,
        5,
        0
      ],
      "2023-03": [
        59,
        3,
        0,
        10,
        20,
        6,
        29,
        14,
        15,
        0,
        4,
        6,
        17,
        8,
        1
      ],
      "2023-04": [
        41,
        3,
        0,
        7,
        19,
        11,
        19,
        5,
        14,
        2,
        3,
        5,
        14,
        8,
        1
      ],
      "2023-05": [
        59,
        10,
        0,
        14,
        17,
        11,
        22,
        8,
        8,
        1,
        4,
        12,
        14,
        2,
        0
      ],
      "2023-06": [
        70,
        12,
        1,
        12,
        17,
        4,
        21,
        12,
        17,
        1,
        2,
        10,
        19,
        8,
        0
      ],
      "2023-07": [
        53,
        7,
        0,
        12,
        22,
        6,
        28,
        4,
        7,
        1,
        3,
        5,
        19,
        11,
        0
      ],
      "2023-08": [
        64,
        5,
        1,
        11,
        16,
        10,
        14,
        10,
        15,
        0,
        3,
        4,
        22,
        8,
        0
      ],
      "2023-09": [
        57,
        5,
        1,
        9,
        17,
        11,
        23,
        7,
        9,
        0,
        3,
        3,
        14,
        9,
        0
      ],
      "2023-10": [
        54,
        8,
        0,
        15,
        17,
        14,
        14,
        10,
        12,
        0,
        2,
        2,
        17,
        13,
        1
      ],
      "2023-11": [
        47,
        9,
        0,
        11,
        22,
        12,
        18,
        10,
        12,
        2,
        2,
        4,
        15,
        13,
        1
      ],
      "2023-12": [
        53,
        5,
        0,
        13,
        20,
        9,
        15,
        9,
        12,
        1,
        3,
        4,
        10,
        8,
        0
      ],
      "2024-01": [
        58,
        11,
        0,
        10,
        20,
        7,
        23,
        11,
        10,
        3,
        6,
        8,
        28,
        5,
        1
      ],
      "2024-02": [
        65,
        9,
        0,
        10,
        16,
        14,
        21,
        13,
        11,
        2,
        6,
        5,
        30,
        7,
        0
      ],
      "2024-03": [
        78,
        6,
        0,
        9,
        15,
        10,
        26,
        4,
        17,
        1,
        5,
        6,
        26,
        11,
        1
      ],
      "2024-04": [
        61,
        9,
        0,
        5,
        18,
        10,
        17,
        10,
        20,
        2,
        3,
        2,
        13,
        8,
        1
      ],
      "2024-05": [
        74,
        7,
        0,
        10,
        17,
        8,
        28,
        18,
        11,
        2,
        4,
        7,
        17,
        7,
        1
      ],
      "2024-06": [
        63,
        11,
        0,
        10,
        19,
        11,
        22,
        13,
        9,
        0,
        3,
        4,
        12,
        12,
        1
      ],
      "2024-07": [
        61,
        7,
        0,
        11,
        23,
        15,
        24,
        7,
        15,
        1,
        1,
        5,
        15,
        9,
        0
      ],
      "2024-08": [
        77,
        11,
        0,
        10,
        21,
        8,
        23,
        7,
        12,
        2,
        5,
        6,
        22,
        10,
        2
      ],
      "2024-09": [
        89,
        12,
        1,
        10,
        21,
        9,
        28,
        6,
        11,
        1,
        2,
        3,
        14,
        7,
        10
      ],
      "2024-10": [
        92,
        15,
        1,
        15,
        13,
        8,
        23,
        15,
        12,
        6,
        3,
        9,
        22,
        8,
        0
      ],
      "2024-11": [
        60,
        4,
        0,
        13,
        17,
        13,
        21,
        12,
        8,
        2,
        3,
        9,
        20,
        7,
        2
      ],
      "2024-12": [
        67,
        10,
        0,
        8,
        23,
        11,
        13,
        10,
        10,
        1,
        4,
        2,
        13,
        8,
        0
      ],
      "2025-01": [
        52,
        7,
        0,
        18,
        13,
        8,
        12,
        8,
        13,
        1,
        6,
        6,
        18,
        15,
        0
      ],
      "2025-02": [
        56,
        2,
        0,
        7,
        12,
        1,
        16,
        11,
        7,
        2,
        2,
        4,
        15,
        10,
        1
      ],
      "2025-03": [
        78,
        6,
        0,
        12,
        24,
        11,
        29,
        12,
        14,
        2,
        4,
        6,
        27,
        10,
        0
      ],
      "2025-04": [
        60,
        5,
        0,
        17,
        14,
        3,
        29,
        11,
        8,
        0,
        2,
        6,
        20,
        6,
        1
      ],
      "2025-05": [
        86,
        3,
        0,
        16,
        23,
        14,
        24,
        9,
        11,
        2,
        2,
        6,
        29,
        10,
        1
      ],
      "2025-06": [
        77,
        11,
        0,
        5,
        34,
        16,
        37,
        8,
        12,
        0,
        3,
        5,
        19,
        11,
        2
      ],
      "2025-07": [
        78,
        6,
        1,
        14,
        19,
        4,
        21,
        9,
        9,
        0,
        3,
        7,
        22,
        10,
        1
      ],
      "2025-08": [
        72,
        8,
        0,
        8,
        24,
        11,
        24,
        10,
        5,
        1,
        5,
        7,
        35,
        12,
        0
      ],
      "2025-09": [
        27,
        2,
        0,
        7,
        14,
        5,
        13,
        5,
        7,
        1,
        1,
        3,
        11,
        8,
        4
      ]
    },
    "papers": {
      "0": [
        {
          "title": "Physical Consistency Bridges Heterogeneous Data in Molecular Multi-Task Learning",
          "year": "2024-10",
          "abstract": "In recent years, machine learning has demonstrated impressive capability in\nhandling molecular science tasks. To support various molecular properties at\nscale, machine learning models are trained in the multi-task learning paradigm.\nNevertheless, data of different molecular properties are often not aligned:\nsome quantities, e.g. equilibrium structure, demand more cost to compute than\nothers, e.g. energy, so their data are often generated by cheaper computational\nmethods at the cost of lower accuracy, which cannot be directly overcome\nthrough multi-task learning. Moreover, it is not straightforward to leverage\nabundant data of other tasks to benefit a particular task. To handle such data\nheterogeneity challenges, we exploit the specialty of molecular tasks that\nthere are physical laws connecting them, and design consistency training\napproaches that allow different tasks to exchange information directly so as to\nimprove one another. Particularly, we demonstrate that the more accurate energy\ndata can improve the accuracy of structure prediction. We also find that\nconsistency training can directly leverage force and off-equilibrium structure\ndata to improve structure prediction, demonstrating a broad capability for\nintegrating heterogeneous data.",
          "arxiv_id": "2410.10118v1"
        },
        {
          "title": "Geometry-enhanced Pre-training on Interatomic Potentials",
          "year": "2023-09",
          "abstract": "Machine learning interatomic potentials (MLIPs) enables molecular dynamics\n(MD) simulations with ab initio accuracy and has been applied to various fields\nof physical science. However, the performance and transferability of MLIPs are\nlimited by insufficient labeled training data, which require expensive ab\ninitio calculations to obtain the labels, especially for complex molecular\nsystems. To address this challenge, we design a novel geometric structure\nlearning paradigm that consists of two stages. We first generate a large\nquantity of 3D configurations of target molecular system with classical\nmolecular dynamics simulations. Then, we propose geometry-enhanced\nself-supervised learning consisting of masking, denoising, and contrastive\nlearning to better capture the topology and 3D geometric information from the\nunlabeled 3D configurations. We evaluate our method on various benchmarks\nranging from small molecule datasets to complex periodic molecular systems with\nmore types of elements. The experimental results show that the proposed\npre-training method can greatly enhance the accuracy of MLIPs with few extra\ncomputational costs and works well with different invariant or equivariant\ngraph neural network architectures. Our method improves the generalization\ncapability of MLIPs and helps to realize accurate MD simulations for complex\nmolecular systems.",
          "arxiv_id": "2309.15718v3"
        },
        {
          "title": "Efficient Generation of Stable Linear Machine-Learning Force Fields with Uncertainty-Aware Active Learning",
          "year": "2023-03",
          "abstract": "Machine-learning force fields enable an accurate and universal description of\nthe potential energy surface of molecules and materials on the basis of a\ntraining set of ab initio data. However, large-scale applications of these\nmethods rest on the possibility to train accurate machine learning models with\na small number of ab initio data. In this respect, active-learning strategies,\nwhere the training set is self-generated by the model itself, combined with\nlinear machine-learning models are particularly promising. In this work, we\nexplore an active-learning strategy based on linear regression and able to\npredict the model's uncertainty on predictions for molecular configurations not\nsampled by the training set, thus providing a straightforward recipe for the\nextension of the latter. We apply this strategy to the spectral neighbor\nanalysis potential and show that only tens of ab initio simulations of atomic\nforces are required to generate stable force fields for room-temperature\nmolecular dynamics at or close to chemical accuracy. Moreover, the method does\nnot necessitate any conformational pre-sampling, thus requiring minimal user\nintervention and parametrization.",
          "arxiv_id": "2303.16538v1"
        }
      ],
      "1": [
        {
          "title": "Vibrational, non-adiabatic and isotopic effects in the dynamics of the H$_2$ + H$_2^+$ $\\rightarrow$ H$_3^+$ + H reaction: application to plasma modeling",
          "year": "2023-03",
