{
  "topics": {
    "data": {
      "0": {
        "name": "0_COVID_epidemic_model_disease",
        "keywords": [
          [
            "COVID",
            0.027788468204126848
          ],
          [
            "epidemic",
            0.024880092386771677
          ],
          [
            "model",
            0.023575965089570942
          ],
          [
            "disease",
            0.017814395245200784
          ],
          [
            "spread",
            0.016611548866230477
          ],
          [
            "pandemic",
            0.016348134413456786
          ],
          [
            "infection",
            0.01513278662558264
          ],
          [
            "data",
            0.014844865702026566
          ],
          [
            "number",
            0.013247511544732575
          ],
          [
            "infected",
            0.011828588813970947
          ]
        ],
        "count": 1762
      },
      "1": {
        "name": "1_networks_network_nodes_complex",
        "keywords": [
          [
            "networks",
            0.041950472764327236
          ],
          [
            "network",
            0.03299386113969484
          ],
          [
            "nodes",
            0.020091337277427238
          ],
          [
            "complex",
            0.01566777521073853
          ],
          [
            "order",
            0.015138946125452487
          ],
          [
            "systems",
            0.014772961399813598
          ],
          [
            "degree",
            0.013521278965403059
          ],
          [
            "node",
            0.013492051091843192
          ],
          [
            "real",
            0.013157777388174812
          ],
          [
            "interactions",
            0.013001700586221273
          ]
        ],
        "count": 1473
      },
      "2": {
        "name": "2_urban_traffic_cities_data",
        "keywords": [
          [
            "urban",
            0.026346813211412315
          ],
          [
            "traffic",
            0.021456298626554644
          ],
          [
            "cities",
            0.01710823743576479
          ],
          [
            "data",
            0.01605354315411619
          ],
          [
            "spatial",
            0.01464586651717248
          ],
          [
            "mobility",
            0.013812834644800986
          ],
          [
            "model",
            0.0135013468854717
          ],
          [
            "network",
            0.011732877141647792
          ],
          [
            "time",
            0.011336421488592732
          ],
          [
            "city",
            0.011322520720110555
          ]
        ],
        "count": 1338
      },
      "3": {
        "name": "3_energy_power_electricity_carbon",
        "keywords": [
          [
            "energy",
            0.044431872698319594
          ],
          [
            "power",
            0.03208058375124381
          ],
          [
            "electricity",
            0.024332233500497843
          ],
          [
            "carbon",
            0.01880414578478319
          ],
          [
            "emissions",
            0.01855344905374912
          ],
          [
            "grid",
            0.017906175189337722
          ],
          [
            "cost",
            0.017387488969101878
          ],
          [
            "renewable",
            0.016799202344672692
          ],
          [
            "climate",
            0.01617352440207204
          ],
          [
            "wind",
            0.013842401719478826
          ]
        ],
        "count": 544
      },
      "4": {
        "name": "4_opinion_opinions_model_dynamics",
        "keywords": [
          [
            "opinion",
            0.06272377921972659
          ],
          [
            "opinions",
            0.03440087889308133
          ],
          [
            "model",
            0.03198818910504173
          ],
          [
            "dynamics",
            0.026837849636603496
          ],
          [
            "consensus",
            0.0242328205043864
          ],
          [
            "opinion dynamics",
            0.0218032624760371
          ],
          [
            "social",
            0.021314947403492487
          ],
          [
            "agents",
            0.020762000780350575
          ],
          [
            "polarization",
            0.020230523386573173
          ],
          [
            "voter",
            0.017811095532851477
          ]
        ],
        "count": 448
      },
      "5": {
        "name": "5_cooperation_game_games_evolutionary",
        "keywords": [
          [
            "cooperation",
            0.06365659507795633
          ],
          [
            "game",
            0.03214669024493623
          ],
          [
            "games",
            0.021655684212545625
          ],
          [
            "evolutionary",
            0.02091539171283563
          ],
          [
            "strategies",
            0.02007455903036885
          ],
          [
            "social",
            0.019216611240795278
          ],
          [
            "strategy",
            0.018510857099356636
          ],
          [
            "agents",
            0.016138595107815134
          ],
          [
            "evolution",
            0.015056395196306489
          ],
          [
            "players",
            0.015018505735335317
          ]
        ],
        "count": 381
      },
      "6": {
        "name": "6_quantum_physics_nuclear_research",
        "keywords": [
          [
            "quantum",
            0.04328171155529965
          ],
          [
            "physics",
            0.028757911540719515
          ],
          [
            "nuclear",
            0.021704754541926094
          ],
          [
            "research",
            0.02128098948582325
          ],
          [
            "Physics",
            0.019422686965178113
          ],
          [
            "Quantum",
            0.01869554837819569
          ],
          [
            "technology",
            0.017938905577434404
          ],
          [
            "community",
            0.014411833302711652
          ],
          [
            "development",
            0.014404121377256201
          ],
          [
            "scientific",
            0.013757520754642467
          ]
        ],
        "count": 320
      },
      "7": {
        "name": "7_scientific_research_citation_science",
        "keywords": [
          [
            "scientific",
            0.03627909070874848
          ],
          [
            "research",
            0.03536934529476667
          ],
          [
            "citation",
            0.030125483417057345
          ],
          [
            "science",
            0.0265503095739106
          ],
          [
            "papers",
            0.023261554830296217
          ],
          [
            "citations",
            0.02176346951953752
          ],
          [
            "scientists",
            0.019906262389673555
          ],
          [
            "publications",
            0.018478303217364024
          ],
          [
            "knowledge",
            0.016806672437166534
          ],
          [
            "impact",
            0.016800953336171164
          ]
        ],
        "count": 304
      },
      "8": {
        "name": "8_media_social_news_users",
        "keywords": [
          [
            "media",
            0.03483013917988339
          ],
          [
            "social",
            0.02616985398230385
          ],
          [
            "news",
            0.025519298512429962
          ],
          [
            "users",
            0.025369367225230442
          ],
          [
            "Twitter",
            0.02471182905395482
          ],
          [
            "social media",
            0.02433629327451578
          ],
          [
            "online",
            0.022086411115752852
          ],
          [
            "misinformation",
            0.019661181297748527
          ],
          [
            "content",
            0.019401315528890354
          ],
          [
            "platforms",
            0.017287335713242494
          ]
        ],
        "count": 268
      },
      "9": {
        "name": "9_trade_market_network_financial",
        "keywords": [
          [
            "trade",
            0.032176090279175576
          ],
          [
            "market",
            0.02612109454012536
          ],
          [
            "network",
            0.024599005842117768
          ],
          [
            "financial",
            0.019987045144540146
          ],
          [
            "networks",
            0.017405731148000876
          ],
          [
            "supply",
            0.016378625782610998
          ],
          [
            "firms",
            0.015743028263314966
          ],
          [
            "economic",
            0.015334242271274274
          ],
          [
            "countries",
            0.013478605798012947
          ],
          [
            "markets",
            0.013092080536386563
          ]
        ],
        "count": 240
      },
      "10": {
        "name": "10_wealth_inequality_economic_model",
        "keywords": [
          [
            "wealth",
            0.057913739685523734
          ],
          [
            "inequality",
            0.03123176890464496
          ],
          [
            "economic",
            0.02684085358467681
          ],
          [
            "model",
            0.025027617843400022
          ],
          [
            "agents",
            0.02228695295665982
          ],
          [
            "distribution",
            0.021996331773357525
          ],
          [
            "exchange",
            0.01692011588356929
          ],
          [
            "economy",
            0.015725938766497916
          ],
          [
            "wealth distribution",
            0.0135597886075361
          ],
          [
            "Gini",
            0.013064288397493604
          ]
        ],
        "count": 187
      },
      "11": {
        "name": "11_space_astronomy_Earth_science",
        "keywords": [
          [
            "space",
            0.03355583682677736
          ],
          [
            "astronomy",
            0.03255782430782364
          ],
          [
            "Earth",
            0.0268062498644401
          ],
          [
            "science",
            0.021211755105129175
          ],
          [
            "astrophysics",
            0.016514640402945552
          ],
          [
            "astronomical",
            0.01529892479775036
          ],
          [
            "impact",
            0.0151934691049033
          ],
          [
            "research",
            0.014616575657266583
          ],
          [
            "Space",
            0.014259168997328198
          ],
          [
            "scientific",
            0.013948452000278647
          ]
        ],
        "count": 144
      },
      "12": {
        "name": "12_teams_players_team_sports",
        "keywords": [
          [
            "teams",
            0.039077125401278785
          ],
          [
            "players",
            0.03857138342160664
          ],
          [
            "team",
            0.03709966509695035
          ],
          [
            "sports",
            0.03063455538685306
          ],
          [
            "performance",
            0.025557888665073587
          ],
          [
            "football",
            0.02526783543836059
          ],
          [
            "game",
            0.02518488129785899
          ],
          [
            "soccer",
            0.023227255148761193
          ],
          [
            "player",
            0.0218694685372675
          ],
          [
            "draw",
            0.02183201427604501
          ]
        ],
        "count": 115
      }
    },
    "correlations": [
      [
        1.0,
        -0.672588087628053,
        -0.6842755588585787,
        -0.7427081300196436,
        -0.5241070722700787,
        -0.7478460548352344,
        -0.732186341252855,
        -0.7307051831833953,
        -0.0757514898081996,
        -0.717813725511026,
        -0.5162385056243615,
        -0.7294662079005689,
        -0.7457667320670398
      ],
      [
        -0.672588087628053,
        1.0,
        -0.6819822108810236,
        -0.7255894586060769,
        -0.630612734055353,
        -0.7221023557554023,
        -0.709137138007444,
        -0.7082691109051831,
        -0.6927845345808008,
        -0.44580160436072747,
        -0.6631102859572231,
        -0.7024306588742837,
        -0.708117096018982
      ],
      [
        -0.6842755588585787,
        -0.6819822108810236,
        1.0,
        -0.7310999098269428,
        -0.7065950019144527,
        -0.7546994447675546,
        -0.65971438726934,
        -0.7264663697574124,
        -0.7100814459993151,
        -0.7152711112329174,
        -0.6697322976433353,
        -0.6356801656753162,
        -0.7373272971237914
      ],
      [
        -0.7427081300196436,
        -0.7255894586060769,
        -0.7310999098269428,
        1.0,
        -0.7381543213476095,
        -0.760105689774899,
        -0.7135703843609542,
        -0.733087098540031,
        -0.7503519042141151,
        -0.727276782468171,
        -0.7251170287829349,
        -0.7271918237481261,
        -0.749718653934974
      ],
      [
        -0.5241070722700787,
        -0.630612734055353,
        -0.7065950019144527,
        -0.7381543213476095,
        1.0,
        -0.7352762175876274,
        -0.7186062081525922,
        -0.7341698933966225,
        -0.6505636346637602,
        -0.7067037419120701,
        -0.43639363081985205,
        -0.7226374459846826,
        -0.741181330265805
      ],
      [
        -0.7478460548352344,
        -0.7221023557554023,
        -0.7546994447675546,
        -0.760105689774899,
        -0.7352762175876274,
        1.0,
        -0.7501423128514028,
        -0.748647234642263,
        -0.7484223024199664,
        -0.7407724576582628,
        -0.7241575209767217,
        -0.7521356200108786,
        -0.6086255643470391
      ],
      [
        -0.732186341252855,
        -0.709137138007444,
        -0.65971438726934,
        -0.7135703843609542,
        -0.7186062081525922,
        -0.7501423128514028,
        1.0,
        -0.596493986298144,
        -0.7291762963182566,
        -0.7349908793340202,
        -0.7224006912963226,
        -0.5977193490798458,
        -0.7415494426136315
      ],
      [
        -0.7307051831833953,
        -0.7082691109051831,
        -0.7264663697574124,
        -0.733087098540031,
        -0.7341698933966225,
        -0.748647234642263,
        -0.596493986298144,
        1.0,
        -0.7208865915157903,
        -0.7360658714643628,
        -0.7235029625124911,
        -0.6074060294788656,
        -0.7116513810020637
      ],
      [
        -0.0757514898081996,
        -0.6927845345808008,
        -0.7100814459993151,
        -0.7503519042141151,
        -0.6505636346637602,
        -0.7484223024199664,
        -0.7291762963182566,
        -0.7208865915157903,
        1.0,
        -0.7222224986263655,
        -0.7010066289085994,
        -0.7324860730511902,
        -0.7497862276260294
      ],
      [
        -0.717813725511026,
        -0.44580160436072747,
        -0.7152711112329174,
        -0.727276782468171,
        -0.7067037419120701,
        -0.7407724576582628,
        -0.7349908793340202,
        -0.7360658714643628,
        -0.7222224986263655,
        1.0,
        -0.6981233751527007,
        -0.7305340908840672,
        -0.7224027781097768
      ],
      [
        -0.5162385056243615,
        -0.6631102859572231,
        -0.6697322976433353,
        -0.7251170287829349,
        -0.43639363081985205,
        -0.7241575209767217,
        -0.7224006912963226,
        -0.7235029625124911,
        -0.7010066289085994,
        -0.6981233751527007,
        1.0,
        -0.728194484465339,
        -0.7350288674958086
      ],
      [
        -0.7294662079005689,
        -0.7024306588742837,
        -0.6356801656753162,
        -0.7271918237481261,
        -0.7226374459846826,
        -0.7521356200108786,
        -0.5977193490798458,
        -0.6074060294788656,
        -0.7324860730511902,
        -0.7305340908840672,
        -0.728194484465339,
        1.0,
        -0.7428411183916854
      ],
      [
        -0.7457667320670398,
        -0.708117096018982,
        -0.7373272971237914,
        -0.749718653934974,
        -0.741181330265805,
        -0.6086255643470391,
        -0.7415494426136315,
        -0.7116513810020637,
        -0.7497862276260294,
        -0.7224027781097768,
        -0.7350288674958086,
        -0.7428411183916854,
        1.0
      ]
    ],
    "series": {
      "2020-01": [
        14,
        35,
        7,
        8,
        11,
        3,
        4,
        6,
        3,
        4,
        2,
        3,
        4
      ],
      "2020-02": [
        32,
        22,
        11,
        6,
        15,
        4,
        1,
        10,
        4,
        3,
        2,
        3,
        2
      ],
      "2020-03": [
        69,
        36,
        11,
        14,
        13,
        4,
        0,
        10,
        12,
        3,
        7,
        4,
        5
      ],
      "2020-04": [
        113,
        34,
        12,
        12,
        23,
        6,
        5,
        4,
        14,
        3,
        4,
        1,
        3
      ],
      "2020-05": [
        156,
        42,
        17,
        10,
        20,
        3,
        4,
        6,
        5,
        1,
        5,
        0,
        3
      ],
      "2020-06": [
        143,
        41,
        11,
        7,
        18,
        8,
        6,
        8,
        9,
        2,
        8,
        4,
        1
      ],
      "2020-07": [
        125,
        34,
        14,
        9,
        22,
        4,
        2,
        4,
        5,
        2,
        11,
        4,
        2
      ],
      "2020-08": [
        94,
        39,
        12,
        7,
        14,
        7,
        5,
        10,
        8,
        1,
        9,
        2,
        0
      ],
      "2020-09": [
        57,
        34,
        9,
        4,
        6,
        8,
        4,
        3,
        2,
        7,
        7,
        2,
        3
      ],
      "2020-10": [
        59,
        27,
        16,
        6,
        19,
        4,
        0,
        3,
        2,
        3,
        3,
        2,
        1
      ],
      "2020-11": [
        69,
        33,
        8,
        4,
        10,
        2,
        1,
        7,
        3,
        2,
        6,
        1,
        4
      ],
      "2020-12": [
        66,
        29,
        5,
        7,
        8,
        2,
        5,
        4,
        3,
        4,
        4,
        2,
        2
      ],
      "2021-01": [
        34,
        39,
        9,
        9,
        12,
        7,
        4,
        7,
        2,
        4,
        2,
        3,
        0
      ],
      "2021-02": [
        35,
        35,
        4,
        8,
        16,
        3,
        2,
        1,
        3,
        1,
        9,
        2,
        1
      ],
      "2021-03": [
        49,
        43,
        14,
        7,
        16,
        2,
        4,
        9,
        3,
        5,
        1,
        2,
        3
      ],
      "2021-04": [
        35,
        30,
        7,
        7,
        12,
        4,
        2,
        6,
        4,
        4,
        8,
        4,
        3
      ],
      "2021-05": [
        29,
        36,
        7,
        12,
        12,
        5,
        4,
        10,
        6,
        4,
        8,
        3,
        6
      ],
      "2021-06": [
        37,
        38,
        7,
        7,
        11,
        6,
        4,
        6,
        9,
        2,
        7,
        4,
        3
      ],
      "2021-07": [
        32,
        32,
        10,
        7,
        16,
        6,
        4,
        10,
        7,
        5,
        3,
        1,
        5
      ],
      "2021-08": [
        28,
        24,
        5,
        6,
        11,
        2,
        0,
        7,
        2,
        2,
        8,
        5,
        6
      ],
      "2021-09": [
        31,
        22,
        8,
        10,
        11,
        6,
        3,
        5,
        3,
        2,
        4,
        2,
        6
      ],
      "2021-10": [
        28,
        24,
        9,
        7,
        6,
        2,
        4,
        5,
        9,
        1,
        5,
        1,
        3
      ],
      "2021-11": [
        30,
        36,
        11,
        4,
        13,
        3,
        6,
        9,
        2,
        2,
        5,
        3,
        0
      ],
      "2021-12": [
        23,
        22,
        9,
        7,
        12,
        3,
        4,
        6,
        4,
        2,
        6,
        3,
        4
      ],
      "2022-01": [
        28,
        26,
        9,
        8,
        14,
        3,
        5,
        5,
        4,
        3,
        11,
        2,
        3
      ],
      "2022-02": [
        23,
        22,
        6,
        7,
        7,
        5,
        10,
        6,
        1,
        0,
        4,
        2,
        3
      ],
      "2022-03": [
        31,
        26,
        8,
        6,
        11,
        5,
        17,
        5,
        3,
        2,
        2,
        2,
        5
      ],
      "2022-04": [
        20,
        19,
        9,
        4,
        8,
        5,
        5,
        2,
        3,
        3,
        3,
        3,
        1
      ],
      "2022-05": [
        31,
        23,
        6,
        6,
        14,
        5,
        5,
        4,
        5,
        4,
        6,
        3,
        3
      ],
      "2022-06": [
        26,
        25,
        6,
        4,
        10,
        3,
        7,
        10,
        2,
        2,
        5,
        3,
        5
      ],
      "2022-07": [
        35,
        22,
        6,
        7,
        14,
        3,
        2,
        9,
        3,
        3,
        7,
        2,
        2
      ],
      "2022-08": [
        26,
        31,
        5,
        9,
        13,
        4,
        4,
        2,
        4,
        4,
        2,
        2,
        2
      ],
      "2022-09": [
        26,
        20,
        10,
        7,
        15,
        3,
        7,
        1,
        4,
        2,
        8,
        2,
        0
      ],
      "2022-10": [
        30,
        25,
        11,
        4,
        13,
        2,
        6,
        5,
        4,
        3,
        4,
        1,
        6
      ],
      "2022-11": [
        27,
        29,
        7,
        8,
        14,
        4,
        3,
        3,
        4,
        2,
        3,
        3,
        2
      ],
      "2022-12": [
        28,
        17,
        10,
        4,
        12,
        4,
        7,
        5,
        6,
        2,
        4,
        4,
        0
      ],
      "2023-01": [
        28,
        22,
        3,
        7,
        9,
        5,
        5,
        5,
        5,
        3,
        3,
        2,
        1
      ],
      "2023-02": [
        22,
        11,
        4,
        4,
        10,
        4,
        3,
        9,
        1,
        3,
        7,
        3,
        4
      ],
      "2023-03": [
        32,
        29,
        7,
        6,
        10,
        3,
        1,
        12,
        6,
        6,
        8,
        7,
        5
      ],
      "2023-04": [
        26,
        12,
        2,
        4,
        19,
        6,
        3,
        5,
        6,
        5,
        3,
        1,
        2
      ],
      "2023-05": [
        25,
        34,
        8,
        5,
        17,
        9,
        5,
        8,
        4,
        1,
        7,
        2,
        2
      ],
      "2023-06": [
        34,
        26,
        6,
        4,
        12,
        6,
        3,
        12,
        6,
        0,
        5,
        2,
        3
      ],
      "2023-07": [
        43,
        34,
        10,
        8,
        21,
        10,
        7,
        7,
        4,
        5,
        9,
        3,
        3
      ],
      "2023-08": [
        25,
        17,
        9,
        9,
        6,
        7,
        7,
        8,
        6,
        3,
        5,
        6,
        3
      ],
      "2023-09": [
        28,
        24,
        7,
        6,
        8,
        6,
        5,
        5,
        5,
        4,
        4,
        4,
        2
      ],
      "2023-10": [
        29,
        23,
        15,
        8,
        20,
        6,
        4,
        10,
        9,
        1,
        3,
        4,
        3
      ],
      "2023-11": [
        31,
        33,
        6,
        10,
        20,
        7,
        6,
        3,
        7,
        4,
        3,
        4,
        3
      ],
      "2023-12": [
        41,
        14,
        6,
        7,
        21,
        6,
        5,
        11,
        7,
        0,
        10,
        3,
        2
      ],
      "2024-01": [
        32,
        30,
        10,
        3,
        17,
        7,
        5,
        4,
        11,
        2,
        8,
        2,
        5
      ],
      "2024-02": [
        25,
        38,
        7,
        6,
        10,
        12,
        4,
        7,
        9,
        3,
        5,
        1,
        8
      ],
      "2024-03": [
        35,
        30,
        17,
        8,
        29,
        7,
        5,
        5,
        6,
        5,
        6,
        5,
        3
      ],
      "2024-04": [
        34,
        13,
        9,
        9,
        9,
        6,
        8,
        3,
        6,
        4,
        4,
        6,
        6
      ],
      "2024-05": [
        30,
        18,
        12,
        9,
        12,
        6,
        4,
        5,
        3,
        4,
        2,
        2,
        2
      ],
      "2024-06": [
        21,
        30,
        9,
        2,
        14,
        8,
        4,
        8,
        9,
        4,
        9,
        2,
        6
      ],
      "2024-07": [
        32,
        23,
        7,
        7,
        12,
        8,
        4,
        8,
        8,
        0,
        5,
        3,
        2
      ],
      "2024-08": [
        24,
        26,
        13,
        6,
        6,
        3,
        3,
        10,
        5,
        4,
        3,
        7,
        3
      ],
      "2024-09": [
        27,
        23,
        8,
        5,
        13,
        9,
        4,
        8,
        4,
        1,
        5,
        2,
        0
      ],
      "2024-10": [
        32,
        27,
        8,
        11,
        27,
        3,
        5,
        6,
        9,
        4,
        5,
        4,
        3
      ],
      "2024-11": [
        22,
        22,
        5,
        7,
        14,
        8,
        8,
        7,
        8,
        2,
        3,
        3,
        0
      ],
      "2024-12": [
        28,
        28,
        6,
        8,
        9,
        10,
        3,
        3,
        3,
        3,
        8,
        2,
        4
      ],
      "2025-01": [
        34,
        23,
        9,
        17,
        18,
        6,
        9,
        11,
        8,
        5,
        4,
        4,
        8
      ],
      "2025-02": [
        27,
        21,
        6,
        7,
        19,
        11,
        3,
        5,
        7,
        5,
        3,
        3,
        5
      ],
      "2025-03": [
        24,
        21,
        10,
        6,
        15,
        3,
        5,
        12,
        3,
        3,
        7,
        2,
        4
      ],
      "2025-04": [
        33,
        15,
        9,
        12,
        9,
        7,
        15,
        6,
        1,
        2,
        4,
        1,
        3
      ],
      "2025-05": [
        27,
        34,
        11,
        7,
        25,
        8,
        7,
        3,
        3,
        3,
        7,
        4,
        5
      ],
      "2025-06": [
        35,
        27,
        11,
        8,
        12,
        10,
        7,
        12,
        6,
        1,
        5,
        4,
        1
      ],
      "2025-07": [
        33,
        22,
        14,
        11,
        10,
        7,
        12,
        9,
        7,
        3,
        2,
        2,
        2
      ],
      "2025-08": [
        39,
        12,
        12,
        11,
        13,
        4,
        3,
        4,
        4,
        2,
        6,
        3,
        4
      ],
      "2025-09": [
        16,
        11,
        6,
        3,
        7,
        5,
        2,
        2,
        3,
        1,
        3,
        1,
        1
      ]
    },
    "papers": {
      "0": [
        {
          "title": "Modeling Control, Lockdown \\& Exit Strategies for COVID-19 Pandemic in India",
          "year": "2020-07",
          "abstract": "COVID-19--a viral infectious disease--has quickly emerged as a global\npandemic infecting millions of people with a significant number of deaths\nacross the globe. The symptoms of this disease vary widely. Depending on the\nsymptoms an infected person is broadly classified into two categories namely,\nasymptomatic and symptomatic. Asymptomatic individuals display mild or no\nsymptoms but continue to transmit the infection to otherwise healthy\nindividuals. This particular aspect of asymptomatic infection poses a major\nobstacle in managing and controlling the transmission of the infectious\ndisease. In this paper, we attempt to mathematically model the spread of\nCOVID-19 in India under various intervention strategies. We consider SEIR type\nepidemiological models, incorporated with India specific social contact matrix\nrepresenting contact structures among different age groups of the population.\nImpact of various factors such as presence of asymptotic individuals, lockdown\nstrategies, social distancing practices, quarantine, and hospitalization on the\ndisease transmission is extensively studied. Numerical simulation of our model\nis matched with the real COVID-19 data of India till May 15, 2020 for the\npurpose of estimating the model parameters. Our model with zone-wise lockdown\nis seen to give a decent prediction for July 20, 2020.",
          "arxiv_id": "2007.07988v2"
        },
        {
          "title": "Quantitative Relationship between Population Mobility and COVID-19 Growth Rate based on 14 Countries",
          "year": "2020-06",
          "abstract": "This study develops a framework for quantification of the impact of changes\nin population mobility due to social distancing on the COVID-19 infection\ngrowth rate. Using the Susceptible-Infected-Recovered (SIR) epidemiological\nmodel we establish that under some mild assumptions the growth rate of COVID-19\ndeaths is a time-delayed approximation of the growth rate of COVID-19\ninfections. We then hypothesize that the growth rate of COVID-19 infections is\na function of population mobility, which leads to a statistical model that\npredicts the growth rate of COVID-19 deaths as a delayed function of population\nmobility. The parameters of the statistical model directly reveal the growth\nrate of infections, the mobility-dependent transmission rate, the\nmobility-independent recovery rate, and the critical mobility, below which\nCOVID-19 growth rate becomes negative. We fitted the proposed statistical model\non publicly available data from 14 countries where daily death counts exceeded\n100 for more than 3 days as of May 6th, 2020. The publicly available Google\nMobility Index (GMI) was used as a measure of population mobility at the\ncountry level. Our results show that the growth rate of COVID-19 deaths can be\naccurately estimated 20 days ahead as a quadratic function of the transit\ncategory of GMI (adjusted R-squared = 0.784). The estimated 95% confidence\ninterval for the critical mobility is in the range between 36.1% and 47.6% of\nthe pre-COVID-19 mobility. This result indicates that a significant reduction\nin population mobility is needed to reverse the growth of COVID-19 epidemic.\nMoreover, the quantitative relationship established herein suggests that a\nreadily available, population-level metric such as GMI can be a useful\nindicator of the course of COVID-19 epidemic.",
          "arxiv_id": "2006.02459v1"
        },
        {
          "title": "Modeling and prediction of COVID-19 in the United States considering population behavior and vaccination",
          "year": "2021-03",
          "abstract": "COVID-19 has devastated the entire global community. Vaccines present an\nopportunity to mitigate the pandemic; however, the effect of vaccination\ncoupled with the behavioral response of the population is not well understood.\nWe propose a model that incorporates two important dynamically varying\npopulation behaviors: level of caution and sense of safety. Level of caution\nincreases with the number of infectious cases, while an increasing sense of\nsafety with increased vaccination lowers precautionary behaviors. To the best\nof our knowledge, this is the first model that can effectively reproduce the\ncomplete time history of COVID-19 infections for various regions of the United\nStates and provides relatable measures of dynamic changes in the population\nbehavior and disease transmission rates. We propose a parameter d_I as a direct\nmeasure of a population's caution against an infectious disease, that can be\nobtained from the ongoing new infectious cases. The model provides a method for\nquantitative measure of critical infectious disease attributes for a population\nincluding highest disease transmission rate, effective disease transmission\nrate, and disease related precautionary behavior. We predict future COVID-19\npandemic trends in the United States accounting for vaccine rollout and\nbehavioral response. Although a high rate of vaccination is critical to quickly\nend the pandemic, we find that a return towards pre-pandemic social behavior\ndue to increased sense of safety during vaccine deployment, can cause an\nalarming surge in infections. Our results indicate that at the current rate of\nvaccination, the new infection cases for COVID-19 in the United States will\napproach zero by the end of August 2021. The model can be used for predicting\nfuture epidemic and pandemic dynamics before and during vaccination.",
          "arxiv_id": "2103.00677v1"
        }
      ],
      "1": [
        {
          "title": "Probabilistic activity driven model of temporal simplicial networks and its application on higher-order dynamics",
          "year": "2022-12",
          "abstract": "Network modeling characterizes the underlying principles of structural\nproperties and is of vital significance for simulating dynamical processes in\nreal world. However, bridging structure and dynamics is always challenging due\nto the multiple complexities in real systems. Here, through introducing the\nindividual's activity rate and the possibility of group interaction, we propose\na probabilistic activity driven (PAD) model that could generate temporal\nhigher-order networks with both power-law and high-clustering characteristics,\nwhich successfully links the two most critical structural features and a basic\ndynamical pattern in extensive complex systems. Surprisingly, the power-law\nexponents and the clustering coefficients of the aggregated PAD network could\nbe tuned in a wide range by altering a set of model parameters. We further\nprovide an approximation algorithm to select the proper parameters that can\ngenerate networks with given structural properties, the effectiveness of which\nis verified by fitting various real-world networks. Lastly, we explore the\nco-evolution of PAD model and higher-order contagion dynamics, and analytically\nderive the critical conditions for phase transition and bistable phenomenon.\nOur model provides a basic tool to reproduce complex structural properties and\nto study the widespread higher-order dynamics, which has great potential for\napplications across fields.",
          "arxiv_id": "2212.13124v1"
        },
        {
          "title": "Patterns in temporal networks with higher-order egocentric structures",
          "year": "2024-02",
          "abstract": "The analysis of complex and time-evolving interactions like social dynamics\nrepresents a current challenge for the science of complex systems. Temporal\nnetworks stand as a suitable tool to schematise such systems, encoding all the\nappearing interactions between pairs of individuals in discrete time. Over the\nyears, network science has developed many measures to analyse and compare\ntemporal networks. Some of them imply a decomposition of the network into small\npieces of interactions, i.e. only involving a few nodes for a short time range.\nAlong this line, a possible way to decompose a network is to assume an\negocentric perspective, i.e. to consider for each node the time evolution of\nits neighbourhood. This has been proposed by Longa et al. by defining the\n\"egocentric temporal neighbourhood\", which has proven a useful tool to\ncharacterise temporal networks relative to social interactions. However, this\ndefinition neglects group interactions (quite common in social domains) as they\nare always decomposed into pairwise connections.A more general framework that\nallows us to consider also larger interactions is represented by higher-order\nnetworks. Here, we generalise the description of social interactions by making\nuse of hypergraphs, consequently, we generalise its decomposition into \"hyper\negocentric temporal neighbourhoods\". This will allow us to analyse social\ninteractions, to compare different datasets or different nodes inside a\ndataset, by taking into account the intrinsic complexity represented by\nhigher-order interactions. Even if we limit the order of interactions to the\nsecond (triplets of nodes), our results reveal the importance of a higher-order\nrepresentation. In fact, our analyses show second-order structures are\nresponsible for the majority of the variability at all scales: between\ndatasets, amongst nodes and over time.",
          "arxiv_id": "2402.03866v1"
        },
        {
          "title": "Higher-order temporal network effects through triplet evolution",
          "year": "2021-01",
