{
  "topics": {
    "data": {
      "0": {
        "name": "0_optical_frequency_noise_high",
        "keywords": [
          [
            "optical",
            0.014062254494703677
          ],
          [
            "frequency",
            0.014057143774279574
          ],
          [
            "noise",
            0.012656857145690838
          ],
          [
            "high",
            0.011831306426073385
          ],
          [
            "laser",
            0.01052488673072921
          ],
          [
            "field",
            0.010480478707242962
          ],
          [
            "quantum",
            0.00970499654282448
          ],
          [
            "time",
            0.00918353050636854
          ],
          [
            "magnetic",
            0.008652076964492585
          ],
          [
            "phase",
            0.008632205949540768
          ]
        ],
        "count": 3130
      },
      "1": {
        "name": "1_detector_physics_data_calorimeter",
        "keywords": [
          [
            "detector",
            0.01891461792482891
          ],
          [
            "physics",
            0.016739681147549767
          ],
          [
            "data",
            0.015542719488211476
          ],
          [
            "calorimeter",
            0.01538858016859118
          ],
          [
            "reconstruction",
            0.014561798237780404
          ],
          [
            "particle",
            0.014317068147230355
          ],
          [
            "high",
            0.014059641836238637
          ],
          [
            "energy",
            0.01356462412008981
          ],
          [
            "Collider",
            0.012112377955734343
          ],
          [
            "performance",
            0.01123895957649515
          ]
        ],
        "count": 531
      },
      "2": {
        "name": "2_ray_SiPM_SiPMs_performance",
        "keywords": [
          [
            "ray",
            0.015852115963155965
          ],
          [
            "SiPM",
            0.013223996706365352
          ],
          [
            "SiPMs",
            0.012185596585970702
          ],
          [
            "performance",
            0.01152401475234592
          ],
          [
            "space",
            0.011464700211228456
          ],
          [
            "radiation",
            0.010382389143968931
          ],
          [
            "detector",
            0.010005909925660748
          ],
          [
            "energy",
            0.009791388780133055
          ],
          [
            "noise",
            0.009580341118474322
          ],
          [
            "pixel",
            0.009464503287991038
          ]
        ],
        "count": 373
      },
      "3": {
        "name": "3_PET_energy_detector_gamma",
        "keywords": [
          [
            "PET",
            0.018230583453124376
          ],
          [
            "energy",
            0.01791529549179176
          ],
          [
            "detector",
            0.015917110252954506
          ],
          [
            "gamma",
            0.014894780020670944
          ],
          [
            "scintillators",
            0.014145856986034197
          ],
          [
            "imaging",
            0.013699560964685277
          ],
          [
            "resolution",
            0.013179521320456928
          ],
          [
            "scintillator",
            0.012860077276381911
          ],
          [
            "mm",
            0.012754212330862482
          ],
          [
            "ray",
            0.012630871034078964
          ]
        ],
        "count": 348
      },
      "4": {
        "name": "4_pixel_sensors_sensor_silicon",
        "keywords": [
          [
            "pixel",
            0.021550795798680585
          ],
          [
            "sensors",
            0.021304802813994994
          ],
          [
            "sensor",
            0.019346523248457915
          ],
          [
            "silicon",
            0.017934284769383527
          ],
          [
            "LGAD",
            0.0172917772170693
          ],
          [
            "charge",
            0.01722494937147593
          ],
          [
            "detectors",
            0.015003055878207407
          ],
          [
            "resolution",
            0.01486699355500186
          ],
          [
            "radiation",
            0.01422904468890039
          ],
          [
            "gain",
            0.013675850491669935
          ]
        ],
        "count": 327
      },
      "5": {
        "name": "5_neutron_ion_beam_target",
        "keywords": [
          [
            "neutron",
            0.04747286130382839
          ],
          [
            "ion",
            0.021628858846249262
          ],
          [
            "beam",
            0.021525716531673556
          ],
          [
            "target",
            0.016163021495156825
          ],
          [
            "detector",
            0.013989042001342891
          ],
          [
            "reactions",
            0.013967989693791693
          ],
          [
            "reaction",
            0.013640271792486208
          ],
          [
            "nuclear",
            0.013208536413054377
          ],
          [
            "energy",
            0.0125412955302203
          ],
          [
            "MeV",
            0.011983688758015176
          ]
        ],
        "count": 215
      },
      "6": {
        "name": "6_argon_liquid argon_liquid_DUNE",
        "keywords": [
          [
            "argon",
            0.05176302171529004
          ],
          [
            "liquid argon",
            0.03635856028816002
          ],
          [
            "liquid",
            0.03261012576710579
          ],
          [
            "DUNE",
            0.024301891542552627
          ],
          [
            "neutrino",
            0.021458236479816685
          ],
          [
            "LArTPC",
            0.018940104391269485
          ],
          [
            "light",
            0.018655955629508343
          ],
          [
            "detector",
            0.01699340277949492
          ],
          [
            "LAr",
            0.01591691566666016
          ],
          [
            "scintillation",
            0.014595007107583638
          ]
        ],
        "count": 209
      },
      "7": {
        "name": "7_CMS_LHC_HL_detector",
        "keywords": [
          [
            "CMS",
            0.06903389055033385
          ],
          [
            "LHC",
            0.042031689370279623
          ],
          [
            "HL",
            0.02109932721472166
          ],
          [
            "detector",
            0.01735793689645312
          ],
          [
            "luminosity",
            0.016328043396591673
          ],
          [
            "performance",
            0.014945000512004404
          ],
          [
            "High",
            0.014614095177611421
          ],
          [
            "proton",
            0.013680268090814676
          ],
          [
            "Luminosity",
            0.01296932250064408
          ],
          [
            "upgrade",
            0.012943875240743133
          ]
        ],
        "count": 201
      },
      "8": {
        "name": "8_muon_cosmic_muons_cosmic ray",
        "keywords": [
          [
            "muon",
            0.058194699405431184
          ],
          [
            "cosmic",
            0.027216977521544235
          ],
          [
            "muons",
            0.02600097331736635
          ],
          [
            "cosmic ray",
            0.018301874613798876
          ],
          [
            "ray",
            0.015686682361690185
          ],
          [
            "tomography",
            0.015238046374155758
          ],
          [
            "detector",
            0.0152088548369372
          ],
          [
            "Muon",
            0.014722645159135983
          ],
          [
            "flux",
            0.013124420779447553
          ],
          [
            "momentum",
            0.01297931135912357
          ]
        ],
        "count": 183
      },
      "9": {
        "name": "9_axion_dark_matter_dark matter",
        "keywords": [
          [
            "axion",
            0.07862930450016678
          ],
          [
            "dark",
            0.04247963216930403
          ],
          [
            "matter",
            0.03753894532072055
          ],
          [
            "dark matter",
            0.036430335661989756
          ],
          [
            "cavity",
            0.03084502705430664
          ],
          [
            "search",
            0.02750899452362535
          ],
          [
            "axions",
            0.024723576376247842
          ],
          [
            "haloscope",
            0.02464489771246446
          ],
          [
            "Axion",
            0.020695924734919952
          ],
          [
            "mass",
            0.02046823500699192
          ]
        ],
        "count": 180
      },
      "10": {
        "name": "10_JUNO_neutrino_scintillator_liquid scintillator",
        "keywords": [
          [
            "JUNO",
            0.05317190505355116
          ],
          [
            "neutrino",
            0.036700058725378355
          ],
          [
            "scintillator",
            0.02638819678005535
          ],
          [
            "liquid scintillator",
            0.023820281608876573
          ],
          [
            "detector",
            0.0219441601290653
          ],
          [
            "PMTs",
            0.021761453325706618
          ],
          [
            "liquid",
            0.018188526097345874
          ],
          [
            "energy",
            0.017386765749673214
          ],
          [
            "Neutrino",
            0.016930740192384913
          ],
          [
            "Jiangmen",
            0.015795314369503877
          ]
        ],
        "count": 159
      },
      "11": {
        "name": "11_xenon_liquid_dark matter_matter",
        "keywords": [
          [
            "xenon",
            0.062476769613776406
          ],
          [
            "liquid",
            0.035133446996675886
          ],
          [
            "dark matter",
            0.02540462837548738
          ],
          [
            "matter",
            0.024200559714725255
          ],
          [
            "dark",
            0.024090596060352937
          ],
          [
            "PandaX",
            0.019201691463139863
          ],
          [
            "detector",
            0.016015662901916708
          ],
          [
            "time projection",
            0.015963069292209486
          ],
          [
            "projection",
            0.015484893694407146
          ],
          [
            "scintillation",
            0.014883891063208251
          ]
        ],
        "count": 158
      },
      "12": {
        "name": "12_GEM_gas_detector_charge",
        "keywords": [
          [
            "GEM",
            0.044455559910235386
          ],
          [
            "gas",
            0.02805406562256824
          ],
          [
            "detector",
            0.018760767311943444
          ],
          [
            "charge",
            0.01693933158853054
          ],
          [
            "detectors",
            0.015895489956646323
          ],
          [
            "Gas",
            0.014556497475308827
          ],
          [
            "gain",
            0.014118678658611694
          ],
          [
            "RPC",
            0.012941570223015064
          ],
          [
            "Resistive",
            0.012579871121368814
          ],
          [
            "triple",
            0.012331685046553301
          ]
        ],
        "count": 133
      },
      "13": {
        "name": "13_ATLAS_LHC_upgrade_trigger",
        "keywords": [
          [
            "ATLAS",
            0.07044424843389631
          ],
          [
            "LHC",
            0.031451694247304665
          ],
          [
            "upgrade",
            0.023082604105674535
          ],
          [
            "trigger",
            0.02234680528070277
          ],
          [
            "Run",
            0.02069576218731966
          ],
          [
            "detector",
            0.017243264433361643
          ],
          [
            "data",
            0.01658140385341724
          ],
          [
            "electronics",
            0.015931139718314013
          ],
          [
            "Calorimeter",
            0.015153331456478717
          ],
          [
            "HL",
            0.012619621052207357
          ]
        ],
        "count": 114
      },
      "14": {
        "name": "14_dark_dark matter_matter_eV",
        "keywords": [
          [
            "dark",
            0.04543247156071142
          ],
          [
            "dark matter",
            0.04342258542205392
          ],
          [
            "matter",
            0.041340687347616055
          ],
          [
            "eV",
            0.023570512603797774
          ],
          [
            "energy",
            0.023020928362812314
          ],
          [
            "phonon",
            0.022898905474709803
          ],
          [
            "low",
            0.02045569563954173
          ],
          [
            "CCDs",
            0.019332298457316304
          ],
          [
            "DAMIC",
            0.018399603964019004
          ],
          [
            "detector",
            0.01832331445877805
          ]
        ],
        "count": 106
      },
      "15": {
        "name": "15_neutron_UCN_neutrons_ultracold",
        "keywords": [
          [
            "neutron",
            0.060637268677460415
          ],
          [
            "UCN",
            0.04869275967385336
          ],
          [
            "neutrons",
            0.02708958678524901
          ],
          [
            "ultracold",
            0.02353603141539452
          ],
          [
            "scattering",
            0.017132341894877383
          ],
          [
            "source",
            0.01663195826514155
          ],
          [
            "Neutron",
            0.016619639431265744
          ],
          [
            "spin",
            0.016334056143082292
          ],
          [
            "polarized",
            0.01583072696962819
          ],
          [
            "ultracold neutrons",
            0.015742515505583473
          ]
        ],
        "count": 103
      },
      "16": {
        "name": "16_ALICE_Run_LHC_data",
        "keywords": [
          [
            "ALICE",
            0.08417225338190841
          ],
          [
            "Run",
            0.03662494479128802
          ],
          [
            "LHC",
            0.0331803800375321
          ],
          [
            "data",
            0.024745971026277343
          ],
          [
            "Pb",
            0.021431121847658736
          ],
          [
            "detector",
            0.01819596027360224
          ],
          [
            "upgrade",
            0.017052671343420398
          ],
          [
            "new",
            0.017028837571739626
          ],
          [
            "collisions",
            0.015649246942275714
          ],
          [
            "readout",
            0.015594188964788869
          ]
        ],
        "count": 98
      }
    },
    "correlations": [
      [
        1.0,
        -0.6830782943051492,
        -0.6036549246065572,
        -0.669791703644582,
        -0.7275360580611154,
        -0.6610366455408156,
        -0.7443513639368062,
        -0.7010343757485133,
        -0.7438006656774614,
        -0.7271563051707888,
        -0.7457063290916262,
        -0.7437433738529292,
        -0.7512195425582765,
        -0.6938319562859154,
        -0.7263717385457258,
        -0.7476562220679455,
        -0.760161315008142
      ],
      [
        -0.6830782943051492,
        1.0,
        -0.6685930427913673,
        -0.6800810395470516,
        -0.6974737542901694,
        -0.6620490393255318,
        -0.7184954483178219,
        -0.709562562904279,
        -0.6980292547113989,
        -0.7224697528426883,
        -0.7007870533595978,
        -0.7276180213954125,
        -0.7074068864194527,
        -0.7178620989243836,
        -0.7086479366375237,
        -0.7337479323742797,
        -0.7320932906882374
      ],
      [
        -0.6036549246065572,
        -0.6685930427913673,
        1.0,
        -0.5553450311443611,
        -0.7321603672419489,
        -0.5498194923416542,
        -0.7476857606806768,
        -0.5875972549554386,
        -0.7362437047273132,
        -0.7449601748019592,
        -0.7433657514703542,
        -0.7493984676778718,
        -0.7455019717099136,
        -0.5704760877072539,
        -0.725774397226091,
        -0.7485432369387206,
        -0.7550512541392465
      ],
      [
        -0.669791703644582,
        -0.6800810395470516,
        -0.5553450311443611,
        1.0,
        -0.7131767776012621,
        -0.6407355757145083,
        -0.7370475292640706,
        -0.6689852103256324,
        -0.722287177750796,
        -0.7408531316833324,
        -0.7116019766129461,
        -0.733606703504315,
        -0.7351577269853389,
        -0.6595837543801133,
        -0.6005496463798028,
        -0.736470458477264,
        -0.7562817749883395
      ],
      [
        -0.7275360580611154,
        -0.6974737542901694,
        -0.7321603672419489,
        -0.7131767776012621,
        1.0,
        -0.7297736628770901,
        -0.7519572671136694,
        -0.7038437856997678,
        -0.7434282238536394,
        -0.7569179554597247,
        -0.75525996970912,
        -0.7516206398703102,
        -0.7483673190147555,
        -0.7142458575168485,
        -0.7426997523127417,
        -0.7517392901794242,
        -0.746288447025908
      ],
      [
        -0.6610366455408156,
        -0.6620490393255318,
        -0.5498194923416542,
        -0.6407355757145083,
        -0.7297736628770901,
        1.0,
        -0.7391300907541498,
        -0.6723052476701646,
        -0.7288871139716385,
        -0.7296640719474288,
        -0.7208672834359946,
        -0.7375724178438737,
        -0.7389356636451261,
        -0.6603958018397178,
        -0.7152717181097066,
        -0.14981620499065268,
        -0.7519579340008088
      ],
      [
        -0.7443513639368062,
        -0.7184954483178219,
        -0.7476857606806768,
        -0.7370475292640706,
        -0.7519572671136694,
        -0.7391300907541498,
        1.0,
        -0.7575576657125995,
        -0.7127323995322834,
        -0.6960778428504981,
        -0.6658125655156163,
        -0.44808057826590464,
        -0.7285676162001797,
        -0.7410876374103808,
        -0.6796012032397567,
        -0.751957788638111,
        -0.7608138749825345
      ],
      [
        -0.7010343757485133,
        -0.709562562904279,
        -0.5875972549554386,
        -0.6689852103256324,
        -0.7038437856997678,
        -0.6723052476701646,
        -0.7575576657125995,
        1.0,
        -0.7157262279312304,
        -0.7539828273886127,
        -0.7562944258345871,
        -0.7595172353833953,
        -0.7237166154957368,
        -0.17065967903849644,
        -0.7537819703356132,
        -0.7571396217971056,
        -0.5057899105209894
      ],
      [
        -0.7438006656774614,
        -0.6980292547113989,
        -0.7362437047273132,
        -0.722287177750796,
        -0.7434282238536394,
        -0.7288871139716385,
        -0.7127323995322834,
        -0.7157262279312304,
        1.0,
        -0.741948437143886,
        -0.7160792871236737,
        -0.7438193993541262,
        -0.726206640344241,
        -0.7250947049372198,
        -0.731065601763662,
        -0.7345118040210523,
        -0.7300176115867999
      ],
      [
        -0.7271563051707888,
        -0.7224697528426883,
        -0.7449601748019592,
        -0.7408531316833324,
        -0.7569179554597247,
        -0.7296640719474288,
        -0.6960778428504981,
        -0.7539828273886127,
        -0.741948437143886,
        1.0,
        -0.7290648072843559,
        -0.3477185404216929,
        -0.7478671086619088,
        -0.7497914873040517,
        -0.0867099082898605,
        -0.7331607693127375,
        -0.7634541124666536
      ],
      [
        -0.7457063290916262,
        -0.7007870533595978,
        -0.7433657514703542,
        -0.7116019766129461,
        -0.75525996970912,
        -0.7208672834359946,
        -0.6658125655156163,
        -0.7562944258345871,
        -0.7160792871236737,
        -0.7290648072843559,
        1.0,
        -0.7317541393635867,
        -0.7512155872041013,
        -0.7552788221520921,
        -0.7247612108852046,
        -0.7417432374513374,
        -0.7600032213122015
      ],
      [
        -0.7437433738529292,
        -0.7276180213954125,
        -0.7493984676778718,
        -0.733606703504315,
        -0.7516206398703102,
        -0.7375724178438737,
        -0.44808057826590464,
        -0.7595172353833953,
        -0.7438193993541262,
        -0.3477185404216929,
        -0.7317541393635867,
        1.0,
        -0.7369038854067222,
        -0.7587689953907445,
        -0.2788259131900712,
        -0.7438207873693548,
        -0.7646721227464395
      ],
      [
        -0.7512195425582765,
        -0.7074068864194527,
        -0.7455019717099136,
        -0.7351577269853389,
        -0.7483673190147555,
        -0.7389356636451261,
        -0.7285676162001797,
        -0.7237166154957368,
        -0.726206640344241,
        -0.7478671086619088,
        -0.7512155872041013,
        -0.7369038854067222,
        1.0,
        -0.7367420152324056,
        -0.7375676084862341,
        -0.7548530544131016,
        -0.7307051163728155
      ],
      [
        -0.6938319562859154,
        -0.7178620989243836,
        -0.5704760877072539,
        -0.6595837543801133,
        -0.7142458575168485,
        -0.6603958018397178,
        -0.7410876374103808,
        -0.17065967903849644,
        -0.7250947049372198,
        -0.7497914873040517,
        -0.7552788221520921,
        -0.7587689953907445,
        -0.7367420152324056,
        1.0,
        -0.7553289370698895,
        -0.7539100418853393,
        -0.5443068036796779
      ],
      [
        -0.7263717385457258,
        -0.7086479366375237,
        -0.725774397226091,
        -0.6005496463798028,
        -0.7426997523127417,
        -0.7152717181097066,
        -0.6796012032397567,
        -0.7537819703356132,
        -0.731065601763662,
        -0.0867099082898605,
        -0.7247612108852046,
        -0.2788259131900712,
        -0.7375676084862341,
        -0.7553289370698895,
        1.0,
        -0.7280339672386977,
        -0.761158922284157
      ],
      [
        -0.7476562220679455,
        -0.7337479323742797,
        -0.7485432369387206,
        -0.736470458477264,
        -0.7517392901794242,
        -0.14981620499065268,
        -0.751957788638111,
        -0.7571396217971056,
        -0.7345118040210523,
        -0.7331607693127375,
        -0.7417432374513374,
        -0.7438207873693548,
        -0.7548530544131016,
        -0.7539100418853393,
        -0.7280339672386977,
        1.0,
        -0.7627475359593782
      ],
      [
        -0.760161315008142,
        -0.7320932906882374,
        -0.7550512541392465,
        -0.7562817749883395,
        -0.746288447025908,
        -0.7519579340008088,
        -0.7608138749825345,
        -0.5057899105209894,
        -0.7300176115867999,
        -0.7634541124666536,
        -0.7600032213122015,
        -0.7646721227464395,
        -0.7307051163728155,
        -0.5443068036796779,
        -0.761158922284157,
        -0.7627475359593782,
        1.0
      ]
    ],
    "series": {
      "2020-01": [
        42,
        6,
        0,
        6,
        4,
        6,
        5,
        4,
        3,
        7,
        4,
        6,
        1,
        0,
        11,
        9,
        1
      ],
      "2020-02": [
        74,
        10,
        0,
        1,
        7,
        10,
        13,
        5,
        7,
        4,
        2,
        0,
        4,
        5,
        15,
        4,
        1
      ],
      "2020-03": [
        68,
        14,
        1,
        3,
        10,
        12,
        3,
        5,
        8,
        6,
        6,
        4,
        0,
        1,
        12,
        2,
        2
      ],
      "2020-04": [
        69,
        11,
        0,
        6,
        6,
        18,
        6,
        5,
        12,
        6,
        8,
        2,
        4,
        4,
        10,
        5,
        2
      ],
      "2020-05": [
        79,
        13,
        2,
        4,
        9,
        17,
        3,
        12,
        8,
        4,
        9,
        3,
        6,
        5,
        8,
        4,
        3
      ],
      "2020-06": [
        64,
        6,
        2,
        4,
        7,
        7,
        4,
        9,
        8,
        6,
        6,
        11,
        8,
        4,
        8,
        2,
        4
      ],
      "2020-07": [
        58,
        7,
        0,
        4,
        7,
        6,
        8,
        3,
        6,
        2,
        5,
        9,
        3,
        4,
        10,
        3,
        0
      ],
      "2020-08": [
        53,
        4,
        1,
        3,
        7,
        5,
        6,
        2,
        4,
        4,
        3,
        2,
        0,
        3,
        10,
        0,
        3
      ],
      "2020-09": [
        50,
        10,
        0,
        6,
        3,
        9,
        5,
        3,
        7,
        5,
        1,
        5,
        3,
        9,
        7,
        7,
        2
      ],
      "2020-10": [
        66,
        11,
        0,
        10,
        8,
        12,
        4,
        3,
        11,
        6,
        2,
        1,
        1,
        9,
        6,
        9,
        3
      ],
      "2020-11": [
        52,
        7,
        0,
        2,
        6,
        11,
        5,
        1,
        4,
        5,
        11,
        2,
        4,
        2,
        7,
        1,
        2
      ],
      "2020-12": [
        60,
        5,
        0,
        5,
        1,
        5,
        12,
        9,
        4,
        4,
        2,
        7,
        0,
        0,
        5,
        0,
        3
      ],
      "2021-01": [
        63,
        3,
        0,
        3,
        7,
        4,
        3,
        3,
        5,
        4,
        5,
        5,
        2,
        1,
        8,
        3,
        0
      ],
      "2021-02": [
        53,
        4,
        0,
        12,
        4,
        9,
        1,
        4,
        6,
        2,
        3,
        5,
        1,
        2,
        7,
        2,
        3
      ],
      "2021-03": [
        50,
        8,
        1,
        7,
        2,
        7,
        8,
        5,
        3,
        4,
        9,
        2,
        5,
        2,
        6,
        4,
        0
      ],
      "2021-04": [
        44,
        6,
        0,
        4,
        2,
        9,
        4,
        4,
        11,
        4,
        4,
        5,
        2,
        1,
        4,
        2,
        1
      ],
      "2021-05": [
        72,
        4,
        0,
        0,
        6,
        6,
        1,
        4,
        4,
        6,
        2,
        1,
        3,
        5,
        8,
        4,
        0
      ],
      "2021-06": [
        57,
        9,
        1,
        2,
        7,
        14,
        5,
        4,
        5,
        1,
        5,
        4,
        4,
        3,
        8,
        1,
        3
      ],
      "2021-07": [
        53,
        12,
        0,
        6,
        4,
        13,
        9,
        5,
        9,
        3,
        8,
        6,
        4,
        2,
        9,
        3,
        0
      ],
      "2021-08": [
        42,
        7,
        1,
        4,
        2,
        9,
        2,
        2,
        7,
        2,
        1,
        2,
        2,
        2,
        6,
        2,
        1
      ],
      "2021-09": [
        46,
        5,
        1,
        5,
        8,
        7,
        6,
        3,
        7,
        5,
        7,
        5,
        1,
        2,
        5,
        2,
        3
      ],
      "2021-10": [
        58,
        9,
        1,
        7,
        5,
        8,
        7,
        4,
        12,
        8,
        6,
        4,
        3,
        4,
        8,
        8,
        4
      ],
      "2021-11": [
        71,
        13,
        1,
        5,
        8,
        11,
        2,
        11,
        6,
        5,
        10,
        4,
        3,
        3,
        14,
        2,
        2
      ],
      "2021-12": [
        73,
        14,
        1,
        7,
        13,
        10,
        6,
        10,
        10,
        6,
        2,
        8,
        3,
        5,
        9,
        4,
        3
      ],
      "2022-01": [
        55,
        4,
        0,
        2,
        8,
        9,
        6,
        8,
        13,
        4,
        8,
        7,
        4,
        1,
        10,
        5,
        1
      ],
      "2022-02": [
        56,
        12,
        1,
        3,
        7,
        15,
        6,
        5,
        13,
        2,
        3,
        3,
        0,
        9,
        11,
        1,
        2
      ],
      "2022-03": [
        83,
        19,
        0,
        5,
        7,
        11,
        9,
        13,
        9,
        5,
        14,
        6,
        2,
        3,
        14,
        4,
        1
      ],
      "2022-04": [
        56,
        15,
        0,
        9,
        6,
        5,
        1,
        4,
        2,
        6,
        4,
        1,
        6,
        2,
        10,
        2,
        0
      ],
      "2022-05": [
        58,
        5,
        1,
        4,
        6,
        12,
        2,
        1,
        5,
        9,
        8,
        7,
        3,
        4,
        9,
        2,
        2
      ],
      "2022-06": [
        47,
        7,
        1,
        1,
        7,
        8,
        3,
        3,
        12,
        6,
        6,
        4,
        8,
        0,
        8,
        3,
        3
      ],
      "2022-07": [
        49,
        4,
        0,
        1,
        7,
        12,
        3,
        4,
        6,
        2,
        4,
        3,
        2,
        1,
        6,
        4,
        1
      ],
      "2022-08": [
        55,
        13,
        2,
        7,
        9,
        11,
        0,
        1,
        8,
        3,
        2,
        1,
        0,
        0,
        9,
        2,
        2
      ],
      "2022-09": [
        69,
        10,
        0,
        5,
        14,
        9,
        6,
        6,
        6,
        5,
        6,
        5,
        1,
        4,
        10,
        5,
        3
      ],
      "2022-10": [
        54,
        12,
        2,
        5,
        10,
        10,
        4,
        5,
        5,
        5,
        6,
        4,
        1,
        4,
        12,
        1,
        3
      ],
      "2022-11": [
        57,
        7,
        1,
        4,
        7,
        10,
        7,
        8,
        6,
        6,
        9,
        6,
        7,
        4,
        10,
        6,
        6
      ],
      "2022-12": [
        53,
        8,
        1,
        5,
        3,
        7,
        8,
        3,
        7,
        5,
        7,
        2,
        4,
        3,
        12,
        3,
        4
      ],
      "2023-01": [
        66,
        7,
        1,
        3,
        10,
        11,
        6,
        7,
        6,
        3,
        6,
        4,
        0,
        2,
        5,
        2,
        0
      ],
      "2023-02": [
        48,
        8,
        1,
        7,
        6,
        10,
        2,
        5,
        3,
        6,
        3,
        0,
        2,
        5,
        6,
        1,
        5
      ],
      "2023-03": [
        43,
        5,
        0,
        8,
        10,
        12,
        2,
        8,
        7,
        3,
        7,
        9,
        8,
        3,
        9,
        3,
        2
      ],
      "2023-04": [
        51,
        4,
        0,
        3,
        1,
        12,
        1,
        4,
        3,
        12,
        1,
        4,
        3,
        1,
        8,
        2,
        0
      ],
      "2023-05": [
        56,
        13,
        0,
        7,
        8,
        6,
        6,
        0,
        5,
        4,
        2,
        3,
        5,
        2,
        5,
        1,
        1
      ],
      "2023-06": [
        59,
        2,
        0,
        2,
        10,
        9,
        2,
        4,
        2,
        7,
        0,
        2,
        3,
        2,
        7,
        2,
        1
      ],
      "2023-07": [
        47,
        5,
        0,
        4,
        3,
        10,
        7,
        2,
        4,
        1,
        7,
        2,
        1,
        4,
        9,
        3,
        1
      ],
      "2023-08": [
        53,
        8,
        0,
        4,
        4,
        10,
        0,
        3,
        7,
        2,
        5,
        1,
        0,
        0,
        6,
        1,
        0
      ],
      "2023-09": [
        52,
        5,
        1,
        4,
        4,
        10,
        5,
        9,
        10,
        7,
        9,
        5,
        0,
        3,
        12,
        4,
        3
      ],
      "2023-10": [
        67,
        8,
        0,
        9,
        14,
        10,
        1,
        2,
        6,
        6,
        5,
        4,
        0,
        5,
        12,
        3,
        1
      ],
      "2023-11": [
        67,
        13,
        0,
        8,
        8,
        16,
        5,
        5,
        6,
        2,
        4,
        5,
        2,
        0,
        14,
        3,
        1
      ],
      "2023-12": [
        46,
        8,
        0,
        6,
        3,
        14,
        9,
        7,
        9,
        5,
        7,
        7,
        3,
        1,
        6,
        3,
        2
      ],
      "2024-01": [
        51,
        13,
        0,
        1,
        5,
        7,
        3,
        8,
        10,
        1,
        4,
        5,
        4,
        9,
        15,
        1,
        2
      ],
      "2024-02": [
        39,
        9,
        2,
        8,
        7,
        11,
        2,
        6,
        7,
        5,
        7,
        3,
        3,
        3,
        12,
        5,
        4
      ],
      "2024-03": [
        56,
        9,
        2,
        1,
        9,
        9,
        4,
        4,
        9,
        6,
        5,
        4,
        1,
        1,
        16,
        5,
        4
      ],
      "2024-04": [
        45,
        9,
        1,
        1,
        2,
        6,
        0,
        6,
        3,
        7,
        2,
        2,
        2,
        4,
        8,
        2,
        2
      ],
      "2024-05": [
        46,
        11,
        1,
        4,
        7,
        10,
        7,
        3,
        7,
        2,
        8,
        5,
        1,
        2,
        11,
        3,
        0
      ],
      "2024-06": [
        58,
        8,
        1,
        5,
        10,
        5,
        4,
        5,
        6,
        5,
        6,
        2,
        4,
        1,
        5,
        3,
        1
      ],
      "2024-07": [
        53,
        11,
        0,
        3,
        8,
        5,
        5,
        6,
        5,
        7,
        1,
        1,
        3,
        3,
        7,
        3,
        2
      ],
      "2024-08": [
        44,
        10,
        1,
        4,
        4,
        8,
        5,
        4,
        0,
        4,
        3,
        5,
        2,
        0,
        10,
        1,
        3
      ],
      "2024-09": [
        68,
        6,
        2,
        7,
        13,
        6,
        2,
        3,
        2,
        2,
        1,
        3,
        0,
        3,
        7,
        0,
        4
      ],
      "2024-10": [
        64,
        9,
        1,
        5,
        5,
        9,
        3,
        9,
        6,
        7,
        5,
        6,
        2,
        2,
        11,
        5,
        3
      ],
      "2024-11": [
        49,
        6,
        2,
        5,
        6,
        10,
        3,
        3,
        7,
        4,
        7,
        6,
        4,
        2,
        6,
        5,
        2
      ],
      "2024-12": [
        56,
        2,
        2,
        6,
        7,
        15,
        4,
        1,
        5,
        3,
        2,
        6,
        3,
        4,
        4,
        3,
        0
      ],
      "2025-01": [
        64,
        11,
        0,
        4,
        8,
        6,
        9,
        5,
        10,
        5,
        6,
        3,
        1,
        4,
        4,
        5,
        1
      ],
      "2025-02": [
        52,
        6,
        2,
        8,
        10,
        10,
        5,
        3,
        10,
        0,
        2,
        5,
        3,
        3,
        15,
        4,
        8
      ],
      "2025-03": [
        75,
        16,
        2,
        2,
        10,
        21,
        11,
        7,
        12,
        2,
        9,
        4,
        4,
        12,
        9,
        5,
        7
      ],
      "2025-04": [
        43,
        13,
        0,
        3,
        10,
        12,
        3,
        5,
        14,
        4,
        4,
        2,
        1,
        1,
        8,
        3,
        2
      ],
      "2025-05": [
        58,
        5,
        0,
        2,
        12,
        6,
        2,
        6,
        11,
        6,
        7,
        5,
        2,
        1,
        13,
        2,
        1
      ],
      "2025-06": [
        63,
        4,
        1,
        6,
        7,
        11,
        4,
        5,
        5,
        3,
        5,
        0,
        2,
        1,
        12,
        4,
        1
      ],
      "2025-07": [
        51,
        7,
        0,
        3,
        9,
        5,
        9,
        3,
        9,
        2,
        10,
        2,
        1,
        1,
        15,
        3,
        2
      ],
      "2025-08": [
        63,
        5,
        2,
        4,
        9,
        7,
        1,
        2,
        6,
        5,
        6,
        6,
        0,
        1,
        9,
        1,
        0
      ],
      "2025-09": [
        38,
        5,
        1,
        1,
        7,
        3,
        2,
        0,
        6,
        0,
        2,
        1,
        0,
        2,
        6,
        2,
        0
      ]
    },
    "papers": {
      "0": [
        {
          "title": "Passive Optical Phase Noise Cancellation",
          "year": "2020-03",
