{
  "topics": {
    "data": {
      "0": {
        "name": "0_wave_topological_design_model",
        "keywords": [
          [
            "wave",
            0.012510612646774057
          ],
          [
            "topological",
            0.011465835799095318
          ],
          [
            "design",
            0.010868385551364842
          ],
          [
            "model",
            0.010075982773961743
          ],
          [
            "acoustic",
            0.009490107770555978
          ],
          [
            "time",
            0.009321214250268932
          ],
          [
            "elastic",
            0.008946927209354269
          ],
          [
            "waves",
            0.008923786225189469
          ],
          [
            "non",
            0.008613765428362443
          ],
          [
            "frequency",
            0.008138715925417912
          ]
        ],
        "count": 2515
      },
      "1": {
        "name": "1_high_GaN_2D_temperature",
        "keywords": [
          [
            "high",
            0.01418941281462729
          ],
          [
            "GaN",
            0.013831560455480577
          ],
          [
            "2D",
            0.01241259272637983
          ],
          [
            "temperature",
            0.010708103366548243
          ],
          [
            "devices",
            0.01065005789272036
          ],
          [
            "current",
            0.009374000013555366
          ],
          [
            "device",
            0.00935261787998006
          ],
          [
            "growth",
            0.00926570183865794
          ],
          [
            "gate",
            0.009086206827651303
          ],
          [
            "Si",
            0.008878379742738389
          ]
        ],
        "count": 1021
      },
      "2": {
        "name": "2_optical_integrated_photonic_frequency",
        "keywords": [
          [
            "optical",
            0.024162006388947513
          ],
          [
            "integrated",
            0.020671864816395488
          ],
          [
            "photonic",
            0.01989973961358571
          ],
          [
            "frequency",
            0.019494688543630564
          ],
          [
            "high",
            0.016519143893219013
          ],
          [
            "silicon",
            0.014344807906105306
          ],
          [
            "laser",
            0.013781051003382746
          ],
          [
            "dB",
            0.013643905391495027
          ],
          [
            "chip",
            0.013627738920613221
          ],
          [
            "low",
            0.01361899632165648
          ]
        ],
        "count": 982
      },
      "3": {
        "name": "3_spin_magnetic_field_magnetization",
        "keywords": [
          [
            "spin",
            0.04528769788688991
          ],
          [
            "magnetic",
            0.039556328072848625
          ],
          [
            "field",
            0.015855629470185262
          ],
          [
            "magnetization",
            0.01565336566566107
          ],
          [
            "switching",
            0.01347884582733534
          ],
          [
            "current",
            0.012626028876518279
          ],
          [
            "ferromagnetic",
            0.01199580910731533
          ],
          [
            "Hall",
            0.011961044821834322
          ],
          [
            "effect",
            0.011841419725015184
          ],
          [
            "temperature",
            0.011492580407456397
          ]
        ],
        "count": 972
      },
      "4": {
        "name": "4_solar_perovskite_cells_solar cells",
        "keywords": [
          [
            "solar",
            0.0358391080663874
          ],
          [
            "perovskite",
            0.026855790887542825
          ],
          [
            "cells",
            0.022831684021665567
          ],
          [
            "solar cells",
            0.021703456029452558
          ],
          [
            "efficiency",
            0.016961003606336615
          ],
          [
            "cell",
            0.013770803249334721
          ],
          [
            "performance",
            0.012626120056871014
          ],
          [
            "halide",
            0.012370334686226753
          ],
          [
            "energy",
            0.012205694530411036
          ],
          [
            "perovskites",
            0.012079041471208933
          ]
        ],
        "count": 867
      },
      "5": {
        "name": "5_optical_metasurfaces_light_plasmonic",
        "keywords": [
          [
            "optical",
            0.019859309797584126
          ],
          [
            "metasurfaces",
            0.015006055362340651
          ],
          [
            "light",
            0.014990679100758747
          ],
          [
            "plasmonic",
            0.012645973632928563
          ],
          [
            "metasurface",
            0.010451492713654444
          ],
          [
            "high",
            0.010058292460823156
          ],
          [
            "applications",
            0.009989453677084368
          ],
          [
            "field",
            0.009749139008690157
          ],
          [
            "imaging",
            0.009490147834874021
          ],
          [
            "design",
            0.008861485831893393
          ]
        ],
        "count": 837
      },
      "6": {
        "name": "6_graphene_high_energy_carbon",
        "keywords": [
          [
            "graphene",
            0.021996576288721252
          ],
          [
            "high",
            0.0120853468015471
          ],
          [
            "energy",
            0.011510568570495462
          ],
          [
            "carbon",
            0.011320292306600999
          ],
          [
            "materials",
            0.010967136197024323
          ],
          [
            "electrochemical",
            0.01085453742850475
          ],
          [
            "electrode",
            0.010846476981082096
          ],
          [
            "ion",
            0.010721192850332293
          ],
          [
            "battery",
            0.010293946928450523
          ],
          [
            "batteries",
            0.009480657595218258
          ]
        ],
        "count": 781
      },
      "7": {
        "name": "7_electron_ray_laser_beam",
        "keywords": [
          [
            "electron",
            0.022601557152737456
          ],
          [
            "ray",
            0.019827506879108853
          ],
          [
            "laser",
            0.016123098146549976
          ],
          [
            "beam",
            0.014694510437867623
          ],
          [
            "energy",
            0.013591351710600198
          ],
          [
            "high",
            0.012735427052302298
          ],
          [
            "imaging",
            0.011563156485270891
          ],
          [
            "resolution",
            0.009758090757394781
          ],
          [
            "data",
            0.009009602227772385
          ],
          [
            "field",
            0.008339014063242485
          ]
        ],
        "count": 674
      },
      "8": {
        "name": "8_diamond_quantum_NV_magnetic",
        "keywords": [
          [
            "diamond",
            0.03513238019225897
          ],
          [
            "quantum",
            0.032613867150373205
          ],
          [
            "NV",
            0.02859535349133247
          ],
          [
            "magnetic",
            0.024166228419414133
          ],
          [
            "centers",
            0.022832324150881655
          ],
          [
            "spin",
            0.017315093676385455
          ],
          [
            "vacancy",
            0.01690562674341069
          ],
          [
            "field",
            0.016540613115967984
          ],
          [
            "nitrogen",
            0.01556218851769208
          ],
          [
            "single",
            0.01524081063031258
          ]
        ],
        "count": 521
      },
      "9": {
        "name": "9_quantum_Josephson_qubit_qubits",
        "keywords": [
          [
            "quantum",
            0.03051154642546699
          ],
          [
            "Josephson",
            0.016482399374246805
          ],
          [
            "qubit",
            0.01627306868658228
          ],
          [
            "qubits",
            0.016007901198355483
          ],
          [
            "Nb",
            0.01482709518663533
          ],
          [
            "microwave",
            0.014426701495455527
          ],
          [
            "photon",
            0.014425111234410145
          ],
          [
            "circuits",
            0.014074591355553532
          ],
          [
            "high",
            0.014001651920472495
          ],
          [
            "cryogenic",
            0.012330596155980143
          ]
        ],
        "count": 375
      },
      "10": {
        "name": "10_computing_neuromorphic_neural_devices",
        "keywords": [
          [
            "computing",
            0.026122343587832348
          ],
          [
            "neuromorphic",
            0.02017045840227094
          ],
          [
            "neural",
            0.02016693007757475
          ],
          [
            "devices",
            0.0195327825170713
          ],
          [
            "switching",
            0.01775894003529963
          ],
          [
            "memory",
            0.016032902362580394
          ],
          [
            "device",
            0.015229865585640117
          ],
          [
            "networks",
            0.013414642642127887
          ],
          [
            "resistive",
            0.013040347062504223
          ],
          [
            "hardware",
            0.012595691715338577
          ]
        ],
        "count": 369
      },
      "11": {
        "name": "11_resonators_acoustic_frequency_mechanical",
        "keywords": [
          [
            "resonators",
            0.025225828439964713
          ],
          [
            "acoustic",
            0.023850962302812726
          ],
          [
            "frequency",
            0.02225637180637315
          ],
          [
            "mechanical",
            0.018739224211427524
          ],
          [
            "resonator",
            0.01607752057147063
          ],
          [
            "nanomechanical",
            0.013588194432158546
          ],
          [
            "mode",
            0.013286497227288332
          ],
          [
            "modes",
            0.013206626241488092
          ],
          [
            "piezoelectric",
            0.012842273025873216
          ],
          [
            "high",
            0.01243581896837459
          ]
        ],
        "count": 367
      },
      "12": {
        "name": "12_networks_network_model_data",
        "keywords": [
          [
            "networks",
            0.02721679773601924
          ],
          [
            "network",
            0.026198293168919973
          ],
          [
            "model",
            0.020598533574330103
          ],
          [
            "data",
            0.0203179915699829
          ],
          [
            "systems",
            0.017722107573390645
          ],
          [
            "models",
            0.014894678621342531
          ],
          [
            "dynamics",
            0.012733710249062878
          ],
          [
            "time",
            0.012714280395992476
          ],
          [
            "study",
            0.010981411644396049
          ],
          [
            "learning",
            0.010818695644105225
          ]
        ],
        "count": 192
      },
      "13": {
        "name": "13_quantum_Quantum_entanglement_state",
        "keywords": [
          [
            "quantum",
            0.08867371955514973
          ],
          [
            "Quantum",
            0.020672554177466978
          ],
          [
            "entanglement",
            0.01748685700705507
          ],
          [
            "state",
            0.01492090319741554
          ],
          [
            "classical",
            0.014576806944252774
          ],
          [
            "noise",
            0.013094226398449746
          ],
          [
            "qubit",
            0.012063670775384276
          ],
          [
            "systems",
            0.011437040016381319
          ],
          [
            "states",
            0.011256030941620103
          ],
          [
            "QKD",
            0.01120093331842855
          ]
        ],
        "count": 182
      },
      "14": {
        "name": "14_ferroelectric_polarization_domain_memory",
        "keywords": [
          [
            "ferroelectric",
            0.06607522661051629
          ],
          [
            "polarization",
            0.02620967188923925
          ],
          [
            "domain",
            0.0204720422062208
          ],
          [
            "memory",
            0.019572502029065474
          ],
          [
            "Ferroelectric",
            0.017152527531669317
          ],
          [
            "switching",
            0.016187433726640353
          ],
          [
            "films",
            0.016073924369550827
          ],
          [
            "FE",
            0.015622433030518917
          ],
          [
            "devices",
            0.013620294945845105
          ],
          [
            "AlScN",
            0.013486265118215228
          ]
        ],
        "count": 132
      }
    },
    "correlations": [
      [
        1.0,
        -0.75909561390889,
        -0.7495093860057849,
        -0.7401940101825999,
        -0.7466016508861336,
        -0.7492851313538302,
        -0.464106207605316,
        -0.5086070548153339,
        -0.7551432223019848,
        -0.7497628082992139,
        -0.7457685805663165,
        -0.7417035082754726,
        -0.7276725490414848,
        -0.7437029607475113,
        -0.7599797109549653
      ],
      [
        -0.75909561390889,
        1.0,
        -0.7584498887419393,
        -0.7515990026217083,
        -0.7590844126524263,
        -0.7615685061067636,
        -0.7593749069301905,
        -0.7549617666957897,
        -0.7580179772629961,
        -0.7616497232731579,
        -0.7511448333417678,
        -0.7606167731003759,
        -0.7629315306726407,
        -0.7577001946274209,
        -0.7598687566281886
      ],
      [
        -0.7495093860057849,
        -0.7584498887419393,
        1.0,
        -0.7447834346203072,
        -0.7578911516668132,
        -0.588333681472102,
        -0.7515123722869994,
        -0.7389521100470888,
        -0.7485354437510103,
        -0.7527283624249089,
        -0.7170011094778765,
        -0.6071575441616033,
        -0.7421151444795672,
        -0.6966934989577833,
        -0.7484343229262731
      ],
      [
        -0.7401940101825999,
        -0.7515990026217083,
        -0.7447834346203072,
        1.0,
        -0.7554279495357744,
        -0.7515174742482597,
        -0.7469004709296962,
        -0.7382103472846373,
        -0.503665157282396,
        -0.7256798601377566,
        -0.7153585440618677,
        -0.7335959087554598,
        -0.7445883515452472,
        -0.7081711980589613,
        -0.7447009469194423
      ],
      [
        -0.7466016508861336,
        -0.7590844126524263,
        -0.7578911516668132,
        -0.7554279495357744,
        1.0,
        -0.7503110152054484,
        -0.7466266683409706,
        -0.7450020490509937,
        -0.7609049183964842,
        -0.7615029659005728,
        -0.7404029381107526,
        -0.7617698363216305,
        -0.7510430343532613,
        -0.7365900683938902,
        -0.7548772324910229
      ],
      [
        -0.7492851313538302,
        -0.7615685061067636,
        -0.588333681472102,
        -0.7515174742482597,
        -0.7503110152054484,
        1.0,
        -0.7552921642985277,
        -0.7479119595305181,
        -0.7562163969716953,
        -0.7624048187606406,
        -0.7400955678132688,
        -0.7507408800214592,
        -0.7500813940416042,
        -0.7449578528656564,
        -0.7521969872257444
      ],
      [
        -0.464106207605316,
        -0.7593749069301905,
        -0.7515123722869994,
        -0.7469004709296962,
        -0.7466266683409706,
        -0.7552921642985277,
        1.0,
        -0.5726723386537105,
        -0.7570303099975573,
        -0.7565531347708493,
        -0.7399044164172273,
        -0.7526668956839331,
        -0.7441477125822666,
        -0.7456156520564949,
        -0.7583395080224786
      ],
      [
        -0.5086070548153339,
        -0.7549617666957897,
        -0.7389521100470888,
        -0.7382103472846373,
        -0.7450020490509937,
        -0.7479119595305181,
        -0.5726723386537105,
        1.0,
        -0.7438941183645307,
        -0.7530977018140117,
        -0.746717862262112,
        -0.7468946015749702,
        -0.7348236994984778,
        -0.7337064500461823,
        -0.7522607480610484
      ],
      [
        -0.7551432223019848,
        -0.7580179772629961,
        -0.7485354437510103,
        -0.503665157282396,
        -0.7609049183964842,
        -0.7562163969716953,
        -0.7570303099975573,
        -0.7438941183645307,
        1.0,
        -0.6837252039417231,
        -0.7521220540978246,
        -0.7475227902974576,
        -0.7565767697171841,
        -0.5783773987124732,
        -0.7591036682213199
      ],
      [
        -0.7497628082992139,
        -0.7616497232731579,
        -0.7527283624249089,
        -0.7256798601377566,
        -0.7615029659005728,
        -0.7624048187606406,
        -0.7565531347708493,
        -0.7530977018140117,
        -0.6837252039417231,
        1.0,
        -0.7448403757653599,
        -0.7408982773213852,
        -0.7531460058671104,
        -0.5703790710983141,
        -0.7582427681385888
      ],
      [
        -0.7457685805663165,
        -0.7511448333417678,
        -0.7170011094778765,
        -0.7153585440618677,
        -0.7404029381107526,
        -0.7400955678132688,
        -0.7399044164172273,
        -0.746717862262112,
        -0.7521220540978246,
        -0.7448403757653599,
        1.0,
        -0.7434584498075575,
        -0.6213789284009852,
        -0.7310433572345947,
        -0.736209759510835
      ],
      [
        -0.7417035082754726,
        -0.7606167731003759,
        -0.6071575441616033,
        -0.7335959087554598,
        -0.7617698363216305,
        -0.7507408800214592,
        -0.7526668956839331,
        -0.7468946015749702,
        -0.7475227902974576,
        -0.7408982773213852,
        -0.7434584498075575,
        1.0,
        -0.7469792138169329,
        -0.7259936389072482,
        -0.7573415591035411
      ],
      [
        -0.7276725490414848,
        -0.7629315306726407,
        -0.7421151444795672,
        -0.7445883515452472,
        -0.7510430343532613,
        -0.7500813940416042,
        -0.7441477125822666,
        -0.7348236994984778,
        -0.7565767697171841,
        -0.7531460058671104,
        -0.6213789284009852,
        -0.7469792138169329,
        1.0,
        -0.7493753221734267,
        -0.7595301512878883
      ],
      [
        -0.7437029607475113,
        -0.7577001946274209,
        -0.6966934989577833,
        -0.7081711980589613,
        -0.7365900683938902,
        -0.7449578528656564,
        -0.7456156520564949,
        -0.7337064500461823,
        -0.5783773987124732,
        -0.5703790710983141,
        -0.7310433572345947,
        -0.7259936389072482,
        -0.7493753221734267,
        1.0,
        -0.7515186566913012
      ],
      [
        -0.7599797109549653,
        -0.7598687566281886,
        -0.7484343229262731,
        -0.7447009469194423,
        -0.7548772324910229,
        -0.7521969872257444,
        -0.7583395080224786,
        -0.7522607480610484,
        -0.7591036682213199,
        -0.7582427681385888,
        -0.736209759510835,
        -0.7573415591035411,
        -0.7595301512878883,
        -0.7515186566913012,
        1.0
      ]
    ],
    "series": {
      "2020-01": [
        122,
        3,
        9,
        28,
        13,
        2,
        3,
        9,
        3,
        5,
        9,
        9,
        14,
        23,
        5
      ],
      "2020-02": [
        110,
        4,
        12,
        13,
        6,
        4,
        5,
        4,
        6,
        8,
        5,
        9,
        12,
        19,
        4
      ],
      "2020-03": [
        130,
        3,
        15,
        19,
        16,
        6,
        8,
        4,
        6,
        8,
        9,
        9,
        7,
        31,
        6
      ],
      "2020-04": [
        134,
        6,
        11,
        31,
        11,
        4,
        11,
        7,
        10,
        6,
        12,
        15,
        9,
        25,
        11
      ],
      "2020-05": [
        133,
        2,
        15,
        19,
        15,
        6,
        9,
        8,
        7,
        6,
        11,
        11,
        14,
        33,
        5
      ],
      "2020-06": [
        151,
        4,
        6,
        29,
        17,
        4,
        8,
        7,
        12,
        6,
        15,
        9,
        15,
        28,
        4
      ],
      "2020-07": [
        170,
        2,
        8,
        19,
        31,
        1,
        7,
        8,
        5,
        10,
        14,
        16,
        16,
        26,
        8
      ],
      "2020-08": [
        140,
        3,
        6,
        16,
        25,
        1,
        8,
        7,
        7,
        8,
        10,
        12,
        12,
        21,
        3
      ],
      "2020-09": [
        157,
        1,
        12,
        22,
        13,
        3,
        5,
        7,
        6,
        4,
        11,
        14,
        10,
        34,
        3
      ],
      "2020-10": [
        109,
        2,
        13,
        20,
        10,
        2,
        2,
        7,
        8,
        5,
        8,
        7,
        12,
        13,
        3
      ],
      "2020-11": [
        101,
        2,
        13,
        24,
        11,
        1,
        6,
        9,
        8,
        13,
        12,
        11,
        7,
        19,
        7
      ],
      "2020-12": [
        85,
        1,
        10,
        14,
        14,
        3,
        5,
        7,
        3,
        2,
        10,
        12,
        8,
        19,
        3
      ],
      "2021-01": [
        78,
        0,
        6,
        17,
        13,
        4,
        6,
        7,
        8,
        3,
        8,
        8,
        11,
        23,
        0
      ],
      "2021-02": [
        112,
        2,
        10,
        13,
        8,
        2,
        4,
        4,
        6,
        2,
        7,
        8,
        7,
        17,
        0
      ],
      "2021-03": [
        116,
        2,
        6,
        20,
        10,
        3,
        9,
        11,
        6,
        5,
        9,
        16,
        7,
        18,
        2
      ],
      "2021-04": [
        101,
        4,
        19,
        22,
        12,
        9,
        2,
        4,
        0,
        4,
        10,
        6,
        10,
        14,
        3
      ],
      "2021-05": [
        112,
        5,
        6,
        16,
        15,
        9,
        4,
        5,
        3,
        3,
        11,
        6,
        12,
        20,
        7
      ],
      "2021-06": [
        104,
        5,
        9,
        16,
        24,
        3,
        4,
        6,
        2,
        5,
        11,
        9,
        15,
        20,
        3
      ],
      "2021-07": [
        129,
        1,
        8,
        15,
        14,
        0,
        3,
        5,
        3,
        3,
        8,
        17,
        8,
        26,
        4
      ],
      "2021-08": [
        119,
        2,
        10,
        20,
        9,
        3,
        5,
        2,
        2,
        6,
        6,
        11,
        7,
        18,
        6
      ],
      "2021-09": [
        96,
        3,
        6,
        19,
        14,
        1,
        4,
        6,
        3,
        4,
        11,
        7,
        8,
        22,
        2
      ],
      "2021-10": [
        123,
        3,
        9,
        20,
        17,
        3,
        7,
        9,
        3,
        2,
        10,
        10,
        11,
        16,
        1
      ],
      "2021-11": [
        98,
        1,
        11,
        31,
        11,
        4,
        3,
        7,
        7,
        4,
        10,
        4,
        12,
        26,
        4
      ],
      "2021-12": [
        86,
        0,
        21,
        13,
        12,
        4,
        5,
        4,
        5,
        4,
        12,
        6,
        11,
        23,
        5
      ],
      "2022-01": [
        101,
        3,
        9,
        17,
        12,
        6,
        5,
        5,
        4,
        4,
        7,
        11,
        13,
        16,
        6
      ],
      "2022-02": [
        67,
        2,
        9,
        15,
        13,
        0,
        6,
        5,
        2,
        3,
        10,
        6,
        6,
        24,
        3
      ],
      "2022-03": [
        84,
        2,
        14,
        19,
        6,
        5,
        4,
        1,
        6,
        2,
        8,
        11,
        7,
        14,
        3
      ],
      "2022-04": [
        86,
        1,
        10,
        7,
        12,
        4,
        4,
        3,
        4,
        3,
        5,
        7,
        6,
        17,
        5
      ],
      "2022-05": [
        101,
        0,
        12,
        16,
        8,
        1,
        4,
        1,
        4,
        2,
        5,
        12,
        6,
        14,
        3
      ],
      "2022-06": [
        79,
        2,
        7,
        21,
        8,
        4,
        6,
        4,
        3,
        3,
        7,
        8,
        10,
        20,
        2
      ],
      "2022-07": [
        77,
        1,
        9,
        20,
        5,
        1,
        3,
        4,
        7,
        4,
        10,
        4,
        6,
        18,
        5
      ],
      "2022-08": [
        72,
        3,
        10,
        15,
        8,
        1,
        4,
        6,
        8,
        3,
        8,
        3,
        6,
        23,
        9
      ],
      "2022-09": [
        107,
        2,
        12,
        19,
        14,
        1,
        4,
        7,
        7,
        4,
        5,
        5,
        10,
        19,
        4
      ],
      "2022-10": [
        98,
        2,
        12,
        12,
        12,
        2,
        3,
        4,
        1,
        12,
        9,
        16,
        4,
        16,
        2
      ],
      "2022-11": [
        85,
        2,
        9,
        23,
        11,
        0,
        2,
        6,
        3,
        6,
        6,
        5,
        7,
        20,
        2
      ],
      "2022-12": [
        82,
        3,
        13,
        18,
        8,
        1,
        1,
        4,
        4,
        8,
        12,
        9,
        4,
        12,
        7
      ],
      "2023-01": [
        89,
        1,
        8,
        16,
        15,
        3,
        2,
        1,
        6,
        7,
        15,
        6,
        8,
        19,
        4
      ],
      "2023-02": [
        87,
        1,
        9,
        19,
        12,
        4,
        2,
        4,
        3,
        12,
        8,
        6,
        5,
        14,
        7
      ],
      "2023-03": [
        114,
        4,
        16,
        21,
        10,
        1,
        3,
        4,
        2,
        5,
        5,
        9,
        14,
        19,
        4
      ],
      "2023-04": [
        87,
        1,
        10,
        23,
        6,
        2,
        1,
        3,
        3,
        6,
        12,
        8,
        4,
        19,
        8
      ],
      "2023-05": [
        91,
        1,
        14,
        22,
        10,
        1,
        5,
        5,
        5,
        10,
        17,
        14,
        7,
        25,
        8
      ],
      "2023-06": [
        97,
        1,
        21,
        16,
        13,
        1,
        5,
        4,
        2,
        17,
        8,
        12,
        9,
        22,
        1
      ],
      "2023-07": [
        90,
        1,
        10,
        22,
        10,
        5,
        1,
        6,
        6,
        2,
        16,
        9,
        7,
        18,
        6
      ],
      "2023-08": [
        105,
        1,
        10,
        16,
        6,
        5,
        5,
        7,
        4,
        5,
        10,
        4,
        9,
        16,
        5
      ],
      "2023-09": [
        113,
        2,
        7,
        16,
        10,
        2,
        7,
        6,
        4,
        5,
        9,
        10,
        10,
        26,
        10
      ],
      "2023-10": [
        113,
        3,
        3,
        17,
        9,
        5,
        3,
        6,
        2,
        6,
        10,
        7,
        6,
        33,
        7
      ],
      "2023-11": [
        110,
        6,
        18,
        24,
        8,
        2,
        5,
        7,
        4,
        4,
        11,
        11,
        8,
        19,
        5
      ],
      "2023-12": [
        102,
        2,
        11,
        20,
        10,
        2,
        1,
        8,
        3,
        3,
        7,
        12,
        12,
        22,
        8
      ],
      "2024-01": [
        126,
        2,
        16,
        11,
        12,
        3,
        4,
        5,
        6,
        3,
        14,
        8,
        13,
        31,
        4
      ],
      "2024-02": [
        124,
        3,
        19,
        23,
        15,
        2,
        5,
        1,
        3,
        15,
        8,
        14,
        12,
        21,
        1
      ],
      "2024-03": [
        106,
        0,
        14,
        30,
        11,
        3,
        6,
        9,
        4,
        7,
        10,
        5,
        12,
        19,
        7
      ],
      "2024-04": [
        99,
        1,
        8,
        21,
        20,
        0,
        2,
        2,
        4,
        6,
        11,
        6,
        13,
        20,
        5
      ],
      "2024-05": [
        78,
        6,
        10,
        18,
        7,
        2,
        3,
        5,
        5,
        9,
        7,
        13,
        10,
        19,
        6
      ],
      "2024-06": [
        102,
        1,
        16,
        11,
        13,
        6,
        1,
        4,
        5,
        3,
        11,
        7,
        4,
        32,
        6
      ],
      "2024-07": [
        105,
        3,
        12,
        20,
        11,
        1,
        2,
        5,
        7,
        3,
        9,
        11,
        7,
        21,
        10
      ],
      "2024-08": [
        101,
        3,
        15,
        20,
        7,
        4,
        0,
        3,
        5,
        3,
        15,
        11,
        9,
        28,
        5
      ],
      "2024-09": [
        128,
        2,
        21,
        19,
        12,
        1,
        1,
        3,
        8,
        6,
        18,
        11,
        12,
        22,
        4
      ],
      "2024-10": [
        129,
        0,
        10,
        28,
        9,
        2,
        9,
        9,
        4,
        5,
        8,
        12,
        6,
        27,
        7
      ],
      "2024-11": [
        96,
        3,
        15,
        21,
        14,
        1,
        3,
        5,
        3,
        2,
        13,
        12,
        7,
        28,
        8
      ],
      "2024-12": [
        100,
        1,
        17,
        21,
        10,
        3,
        1,
        7,
        5,
        6,
        15,
        6,
        10,
        26,
        6
      ],
      "2025-01": [
        93,
        1,
        12,
        25,
        7,
        4,
        2,
        7,
        3,
        7,
        20,
        7,
        22,
        31,
        6
      ],
      "2025-02": [
        107,
        5,
        8,
        24,
        9,
        0,
        1,
        1,
        3,
        3,
        8,
        9,
        14,
        23,
        2
      ],
      "2025-03": [
        105,
        3,
        16,
        24,
        8,
        2,
        4,
        6,
        6,
        6,
        8,
        9,
        6,
        33,
        10
      ],
      "2025-04": [
        80,
        0,
        9,
        20,
        7,
        5,
        1,
        9,
        4,
        3,
        12,
        8,
        4,
        23,
        8
      ],
      "2025-05": [
        112,
        1,
        12,
        18,
        4,
        2,
        2,
        5,
        5,
        2,
        10,
        9,
        8,
        30,
        9
      ],
      "2025-06": [
        129,
        7,
        13,
        12,
        9,
        0,
        0,
        5,
        3,
        7,
        9,
        13,
        13,
        37,
        12
      ],
      "2025-07": [
        102,
        3,
        8,
        20,
        11,
        2,
        1,
        6,
        1,
        5,
        9,
        8,
        9,
        38,
        2
      ],
      "2025-08": [
        103,
        0,
        8,
        18,
        5,
        2,
        2,
        3,
        3,
        9,
        9,
        9,
        4,
        37,
        6
      ],
      "2025-09": [
        48,
        0,
        4,
        8,
        2,
        1,
        0,
        4,
        2,
        3,
        7,
        7,
        4,
        7,
        1
      ]
    },
    "papers": {
      "0": [
        {
          "title": "Localising elastic edge waves via the topological rainbow effect",
          "year": "2020-03",
          "abstract": "We combine two different fields, topological physics and graded metamaterials\nto design a topological metasurface to control and redirect elastic waves. We\nstrategically design a two-dimensional crystalline perforated elastic plate,\nusing a square lattice, %consisting of bore holes, that hosts symmetry-induced\ntopological edge states. By concurrently allowing the elastic substrate to\nspatially vary in depth, we are able to convert the incident slow wave into a\nseries of robust modes, with differing envelope modulations. This adiabatic\ntransition localises the incoming energy into a concentrated region where it\ncan then be damped or extracted. For larger transitions, different behaviour is\nobserved; the incoming energy propagates along the interface before being\npartitioned into two disparate chiral beams. This \"topological rainbow\" effect\nleverages two main concepts, namely the quantum valley-Hall effect and the\nrainbow effect usually associated with electromagnetic metamaterials. The\ntopological rainbow effect transcends specific physical systems, hence, the\nphenomena we describe can be transposed to other wave physics. Due to the\ndirectional tunability of the elastic energy by geometry our results have\nfar-reaching implications for applications such as switches, filters and\nenergy-harvesters.",
          "arxiv_id": "2003.13885v3"
        },
        {
          "title": "A multiple scattering formulation for elastic wave propagation in space-time modulated metamaterials",
          "year": "2023-01",
          "abstract": "Space-time modulation of material parameters offers new possibilities for\nmanipulating elastic wave propagation by exploiting time-reversal symmetry\nbreaking. Here we propose and validate a general framework based on the\nmultiple scattering theory to model space-time modulated elastic metamaterials,\nnamely elastic waveguides equipped with modulated resonators. The formulation\nallows to consider an arbitrary distribution of resonators with a generic\nspace-time modulation profile and compute the wavefield within and outside the\nresonators' region. Additionally, under appropriate assumptions, the same\nframework can be exploited to predict the waveguide dispersion relation. We\ndemonstrate the capabilities of our formulation by revisiting the dynamics of\ntwo representative space-time modulated systems, e.g. the non-reciprocal\npropagation of (i) flexural waves along a metabeam and (ii) surface acoustic\nwaves along a metasurface. Given its flexibility, the proposed method can pave\nthe way towards the design of novel devices able to realize unidirectional\ntransport of elastic energy for vibration isolation, signal processing and\nenergy harvesting purposes.",
          "arxiv_id": "2301.00874v1"
        },
        {
          "title": "Elastic fractal higher-order topological states",
          "year": "2023-09",
          "abstract": "Fractal is an intriguing geometry with self-similarity and non-integer\ndimensions, the elastic-wave topological phase based on fractal structures has\nnot been revealed up to now. In this work, elastic-wave higher-order\ntopological states in fractal structures are investigated. Elastic real-space\nquantized quadrupole moment is calculated and used to characterize the topology\nof elastic fractal metamaterials, and formation conditions of topological phase\ntransitions in elastic fractal systems are revealed. The topological edge and\ncorner states of elastic waves in fractal structures are realized theoretically\nand experimentally. It is found that different from the acoustic fractal\nsystem, the topological outer and inner edge states can emerge separately in\nelastic fractal systems, which is important for the integrated sensing and\nparticle manipulation in microfluidics. Besides, the results show that the\nrobustness of the topological corner states in rhombus fractal structures is\nobviously stronger than that in Sierpinski fractal structures, and the physical\nmechanism is clarified. Compared with traditional elastic-wave topological\ninsulators based on periodic structures, the richness of topological states in\nelastic fractal structures is much higher (for the Sierpinski fractal\nstructure, the number of topological states is 156, much greater than that of\nthe periodic structure (only 28)), which is vital in integrated sensing and\nenergy-location applications. The topological phenomena of elastic fractal\nsystems revealed in this work, provides an unprecedented way of controlling\nelastic waves, enriches the topological physics of elastic systems and breaks\nthe limitation of that relying on periodic elastic structures. The results have\ngreat application prospects in high-Q resonators, high-resolution elastic-wave\nenergy locations, energy harvester, and high-sensitivity sensors.",
          "arxiv_id": "2309.15000v4"
        }
      ],
      "1": [
        {
          "title": "LPCVD Grown Si-Doped $β$-Ga$_2$O$_3$ Films with Promising Electron Mobilities",
          "year": "2024-11",
