{
  "topics": {
    "data": {
      "0": {
        "name": "0_imaging_resolution_image_phase",
        "keywords": [
          [
            "imaging",
            0.03157342032184105
          ],
          [
            "resolution",
            0.017439921023518427
          ],
          [
            "image",
            0.013572178188594379
          ],
          [
            "phase",
            0.01302718404991181
          ],
          [
            "microscopy",
            0.012989901596703225
          ],
          [
            "method",
            0.01159434487482196
          ],
          [
            "images",
            0.011508528473972462
          ],
          [
            "reconstruction",
            0.010710143542844894
          ],
          [
            "high",
            0.009924389055933994
          ],
          [
            "scattering",
            0.009898035243932908
          ]
        ],
        "count": 2283
      },
      "1": {
        "name": "1_topological_Hermitian_non_states",
        "keywords": [
          [
            "topological",
            0.04316911602027974
          ],
          [
            "Hermitian",
            0.028941156102499872
          ],
          [
            "non",
            0.026431941847560033
          ],
          [
            "states",
            0.01912570551560822
          ],
          [
            "photonic",
            0.018683947647718798
          ],
          [
            "edge",
            0.017997021639920178
          ],
          [
            "systems",
            0.016817742191336006
          ],
          [
            "symmetry",
            0.012189439113869622
          ],
          [
            "lattice",
            0.012093858995523581
          ],
          [
            "points",
            0.011879051749648721
          ]
        ],
        "count": 1626
      },
      "2": {
        "name": "2_frequency_comb_laser_soliton",
        "keywords": [
          [
            "frequency",
            0.028553637122101034
          ],
          [
            "comb",
            0.02244877241476058
          ],
          [
            "laser",
            0.01972724174635659
          ],
          [
            "soliton",
            0.01830282989737471
          ],
          [
            "solitons",
            0.01678696266790105
          ],
          [
            "optical",
            0.013319547654327758
          ],
          [
            "noise",
            0.012998878071160106
          ],
          [
            "combs",
            0.012241936507512817
          ],
          [
            "cavity",
            0.01142342293703186
          ],
          [
            "lasers",
            0.010365155888588367
          ]
        ],
        "count": 1600
      },
      "3": {
        "name": "3_lithium_niobate_lithium niobate_silicon",
        "keywords": [
          [
            "lithium",
            0.01669154735307699
          ],
          [
            "niobate",
            0.016616563947906546
          ],
          [
            "lithium niobate",
            0.015794953715389474
          ],
          [
            "silicon",
            0.015231845744390494
          ],
          [
            "optical",
            0.014906471494431316
          ],
          [
            "photonic",
            0.014642556384608233
          ],
          [
            "high",
            0.01401727379296301
          ],
          [
            "chip",
            0.013739697047237973
          ],
          [
            "dB",
            0.013137693428721054
          ],
          [
            "low",
            0.012859744010476874
          ]
        ],
        "count": 1007
      },
      "4": {
        "name": "4_quantum_photon_states_entanglement",
        "keywords": [
          [
            "quantum",
            0.053220419685177676
          ],
          [
            "photon",
            0.021396018738380818
          ],
          [
            "states",
            0.018475155017851467
          ],
          [
            "entanglement",
            0.017053010575788185
          ],
          [
            "state",
            0.015740151359264324
          ],
          [
            "Quantum",
            0.01291758002810022
          ],
          [
            "information",
            0.012638264670349833
          ],
          [
            "entangled",
            0.011787949640765717
          ],
          [
            "photons",
            0.011690504360142418
          ],
          [
            "classical",
            0.0116664806327812
          ]
        ],
        "count": 960
      },
      "5": {
        "name": "5_laser_pulse_pulses_harmonic",
        "keywords": [
          [
            "laser",
            0.029112987073867766
          ],
          [
            "pulse",
            0.02632262670303674
          ],
          [
            "pulses",
            0.022649134685167046
          ],
          [
            "harmonic",
            0.020344906610795896
          ],
          [
            "plasma",
            0.018584800931224863
          ],
          [
            "high",
            0.017550323941061638
          ],
          [
            "electron",
            0.01638775546659522
          ],
          [
            "generation",
            0.016248818190948373
          ],
          [
            "HHG",
            0.013188512071794053
          ],
          [
            "attosecond",
            0.01269139641807236
          ]
        ],
        "count": 868
      },
      "6": {
        "name": "6_plasmonic_plasmon_surface_field",
        "keywords": [
          [
            "plasmonic",
            0.02241336756720687
          ],
          [
            "plasmon",
            0.016345031656953085
          ],
          [
            "surface",
            0.013259581653323957
          ],
          [
            "field",
            0.012058781405030677
          ],
          [
            "enhancement",
            0.011484417923764631
          ],
          [
            "metal",
            0.010939538726707073
          ],
          [
            "dielectric",
            0.010876428593201726
          ],
          [
            "optical",
            0.010443084356462271
          ],
          [
            "resonances",
            0.009929573436575552
          ],
          [
            "modes",
            0.009778463935407855
          ]
        ],
        "count": 825
      },
      "7": {
        "name": "7_beams_vortex_OAM_momentum",
        "keywords": [
          [
            "beams",
            0.036242400803677736
          ],
          [
            "vortex",
            0.024731080542516094
          ],
          [
            "OAM",
            0.022102698596106814
          ],
          [
            "momentum",
            0.020588767073321256
          ],
          [
            "beam",
            0.020068394060858762
          ],
          [
            "angular",
            0.018975741913078704
          ],
          [
            "angular momentum",
            0.017103862358592813
          ],
          [
            "optical",
            0.016929425591888786
          ],
          [
            "light",
            0.016546677020984352
          ],
          [
            "orbital",
            0.014633354607334222
          ]
        ],
        "count": 664
      },
      "8": {
        "name": "8_exciton_excitons_quantum_emission",
        "keywords": [
          [
            "exciton",
            0.022299444144265722
          ],
          [
            "excitons",
            0.016379695675802112
          ],
          [
            "quantum",
            0.015675247745519174
          ],
          [
            "emission",
            0.014228063714841773
          ],
          [
            "2D",
            0.012814721710429433
          ],
          [
            "optical",
            0.011902864556544194
          ],
          [
            "materials",
            0.011788303405141674
          ],
          [
            "monolayer",
            0.011740228526394229
          ],
          [
            "emitters",
            0.011289130898906612
          ],
          [
            "excitonic",
            0.010585719254593413
          ]
        ],
        "count": 582
      },
      "9": {
        "name": "9_neural_computing_optical_photonic",
        "keywords": [
          [
            "neural",
            0.0327505910498499
          ],
          [
            "computing",
            0.029624778253929722
          ],
          [
            "optical",
            0.022444968409504183
          ],
          [
            "photonic",
            0.021993878359840673
          ],
          [
            "networks",
            0.021912016021891304
          ],
          [
            "neural networks",
            0.020958917375906463
          ],
          [
            "network",
            0.017442023720975957
          ],
          [
            "learning",
            0.015159038499912559
          ],
          [
            "processing",
            0.014266197308150076
          ],
          [
            "neural network",
            0.01401886591656012
          ]
        ],
        "count": 482
      },
      "10": {
        "name": "10_quantum_photon_cavity_coupling",
        "keywords": [
          [
            "quantum",
            0.025025632840658948
          ],
          [
            "photon",
            0.019702819909552114
          ],
          [
            "cavity",
            0.019105011766229966
          ],
          [
            "coupling",
            0.016835943724993682
          ],
          [
            "light",
            0.012368817178675159
          ],
          [
            "states",
            0.012359640352175582
          ],
          [
            "dynamics",
            0.011858562822077584
          ],
          [
            "state",
            0.011518741595390222
          ],
          [
            "systems",
            0.011372994360603756
          ],
          [
            "matter",
            0.011164705134083604
          ]
        ],
        "count": 479
      },
      "11": {
        "name": "11_optical_trapping_levitated_tweezers",
        "keywords": [
          [
            "optical",
            0.026877329028344714
          ],
          [
            "trapping",
            0.02460018131507376
          ],
          [
            "levitated",
            0.02230618548065626
          ],
          [
            "tweezers",
            0.021446600749851847
          ],
          [
            "particles",
            0.02044953122535487
          ],
          [
            "particle",
            0.01817538663127031
          ],
          [
            "trap",
            0.016663587116034686
          ],
          [
            "force",
            0.014806662778473785
          ],
          [
            "nanoparticles",
            0.014378896810052187
          ],
          [
            "optical tweezers",
            0.01422736630204307
          ]
        ],
        "count": 442
      },
      "12": {
        "name": "12_metasurfaces_metasurface_waves_wave",
        "keywords": [
          [
            "metasurfaces",
            0.022459773514678608
          ],
          [
            "metasurface",
            0.021362582943660897
          ],
          [
            "waves",
            0.017587286071458146
          ],
          [
            "wave",
            0.017569866723303053
          ],
          [
            "electromagnetic",
            0.016018717628951656
          ],
          [
            "design",
            0.01532801764275541
          ],
          [
            "surface",
            0.013650302782806338
          ],
          [
            "scattering",
            0.012441659073211856
          ],
          [
            "reflection",
            0.00991333138177136
          ],
          [
            "dielectric",
            0.009611730971143661
          ]
        ],
        "count": 330
      },
      "13": {
        "name": "13_diamond_quantum_NV_centers",
        "keywords": [
          [
            "diamond",
            0.04334362294655432
          ],
          [
            "quantum",
            0.031423774878730076
          ],
          [
            "NV",
            0.030559932581991155
          ],
          [
            "centers",
            0.025550232776899603
          ],
          [
            "vacancy",
            0.018532378436222182
          ],
          [
            "single",
            0.018151044380839563
          ],
          [
            "photon",
            0.01603641285555246
          ],
          [
            "spin",
            0.01578689067523397
          ],
          [
            "nitrogen",
            0.015208470320374857
          ],
          [
            "emission",
            0.013983324251510009
          ]
        ],
        "count": 323
      },
      "14": {
        "name": "14_chiral_chirality_dichroism_circular",
        "keywords": [
          [
            "chiral",
            0.07714358511755434
          ],
          [
            "chirality",
            0.03737346212210207
          ],
          [
            "dichroism",
            0.022710434480594545
          ],
          [
            "circular",
            0.02145632220876441
          ],
          [
            "light",
            0.019270979114877823
          ],
          [
            "optical",
            0.01859269045168987
          ],
          [
            "circular dichroism",
            0.018080784619064382
          ],
          [
            "Chiral",
            0.013404734527581012
          ],
          [
            "molecules",
            0.01311711277101904
          ],
          [
            "plasmonic",
            0.013024170670569057
          ]
        ],
        "count": 277
      },
      "15": {
        "name": "15_design_inverse_inverse design_learning",
        "keywords": [
          [
            "design",
            0.049504509466120276
          ],
          [
            "inverse",
            0.02882811615188164
          ],
          [
            "inverse design",
            0.028035505212126877
          ],
          [
            "learning",
            0.026333151307012023
          ],
          [
            "optimization",
            0.025952725336172305
          ],
          [
            "neural",
            0.015295967889499933
          ],
          [
            "photonic",
            0.01382356309522037
          ],
          [
            "structures",
            0.012383140273906764
          ],
          [
            "deep",
            0.012369671493738172
          ],
          [
            "network",
            0.011815153656345029
          ]
        ],
        "count": 261
      },
      "16": {
        "name": "16_magnetic_spin_magnetization_optical",
        "keywords": [
          [
            "magnetic",
            0.03359434505155595
          ],
          [
            "spin",
            0.031281289824737504
          ],
          [
            "magnetization",
            0.023827204143148043
          ],
          [
            "optical",
            0.015897740552481252
          ],
          [
            "ultrafast",
            0.015355170200562146
          ],
          [
            "light",
            0.012043996299991583
          ],
          [
            "field",
            0.012025589976216037
          ],
          [
            "magneto",
            0.011914458776574682
          ],
          [
            "materials",
            0.01189298879216581
          ],
          [
            "effect",
            0.011537143528449256
          ]
        ],
        "count": 238
      },
      "17": {
        "name": "17_time_temporal_wave_media",
        "keywords": [
          [
            "time",
            0.060024482991561226
          ],
          [
            "temporal",
            0.038082877885264425
          ],
          [
            "wave",
            0.022402362863907253
          ],
          [
            "media",
            0.017588248842139918
          ],
          [
            "modulation",
            0.016953297112480302
          ],
          [
            "crystals",
            0.016561065539937834
          ],
          [
            "waves",
            0.0160851231664275
          ],
          [
            "Time",
            0.015303671993979025
          ],
          [
            "time crystals",
            0.014712679930073191
          ],
          [
            "photonic time",
            0.013796315067619937
          ]
        ],
        "count": 227
      },
      "18": {
        "name": "18_thermal_heat_radiative_near field",
        "keywords": [
          [
            "thermal",
            0.0556643936849557
          ],
          [
            "heat",
            0.03384701599851349
          ],
          [
            "radiative",
            0.03368509384264239
          ],
          [
            "near field",
            0.020279661783034187
          ],
          [
            "near",
            0.01973144158759292
          ],
          [
            "cooling",
            0.019382302945861116
          ],
          [
            "field",
            0.018573953630249745
          ],
          [
            "emission",
            0.018183286093090594
          ],
          [
            "heat transfer",
            0.017983587099058177
          ],
          [
            "thermal emission",
            0.01758755933049677
          ]
        ],
        "count": 202
      },
      "19": {
        "name": "19_metasurface_metasurfaces_metalens_optical",
        "keywords": [
          [
            "metasurface",
            0.021817714706655764
          ],
          [
            "metasurfaces",
            0.020999543966302114
          ],
          [
            "metalens",
            0.020755315826045215
          ],
          [
            "optical",
            0.015804687392247524
          ],
          [
            "design",
            0.014922762534780261
          ],
          [
            "polarization",
            0.013967477917379753
          ],
          [
            "metalenses",
            0.013854923031708554
          ],
          [
            "light",
            0.01293400468945026
          ],
          [
            "meta",
            0.012828522654923052
          ],
          [
            "phase",
            0.01278931249060276
          ]
        ],
        "count": 183
      }
    },
    "correlations": [
      [
        1.0,
        -0.7561319137972733,
        -0.7520530555084717,
        -0.7542447844112421,
        -0.741834472403134,
        -0.7397604554613428,
        -0.7518622328852782,
        -0.7458244482512157,
        -0.7537303926793562,
        -0.7164223079674236,
        -0.7346159504520938,
        -0.739296508773298,
        -0.7477311793156337,
        -0.7542843769877124,
        -0.7610076989469737,
        -0.7106877410464555,
        -0.7557228611573521,
        -0.7110293936720682,
        -0.7416251246588548,
        -0.7432104280915054
      ],
      [
        -0.7561319137972733,
        1.0,
        -0.7393452450800088,
        -0.7516888072782499,
        -0.6691709031322517,
        -0.7445755345753219,
        -0.753839116773671,
        -0.7200837972299623,
        -0.7432292702281125,
        -0.7274009526222032,
        -0.699253683071295,
        -0.7483486985246925,
        -0.7341300399038128,
        -0.7476318678275433,
        -0.6812164604422175,
        -0.7308964872190189,
        -0.7276603388107783,
        -0.7202593132999728,
        -0.7427170181071838,
        -0.7560181943432736
      ],
      [
        -0.7520530555084717,
        -0.7393452450800088,
        1.0,
        -0.7072529198439912,
        -0.7261373453755064,
        -0.6352459538040207,
        -0.7536994565316724,
        -0.7478414625363987,
        -0.757850229247788,
        -0.7405906456185475,
        -0.7074121415269331,
        -0.7377510425478935,
        -0.7402878758211067,
        -0.7570120001199578,
        -0.7579563166889812,
        -0.7371808289888525,
        -0.7432878202254721,
        -0.6987425146815813,
        -0.7364198065728151,
        -0.7628124467305933
      ],
      [
        -0.7542447844112421,
        -0.7516888072782499,
        -0.7072529198439912,
        1.0,
        -0.7029214487448459,
        -0.726253621823814,
        -0.7600737915385065,
        -0.7563048843502542,
        -0.7480702848588083,
        -0.7242006797947672,
        -0.7343119902614369,
        -0.7505474792790634,
        -0.7468542849766433,
        -0.7415973047913866,
        -0.7592965395599358,
        -0.7224452888974127,
        -0.7561043900911375,
        -0.7307575456566501,
        -0.7422623895744968,
        -0.7545133868459329
      ],
      [
        -0.741834472403134,
        -0.6691709031322517,
        -0.7261373453755064,
        -0.7029214487448459,
        1.0,
        -0.7165694179128407,
        -0.7486568103029054,
        -0.7131890673549005,
        -0.6576351408308906,
        -0.727267032784634,
        -0.5717792822037968,
        -0.7262738114966698,
        -0.7443571741497259,
        -0.551043004232201,
        -0.7436208442301955,
        -0.7207786978464412,
        -0.7324771946015258,
        -0.6944225668084538,
        -0.7269974926646908,
        -0.7540085422644409
      ],
      [
        -0.7397604554613428,
        -0.7445755345753219,
        -0.6352459538040207,
        -0.726253621823814,
        -0.7165694179128407,
        1.0,
        -0.7452565124551926,
        -0.7182539049325789,
        -0.7342774278892952,
        -0.7421560564229576,
        -0.6977499409711605,
        -0.7356754652451745,
        -0.7416881774040551,
        -0.7472849936779773,
        -0.7449488746710936,
        -0.7309318004969739,
        -0.7303991243762049,
        -0.6802479308703292,
        -0.7374731264990239,
        -0.7537928445434905
      ],
      [
        -0.7518622328852782,
        -0.753839116773671,
        -0.7536994565316724,
        -0.7600737915385065,
        -0.7486568103029054,
        -0.7452565124551926,
        1.0,
        -0.7535805283711264,
        -0.7322566450453016,
        -0.7573256197528695,
        -0.7164686974240981,
        -0.7471170712980092,
        -0.7417824182235804,
        -0.7545663375106504,
        -0.74647164357283,
        -0.7418707040093848,
        -0.7419533116735558,
        -0.7467663793830086,
        -0.7308949297820442,
        -0.7564853251343455
      ],
      [
        -0.7458244482512157,
        -0.7200837972299623,
        -0.7478414625363987,
        -0.7563048843502542,
        -0.7131890673549005,
        -0.7182539049325789,
        -0.7535805283711264,
        1.0,
        -0.7557033349284499,
        -0.7438610798050653,
        -0.7136657553718911,
        -0.7047951766744558,
        -0.7376306835938773,
        -0.756189714583074,
        -0.7160549833621548,
        -0.7373406229607387,
        -0.7076043740146105,
        -0.7236652876351964,
        -0.7496670449593147,
        -0.7460283978712825
      ],
      [
        -0.7537303926793562,
        -0.7432292702281125,
        -0.757850229247788,
        -0.7480702848588083,
        -0.6576351408308906,
        -0.7342774278892952,
        -0.7322566450453016,
        -0.7557033349284499,
        1.0,
        -0.7551895179078876,
        -0.6680507848695736,
        -0.7467913290740467,
        -0.7477898328979415,
        -0.6324920165614574,
        -0.7476905765167756,
        -0.7458888231171303,
        -0.7365310036753965,
        -0.7456440681715946,
        -0.7283066526296502,
        -0.7586763230172501
      ],
      [
        -0.7164223079674236,
        -0.7274009526222032,
        -0.7405906456185475,
        -0.7242006797947672,
        -0.727267032784634,
        -0.7421560564229576,
        -0.7573256197528695,
        -0.7438610798050653,
        -0.7551895179078876,
        1.0,
        -0.7311535346441653,
        -0.5367136332419049,
        -0.7458676012188362,
        -0.7512653032521096,
        -0.7562605106829249,
        -0.6264220027022168,
        -0.7463667109953664,
        -0.7095293242208441,
        -0.7388049835265733,
        -0.7480319075336183
      ],
      [
        -0.7346159504520938,
        -0.699253683071295,
        -0.7074121415269331,
        -0.7343119902614369,
        -0.5717792822037968,
        -0.6977499409711605,
        -0.7164686974240981,
        -0.7136657553718911,
        -0.6680507848695736,
        -0.7311535346441653,
        1.0,
        -0.720008782180774,
        -0.7172416956102867,
        -0.6696120292810328,
        -0.7319935633160927,
        -0.7073196641698083,
        -0.7059598930478597,
        -0.6896621017290323,
        -0.705824053011318,
        -0.7429383808045518
      ],
      [
        -0.739296508773298,
        -0.7483486985246925,
        -0.7377510425478935,
        -0.7505474792790634,
        -0.7262738114966698,
        -0.7356754652451745,
        -0.7471170712980092,
        -0.7047951766744558,
        -0.7467913290740467,
        -0.5367136332419049,
        -0.720008782180774,
        1.0,
        -0.7398128144317844,
        -0.7489200298478425,
        -0.7425565453537839,
        -0.7269787564942749,
        -0.7263976192773747,
        -0.7231444379006831,
        -0.7269061450155363,
        -0.7507416189942919
      ],
      [
        -0.7477311793156337,
        -0.7341300399038128,
        -0.7402878758211067,
        -0.7468542849766433,
        -0.7443571741497259,
        -0.7416881774040551,
        -0.7417824182235804,
        -0.7376306835938773,
        -0.7477898328979415,
        -0.7458676012188362,
        -0.7172416956102867,
        -0.7398128144317844,
        1.0,
        -0.7588275831400612,
        -0.7342900560734696,
        -0.7031237186125285,
        -0.7239903325742036,
        -0.6833252267592551,
        -0.7383257585266827,
        -0.34047674600043387
      ],
      [
        -0.7542843769877124,
        -0.7476318678275433,
        -0.7570120001199578,
        -0.7415973047913866,
        -0.551043004232201,
        -0.7472849936779773,
        -0.7545663375106504,
        -0.756189714583074,
        -0.6324920165614574,
        -0.7512653032521096,
        -0.6696120292810328,
        -0.7489200298478425,
        -0.7588275831400612,
        1.0,
        -0.7549190088857692,
        -0.7412045086766375,
        -0.7254031373491947,
        -0.7346677425359953,
        -0.7380999782876687,
        -0.762261550647233
      ],
      [
        -0.7610076989469737,
        -0.6812164604422175,
        -0.7579563166889812,
        -0.7592965395599358,
        -0.7436208442301955,
        -0.7449488746710936,
        -0.74647164357283,
        -0.7160549833621548,
        -0.7476905765167756,
        -0.7562605106829249,
        -0.7319935633160927,
        -0.7425565453537839,
        -0.7342900560734696,
        -0.7549190088857692,
        1.0,
        -0.7464886234483368,
        -0.6986095341208887,
        -0.7441670344998692,
        -0.7487728038487769,
        -0.7399369704489627
      ],
      [
        -0.7106877410464555,
        -0.7308964872190189,
        -0.7371808289888525,
        -0.7224452888974127,
        -0.7207786978464412,
        -0.7309318004969739,
        -0.7418707040093848,
        -0.7373406229607387,
        -0.7458888231171303,
        -0.6264220027022168,
        -0.7073196641698083,
        -0.7269787564942749,
        -0.7031237186125285,
        -0.7412045086766375,
        -0.7464886234483368,
        1.0,
        -0.7439231166217811,
        -0.7146899456286744,
        -0.7304338643624116,
        -0.6968201784976906
      ],
      [
        -0.7557228611573521,
        -0.7276603388107783,
        -0.7432878202254721,
        -0.7561043900911375,
        -0.7324771946015258,
        -0.7303991243762049,
        -0.7419533116735558,
        -0.7076043740146105,
        -0.7365310036753965,
        -0.7463667109953664,
        -0.7059598930478597,
        -0.7263976192773747,
        -0.7239903325742036,
        -0.7254031373491947,
        -0.6986095341208887,
        -0.7439231166217811,
        1.0,
        -0.7271388793526377,
        -0.73509390739809,
        -0.7524043969058873
      ],
      [
        -0.7110293936720682,
        -0.7202593132999728,
        -0.6987425146815813,
        -0.7307575456566501,
        -0.6944225668084538,
        -0.6802479308703292,
        -0.7467663793830086,
        -0.7236652876351964,
        -0.7456440681715946,
        -0.7095293242208441,
        -0.6896621017290323,
        -0.7231444379006831,
        -0.6833252267592551,
        -0.7346677425359953,
        -0.7441670344998692,
        -0.7146899456286744,
        -0.7271388793526377,
        1.0,
        -0.7272161466551397,
        -0.7489495513896791
      ],
      [
        -0.7416251246588548,
        -0.7427170181071838,
        -0.7364198065728151,
        -0.7422623895744968,
        -0.7269974926646908,
        -0.7374731264990239,
        -0.7308949297820442,
        -0.7496670449593147,
        -0.7283066526296502,
        -0.7388049835265733,
        -0.705824053011318,
        -0.7269061450155363,
        -0.7383257585266827,
        -0.7380999782876687,
        -0.7487728038487769,
        -0.7304338643624116,
        -0.73509390739809,
        -0.7272161466551397,
        1.0,
        -0.7481664016375819
      ],
      [
        -0.7432104280915054,
        -0.7560181943432736,
        -0.7628124467305933,
        -0.7545133868459329,
        -0.7540085422644409,
        -0.7537928445434905,
        -0.7564853251343455,
        -0.7460283978712825,
        -0.7586763230172501,
        -0.7480319075336183,
        -0.7429383808045518,
        -0.7507416189942919,
        -0.34047674600043387,
        -0.762261550647233,
        -0.7399369704489627,
        -0.6968201784976906,
        -0.7524043969058873,
        -0.7489495513896791,
        -0.7481664016375819,
        1.0
      ]
    ],
    "series": {
      "2020-01": [
        84,
        15,
        14,
        6,
        20,
        22,
        7,
        12,
        3,
        2,
        20,
        9,
        1,
        4,
        5,
        21,
        8,
        30,
        9,
        1
      ],
      "2020-02": [
        68,
        14,
        11,
        9,
        23,
        18,
        7,
        16,
        3,
        7,
        20,
        15,
        7,
        4,
        8,
        16,
        4,
        17,
        12,
        1
      ],
      "2020-03": [
        78,
        27,
        24,
        8,
        29,
        28,
        5,
        13,
        7,
        5,
        12,
        8,
        8,
        11,
        6,
        21,
        9,
        25,
        12,
        0
      ],
      "2020-04": [
        68,
        25,
        28,
        3,
        26,
        35,
        5,
        19,
        5,
        9,
        17,
        13,
        8,
        9,
        9,
        11,
        4,
        28,
        16,
        0
      ],
      "2020-05": [
        81,
        22,
        15,
        11,
        27,
        31,
        6,
        30,
        5,
        6,
        16,
        7,
        4,
        8,
        8,
        21,
        13,
        22,
        13,
        1
      ],
      "2020-06": [
        92,
        9,
        14,
        3,
        30,
        18,
        7,
        16,
        8,
        11,
        23,
        11,
        10,
        7,
        11,
        18,
        11,
        21,
        12,
        1
      ],
      "2020-07": [
        72,
        18,
        15,
        10,
        34,
        22,
        4,
        13,
        4,
        6,
        24,
        18,
        6,
        6,
        9,
        20,
        10,
        28,
        20,
        1
      ],
      "2020-08": [
        71,
        15,
        11,
        3,
        20,
        28,
        3,
        17,
        3,
        6,
        19,
        14,
        6,
        3,
        16,
        15,
        12,
        21,
        17,
        1
      ],
      "2020-09": [
        67,
        20,
        18,
        11,
        22,
        21,
        2,
        15,
        4,
        6,
        19,
        10,
        6,
        4,
        5,
        18,
        12,
        21,
        10,
        0
      ],
      "2020-10": [
        89,
        15,
        14,
        8,
        26,
        33,
        3,
        14,
        7,
        7,
        22,
        9,
        6,
        4,
        7,
        19,
        6,
        23,
        12,
        0
      ],
      "2020-11": [
        81,
        16,
        13,
        5,
        15,
        21,
        2,
        15,
        4,
        9,
        14,
        12,
        7,
        3,
        11,
        24,
        9,
        23,
        14,
        1
      ],
      "2020-12": [
        78,
        22,
        13,
        11,
        27,
        25,
        1,
        13,
        1,
        17,
        26,
        13,
        12,
        6,
        13,
        22,
        7,
        30,
        22,
        2
      ],
      "2021-01": [
        69,
        15,
        13,
        8,
        16,
        28,
        5,
        21,
        8,
        8,
        12,
        6,
        7,
        10,
        14,
        21,
        4,
        28,
        11,
        1
      ],
      "2021-02": [
        66,
        21,
        12,
        7,
        28,
        20,
        3,
        17,
        3,
        12,
        15,
        12,
        5,
        10,
        7,
        17,
        7,
        30,
        15,
        1
      ],
      "2021-03": [
        82,
        18,
        12,
        13,
        31,
        31,
        5,
        24,
        13,
        7,
        23,
        10,
        6,
        7,
        10,
        24,
        18,
        22,
        12,
        1
      ],
      "2021-04": [
        86,
        19,
        22,
        15,
        24,
        21,
        8,
        14,
        3,
        12,
        26,
        13,
        9,
        6,
        11,
        15,
        14,
        33,
        10,
        0
      ],
      "2021-05": [
        87,
        16,
        12,
        6,
        24,
        27,
        9,
        18,
        7,
        9,
        26,
        12,
        8,
        13,
        8,
        15,
        8,
        31,
        22,
        1
      ],
      "2021-06": [
        85,
        24,
        16,
        9,
        34,
        17,
        6,
        19,
        2,
        10,
        24,
        8,
        5,
        9,
        10,
        18,
        9,
        23,
        16,
        0
      ],
      "2021-07": [
        90,
        24,
        10,
        8,
        22,
        20,
        5,
        10,
        7,
        10,
        29,
        10,
        4,
        7,
        9,
        21,
        16,
        22,
        12,
        0
      ],
      "2021-08": [
        66,
        20,
        17,
        9,
        24,
        27,
        6,
        15,
        9,
        10,
        17,
        10,
        7,
        9,
        8,
        17,
        9,
        25,
        18,
        0
      ],
      "2021-09": [
        75,
        17,
        16,
        9,
        31,
        26,
        3,
        16,
        2,
        19,
        15,
        22,
        6,
        4,
        10,
        22,
        2,
        29,
        9,
        0
      ],
      "2021-10": [
        75,
        13,
        15,
        5,
        25,
        13,
        3,
        14,
        9,
        10,
        18,
        9,
        6,
        12,
        13,
        21,
        7,
        23,
        14,
        1
      ],
      "2021-11": [
        67,
        25,
        14,
        8,
        30,
        18,
        6,
        16,
        10,
        12,
        20,
        14,
        7,
        7,
        14,
        6,
        9,
        22,
        15,
        0
      ],
      "2021-12": [
        66,
        25,
        17,
        18,
        41,
        29,
        3,
        18,
        3,
        18,
        19,
        7,
        4,
        9,
        9,
        19,
        6,
        28,
        12,
        0
      ],
      "2022-01": [
        62,
        21,
        16,
        8,
        24,
        27,
        10,
        23,
        6,
        9,
        20,
        8,
        10,
        3,
        6,
        13,
        4,
        27,
        16,
        2
      ],
      "2022-02": [
        63,
        23,
        17,
        8,
        34,
        15,
        3,
        18,
        2,
        7,
        13,
        8,
        4,
        9,
        8,
        24,
        8,
        23,
        9,
        1
      ],
      "2022-03": [
        82,
        29,
        18,
        10,
        24,
        34,
        4,
        17,
        9,
        14,
        23,
        16,
        6,
        8,
        15,
        30,
        7,
        29,
        20,
        0
      ],
      "2022-04": [
        68,
        10,
        7,
        9,
        27,
        18,
        4,
        16,
        8,
        7,
        15,
        15,
        6,
        7,
        7,
        25,
        6,
        26,
        9,
        0
      ],
      "2022-05": [
        72,
        21,
        16,
        9,
        27,
        28,
        7,
        12,
        2,
        8,
        16,
        12,
        9,
        9,
        7,
        24,
        11,
        27,
        18,
        2
      ],
      "2022-06": [
        78,
        22,
        13,
        11,
        28,
        26,
        3,
        26,
        8,
        6,
        9,
        11,
        3,
        4,
        9,
        22,
        5,
        29,
        13,
        3
      ],
      "2022-07": [
        71,
        18,
        11,
        11,
        25,
        22,
        4,
        19,
        6,
        12,
        19,
        6,
        6,
        16,
        6,
        18,
        5,
        16,
        14,
        0
      ],
      "2022-08": [
        92,
        27,
        12,
        10,
        29,
        18,
        2,
        24,
        5,
        14,
        22,
        14,
        4,
        6,
        20,
        31,
        7,
        32,
        10,
        1
      ],
      "2022-09": [
        82,
        15,
        11,
        12,
        18,
        16,
        2,
        18,
        2,
        11,
        19,
        13,
        4,
        7,
        11,
        24,
        17,
        28,
        14,
        1
      ],
      "2022-10": [
        75,
        22,
        22,
        9,
        23,
        24,
        7,
        15,
        4,
        14,
        17,
        11,
        3,
        9,
        5,
        22,
        7,
        21,
        21,
        3
      ],
      "2022-11": [
        78,
        18,
        17,
        10,
        26,
        22,
        2,
        18,
        4,
        10,
        20,
        15,
        8,
        5,
        12,
        25,
        5,
        29,
        17,
        0
      ],
      "2022-12": [
        75,
        24,
        16,
        10,
        37,
        21,
        10,
        13,
        6,
        12,
        21,
        12,
        4,
        6,
        11,
        12,
        10,
        19,
        8,
        1
      ],
      "2023-01": [
        81,
        24,
        16,
        11,
        33,
        16,
        7,
        16,
        11,
        12,
