{
  "topics": {
    "data": {
      "0": {
        "name": "0_quantum_phase_dynamics_systems",
        "keywords": [
          [
            "quantum",
            0.026107977047401674
          ],
          [
            "phase",
            0.01565229885441242
          ],
          [
            "dynamics",
            0.015315284945369316
          ],
          [
            "systems",
            0.015129343564221012
          ],
          [
            "spin",
            0.01449705849116045
          ],
          [
            "Bose",
            0.013757676779282734
          ],
          [
            "interactions",
            0.013410981881430641
          ],
          [
            "body",
            0.013012652519857807
          ],
          [
            "states",
            0.012637924440823465
          ],
          [
            "non",
            0.01139669625272529
          ]
        ],
        "count": 795
      },
      "1": {
        "name": "1_ionization_electron_laser_time",
        "keywords": [
          [
            "ionization",
            0.032363252388644764
          ],
          [
            "electron",
            0.029387371502286905
          ],
          [
            "laser",
            0.02383910416187279
          ],
          [
            "time",
            0.020594603636683344
          ],
          [
            "field",
            0.0203475653145374
          ],
          [
            "attosecond",
            0.01920126652488484
          ],
          [
            "pulse",
            0.018102172962542257
          ],
          [
            "pulses",
            0.01771013326097469
          ],
          [
            "harmonic",
            0.0169824925273184
          ],
          [
            "photoelectron",
            0.015468372672566118
          ]
        ],
        "count": 695
      },
      "2": {
        "name": "2_nuclear_corrections_hydrogen_QED",
        "keywords": [
          [
            "nuclear",
            0.025802409014119246
          ],
          [
            "corrections",
            0.025303816918353674
          ],
          [
            "hydrogen",
            0.024877583736954742
          ],
          [
            "QED",
            0.02152477026485528
          ],
          [
            "muonic",
            0.02037054610553306
          ],
          [
            "electron",
            0.01951570909631976
          ],
          [
            "energy",
            0.018747399769485706
          ],
          [
            "order",
            0.018054672437906438
          ],
          [
            "like",
            0.017488129823481576
          ],
          [
            "calculations",
            0.016215046058539715
          ]
        ],
        "count": 321
      },
      "3": {
        "name": "3_quantum_atom_interferometer_interferometry",
        "keywords": [
          [
            "quantum",
            0.027439831112186324
          ],
          [
            "atom",
            0.025711467923146217
          ],
          [
            "interferometer",
            0.024526172462471713
          ],
          [
            "interferometry",
            0.017260442041176167
          ],
          [
            "gravity",
            0.015924539814464865
          ],
          [
            "measurement",
            0.015535412205123379
          ],
          [
            "noise",
            0.01487982571540767
          ],
          [
            "phase",
            0.014312420562703832
          ],
          [
            "sensitivity",
            0.014192687456134013
          ],
          [
            "interferometers",
            0.014075770225939036
          ]
        ],
        "count": 303
      },
      "4": {
        "name": "4_data_lines_energy_spectra",
        "keywords": [
          [
            "data",
            0.02058013147888432
          ],
          [
            "lines",
            0.018305440231192564
          ],
          [
            "energy",
            0.016653502747593994
          ],
          [
            "spectra",
            0.016222935357355223
          ],
          [
            "plasma",
            0.015749221381781496
          ],
          [
            "electron",
            0.015596186027363968
          ],
          [
            "cross",
            0.015506209330345666
          ],
          [
            "calculations",
            0.014578229400402324
          ],
          [
            "ions",
            0.014550599197834468
          ],
          [
            "atomic",
            0.013984037230050041
          ]
        ],
        "count": 289
      },
      "5": {
        "name": "5_field_Rydberg_frequency_sensitivity",
        "keywords": [
          [
            "field",
            0.0388631798012976
          ],
          [
            "Rydberg",
            0.03696354873442929
          ],
          [
            "frequency",
            0.02999758613418263
          ],
          [
            "sensitivity",
            0.026202961615596175
          ],
          [
            "magnetic",
            0.022601381326223885
          ],
          [
            "microwave",
            0.021671892872062826
          ],
          [
            "atomic",
            0.021201059324226883
          ],
          [
            "fields",
            0.020624995561181206
          ],
          [
            "electric",
            0.017870651179414318
          ],
          [
            "magnetic field",
            0.015860557750073122
          ]
        ],
        "count": 267
      },
      "6": {
        "name": "6_molecules_ultracold_collisions_state",
        "keywords": [
          [
            "molecules",
            0.03753639556531788
          ],
          [
            "ultracold",
            0.03397537022724803
          ],
          [
            "collisions",
            0.02180180700168034
          ],
          [
            "state",
            0.020026000412192272
          ],
          [
            "molecular",
            0.016945196865854693
          ],
          [
            "resonances",
            0.01679892146346279
          ],
          [
            "Rydberg",
            0.01644499333054491
          ],
          [
            "Feshbach",
            0.015650613493723525
          ],
          [
            "range",
            0.015546829659077159
          ],
          [
            "atom",
            0.015289643151275737
          ]
        ],
        "count": 261
      },
      "7": {
        "name": "7_nuclear_relativistic_calculations_cluster",
        "keywords": [
          [
            "nuclear",
            0.027829036434174646
          ],
          [
            "relativistic",
            0.021428569465559797
          ],
          [
            "calculations",
            0.017864594348354388
          ],
          [
            "cluster",
            0.017264099663770068
          ],
          [
            "dipole",
            0.016361291359742052
          ],
          [
            "electron",
            0.015237311913535959
          ],
          [
            "structure",
            0.014498978409490508
          ],
          [
            "electric",
            0.014496230510521086
          ],
          [
            "hyperfine",
            0.014441172531358348
          ],
          [
            "state",
            0.013488559175681297
          ]
        ],
        "count": 252
      },
      "8": {
        "name": "8_frequency_clock_laser_optical",
        "keywords": [
          [
            "frequency",
            0.044438290055553276
          ],
          [
            "clock",
            0.03191904871618657
          ],
          [
            "laser",
            0.03170278554274098
          ],
          [
            "optical",
            0.027168743226794374
          ],
          [
            "clocks",
            0.01955409876871969
          ],
          [
            "nm",
            0.0176514249854931
          ],
          [
            "atomic",
            0.017569256426466645
          ],
          [
            "noise",
            0.017313533376736894
          ],
          [
            "cavity",
            0.017041984092191285
          ],
          [
            "transition",
            0.01691191456435059
          ]
        ],
        "count": 234
      },
      "9": {
        "name": "9_quantum_qubit_gate_qubits",
        "keywords": [
          [
            "quantum",
            0.04221404320042404
          ],
          [
            "qubit",
            0.033202653477303404
          ],
          [
            "gate",
            0.030614388981731563
          ],
          [
            "qubits",
            0.027688261724374802
          ],
          [
            "fidelity",
            0.026927463137109867
          ],
          [
            "gates",
            0.02527155884793528
          ],
          [
            "atom",
            0.022585193968225788
          ],
          [
            "error",
            0.020522464229768757
          ],
          [
            "atoms",
            0.020446723696072432
          ],
          [
            "neutral",
            0.018008267819323652
          ]
        ],
        "count": 218
      },
      "10": {
        "name": "10_dark matter_dark_matter_axion",
        "keywords": [
          [
            "dark matter",
            0.057194291880217706
          ],
          [
            "dark",
            0.05687188891354113
          ],
          [
            "matter",
            0.05014815741510423
          ],
          [
            "axion",
            0.030769328961169403
          ],
          [
            "scalar",
            0.026264406593850133
          ],
          [
            "mass",
            0.019831568633811213
          ],
          [
            "search",
            0.019295552021100656
          ],
          [
            "ultralight",
            0.01894158086513622
          ],
          [
            "sensitivity",
            0.016596099770503022
          ],
          [
            "DM",
            0.01550439701976575
          ]
        ],
        "count": 128
      },
      "11": {
        "name": "11_cooling_ion_trap_trapped",
        "keywords": [
          [
            "cooling",
            0.05884931559139627
          ],
          [
            "ion",
            0.0321517445000144
          ],
          [
            "trap",
            0.022022575925098153
          ],
          [
            "trapped",
            0.021022733724793723
          ],
          [
            "laser",
            0.01996561450709622
          ],
          [
            "optical",
            0.019695939375361446
          ],
          [
            "atoms",
            0.01610906215674279
          ],
          [
            "laser cooling",
            0.015871427404720532
          ],
          [
            "atom",
            0.014995699623218657
          ],
          [
            "integrated",
            0.014425653100638907
          ]
        ],
        "count": 95
      },
      "12": {
        "name": "12_molecules_cooling_cycling_laser",
        "keywords": [
          [
            "molecules",
            0.05096505745963504
          ],
          [
            "cooling",
            0.04003536797597858
          ],
          [
            "cycling",
            0.03281497158846974
          ],
          [
            "laser",
            0.028796769149762508
          ],
          [
            "laser cooling",
            0.028726239783669488
          ],
          [
            "optical",
            0.02666978907366067
          ],
          [
            "optical cycling",
            0.021542172566624822
          ],
          [
            "molecular",
            0.020163897176601827
          ],
          [
            "polyatomic",
            0.019111030511267547
          ],
          [
            "state",
            0.019010463466190525
          ]
        ],
        "count": 88
      }
    },
    "correlations": [
      [
        1.0,
        -0.648657448867762,
        -0.7276232905146021,
        -0.5795450514589805,
        -0.7270314921809835,
        -0.6663469295707198,
        -0.6447739691645906,
        -0.7258038404314995,
        -0.6878222033028917,
        -0.6026135490936957,
        -0.7208741816215212,
        -0.7160221203725688,
        -0.7102451864207927
      ],
      [
        -0.648657448867762,
        1.0,
        -0.7038718984489193,
        -0.6942879332095757,
        -0.6844213107864465,
        -0.643567941450049,
        -0.6753435497151732,
        -0.7156974003622376,
        -0.6710758001828527,
        -0.7168188956792747,
        -0.7225035555990078,
        -0.7263920188851989,
        -0.6659792187226288
      ],
      [
        -0.7276232905146021,
        -0.7038718984489193,
        1.0,
        -0.7406214744253787,
        -0.5531679426167411,
        -0.7304441207704309,
        -0.7173011891707958,
        -0.6249285072291868,
        -0.7387929884089146,
        -0.7391832979106778,
        -0.7496097535509856,
        -0.7499166092017804,
        -0.7478122432980288
      ],
      [
        -0.5795450514589805,
        -0.6942879332095757,
        -0.7406214744253787,
        1.0,
        -0.7421840669172255,
        -0.7047161422186274,
        -0.6964186588165824,
        -0.750657297480273,
        -0.6798854768828236,
        -0.49815827104739874,
        -0.7074314759138889,
        -0.7130554721066089,
        -0.7274919521704515
      ],
      [
        -0.7270314921809835,
        -0.6844213107864465,
        -0.5531679426167411,
        -0.7421840669172255,
        1.0,
        -0.7336827118831902,
        -0.7110507631486513,
        -0.7277830221647221,
        -0.7472223848366744,
        -0.7394215196670094,
        -0.751282841118964,
        -0.7387496865252183,
        -0.7412166304565089
      ],
      [
        -0.6663469295707198,
        -0.643567941450049,
        -0.7304441207704309,
        -0.7047161422186274,
        -0.7336827118831902,
        1.0,
        -0.6599442620011056,
        -0.7128457934384846,
        -0.610008265891335,
        -0.6779156354955673,
        -0.7194711388233976,
        -0.6961340209793064,
        -0.6952375627215357
      ],
      [
        -0.6447739691645906,
        -0.6753435497151732,
        -0.7173011891707958,
        -0.6964186588165824,
        -0.7110507631486513,
        -0.6599442620011056,
        1.0,
        -0.6851399120768717,
        -0.6981233906126227,
        -0.7049876449586857,
        -0.7295771129769845,
        -0.6735935747541161,
        -0.3634543794419949
      ],
      [
        -0.7258038404314995,
        -0.7156974003622376,
        -0.6249285072291868,
        -0.750657297480273,
        -0.7277830221647221,
        -0.7128457934384846,
        -0.6851399120768717,
        1.0,
        -0.7200389699648898,
        -0.7482942499110787,
        -0.7421949331442936,
        -0.7356896381877194,
        -0.6909290853369513
      ],
      [
        -0.6878222033028917,
        -0.6710758001828527,
        -0.7387929884089146,
        -0.6798854768828236,
        -0.7472223848366744,
        -0.610008265891335,
        -0.6981233906126227,
        -0.7200389699648898,
        1.0,
        -0.7009165794781315,
        -0.7140067058745202,
        -0.6757213107725055,
        -0.6228487494998607
      ],
      [
        -0.6026135490936957,
        -0.7168188956792747,
        -0.7391832979106778,
        -0.49815827104739874,
        -0.7394215196670094,
        -0.6779156354955673,
        -0.7049876449586857,
        -0.7482942499110787,
        -0.7009165794781315,
        1.0,
        -0.7370674289213929,
        -0.6384756872323565,
        -0.7108076707585458
      ],
      [
        -0.7208741816215212,
        -0.7225035555990078,
        -0.7496097535509856,
        -0.7074314759138889,
        -0.751282841118964,
        -0.7194711388233976,
        -0.7295771129769845,
        -0.7421949331442936,
        -0.7140067058745202,
        -0.7370674289213929,
        1.0,
        -0.7408893786074399,
        -0.724564824572115
      ],
      [
        -0.7160221203725688,
        -0.7263920188851989,
        -0.7499166092017804,
        -0.7130554721066089,
        -0.7387496865252183,
        -0.6961340209793064,
        -0.6735935747541161,
        -0.7356896381877194,
        -0.6757213107725055,
        -0.6384756872323565,
        -0.7408893786074399,
        1.0,
        -0.39261883310643175
      ],
      [
        -0.7102451864207927,
        -0.6659792187226288,
        -0.7478122432980288,
        -0.7274919521704515,
        -0.7412166304565089,
        -0.6952375627215357,
        -0.3634543794419949,
        -0.6909290853369513,
        -0.6228487494998607,
        -0.7108076707585458,
        -0.724564824572115,
        -0.39261883310643175,
        1.0
      ]
    ],
    "series": {
      "2020-01": [
        24,
        4,
        1,
        2,
        3,
        10,
        10,
        4,
        8,
        9,
        3,
        9,
        4
      ],
      "2020-02": [
        26,
        13,
        5,
        4,
        4,
        14,
        6,
        5,
        8,
        3,
        4,
        8,
        7
      ],
      "2020-03": [
        33,
        22,
        4,
        4,
        5,
        12,
        5,
        4,
        19,
        7,
        4,
        8,
        3
      ],
      "2020-04": [
        31,
        9,
        5,
        5,
        4,
        10,
        6,
        4,
        5,
        3,
        3,
        8,
        3
      ],
      "2020-05": [
        21,
        13,
        3,
        5,
        3,
        18,
        7,
        3,
        10,
        3,
        3,
        18,
        5
      ],
      "2020-06": [
        31,
        13,
        4,
        4,
        3,
        9,
        7,
        4,
        7,
        6,
        3,
        4,
        4
      ],
      "2020-07": [
        36,
        15,
        2,
        6,
        7,
        19,
        12,
        2,
        10,
        6,
        5,
        10,
        4
      ],
      "2020-08": [
        31,
        14,
        6,
        5,
        0,
        12,
        5,
        5,
        11,
        4,
        3,
        12,
        6
      ],
      "2020-09": [
        20,
        9,
        11,
        4,
        2,
        11,
        6,
        3,
        7,
        4,
        5,
        5,
        2
      ],
      "2020-10": [
        24,
        13,
        5,
        7,
        4,
        15,
        8,
        3,
        10,
        5,
        1,
        9,
        3
      ],
      "2020-11": [
        28,
        8,
        4,
        5,
        1,
        16,
        7,
        2,
        6,
        4,
        3,
        11,
        0
      ],
      "2020-12": [
        16,
        11,
        6,
        3,
        2,
        7,
        15,
        5,
        9,
        5,
        5,
        8,
        5
      ],
      "2021-01": [
        29,
        18,
        3,
        4,
        3,
        8,
        7,
        7,
        5,
        6,
        2,
        15,
        2
      ],
      "2021-02": [
        27,
        14,
        1,
        4,
        0,
        10,
        10,
        3,
        7,
        1,
        4,
        8,
        1
      ],
      "2021-03": [
        31,
        16,
        2,
        2,
        5,
        13,
        9,
        5,
        7,
        7,
        6,
        12,
        5
      ],
      "2021-04": [
        22,
        9,
        4,
        4,
        0,
        12,
        8,
        2,
        3,
        6,
        3,
        8,
        5
      ],
      "2021-05": [
        35,
        17,
        2,
        4,
        6,
        14,
        10,
        7,
        9,
        7,
        5,
        9,
        3
      ],
      "2021-06": [
        26,
        19,
        5,
        1,
        4,
        8,
        9,
        4,
        8,
        9,
        3,
        7,
        3
      ],
      "2021-07": [
        23,
        14,
        6,
        6,
        1,
        12,
        6,
        3,
        11,
        7,
        5,
        13,
        4
      ],
      "2021-08": [
        18,
        10,
        1,
        4,
        0,
        6,
        11,
        7,
        6,
        2,
        5,
        17,
        5
      ],
      "2021-09": [
        16,
        11,
        1,
        0,
        1,
        16,
        7,
        3,
        9,
        4,
        3,
        12,
        2
      ],
      "2021-10": [
        25,
        12,
        1,
        4,
        1,
        8,
        8,
        3,
        8,
        10,
        4,
        4,
        3
      ],
      "2021-11": [
        28,
        9,
        8,
        4,
        2,
        14,
        7,
        2,
        5,
        9,
        4,
        9,
        1
      ],
      "2021-12": [
        17,
        10,
        2,
        5,
        4,
        12,
        6,
        4,
        10,
        11,
        8,
        6,
        7
      ],
      "2022-01": [
        22,
        11,
        7,
        6,
        4,
        11,
        4,
        6,
        11,
        4,
        3,
        4,
        4
      ],
      "2022-02": [
        30,
        9,
        1,
        5,
        1,
        9,
        12,
        5,
        5,
        7,
        4,
        10,
        7
      ],
      "2022-03": [
        28,
        14,
        9,
        6,
        4,
        11,
        6,
        3,
        9,
        5,
        7,
        11,
        3
      ],
      "2022-04": [
        30,
        8,
        1,
        2,
        3,
        2,
        6,
        6,
        8,
        7,
        7,
        7,
        3
      ],
      "2022-05": [
        25,
        6,
        3,
        5,
        0,
        6,
        8,
        4,
        7,
        8,
        5,
        7,
        8
      ],
      "2022-06": [
        23,
        10,
        7,
        4,
        4,
        11,
        2,
        8,
        6,
        3,
        5,
        10,
        1
      ],
      "2022-07": [
        26,
        9,
        7,
        5,
        1,
        15,
        7,
        4,
        7,
        8,
        1,
        6,
        2
      ],
      "2022-08": [
        21,
        15,
        4,
        3,
        1,
        9,
        14,
        5,
        8,
        8,
        5,
        5,
        5
      ],
      "2022-09": [
        34,
        12,
        5,
        7,
        2,
        13,
        5,
        4,
        3,
        9,
        4,
        6,
        5
      ],
      "2022-10": [
        31,
        12,
        5,
        4,
        5,
        11,
        5,
        3,
        8,
        7,
        8,
        5,
        5
      ],
      "2022-11": [
        27,
        12,
        4,
        3,
        2,
        4,
        13,
        9,
        11,
        4,
        4,
        7,
        3
      ],
      "2022-12": [
        21,
        15,
        2,
        5,
        3,
        9,
        11,
        7,
        11,
        14,
        5,
        9,
        1
      ],
      "2023-01": [
        29,
        14,
        3,
        0,
        4,
        8,
        10,
        4,
        7,
        9,
        5,
        6,
        6
      ],
      "2023-02": [
        16,
        8,
        3,
        0,
        1,
        12,
        5,
        1,
        4,
        5,
        7,
        11,
        5
      ],
      "2023-03": [
        24,
        11,
        7,
        7,
        3,
        12,
        11,
        3,
        19,
        7,
        4,
        10,
        7
      ],
      "2023-04": [
        28,
        9,
        8,
        2,
        3,
        15,
        5,
        2,
        7,
        6,
        4,
        9,
        3
      ],
      "2023-05": [
        32,
        7,
        8,
        6,
        2,
        19,
        4,
        5,
        6,
        11,
        6,
        7,
        3
      ],
      "2023-06": [
        28,
        13,
        5,
        6,
        0,
        14,
        9,
        5,
        10,
        10,
        7,
        8,
        6
      ],
      "2023-07": [
        26,
        5,
        2,
        2,
        2,
        19,
        9,
        2,
        9,
        9,
        3,
        6,
        7
      ],
      "2023-08": [
        19,
        15,
        5,
        10,
        6,
        14,
        6,
        4,
        11,
        7,
        2,
        6,
        2
      ],
      "2023-09": [
        36,
        11,
        10,
        4,
        3,
        14,
        4,
        6,
        14,
        4,
        10,
        9,
        2
      ],
      "2023-10": [
        31,
        9,
        3,
        3,
        0,
        10,
        9,
        5,
        8,
        6,
        5,
        12,
        3
      ],
      "2023-11": [
        22,
        6,
        4,
        6,
        0,
        17,
        4,
        3,
        12,
        13,
        3,
        13,
        4
      ],
      "2023-12": [
        25,
        10,
        3,
        2,
        1,
        12,
        4,
        3,
        8,
        14,
        5,
        10,
        6
      ],
      "2024-01": [
        26,
        9,
        4,
        3,
        0,
        8,
        9,
        0,
        9,
        16,
        3,
        9,
        5
      ],
      "2024-02": [
        25,
        10,
        2,
        4,
        2,
        17,
        5,
        3,
        9,
        6,
        8,
        8,
        2
      ],
      "2024-03": [
        29,
        20,
        8,
        6,
        2,
        11,
        3,
        3,
        9,
        8,
        9,
        12,
        3
      ],
      "2024-04": [
        21,
        13,
        2,
        2,
        1,
        16,
        7,
        3,
        9,
        8,
        2,
        12,
        3
      ],
      "2024-05": [
        21,
        13,
        9,
        8,
        11,
        12,
        5,
        6,
        11,
        4,
        5,
        6,
        3
      ],
      "2024-06": [
        23,
        4,
        5,
        6,
        1,
        13,
        7,
        1,
        12,
        12,
        6,
        16,
        4
      ],
      "2024-07": [
        27,
        13,
        3,
        4,
        4,
        18,
        7,
        5,
        7,
        8,
        10,
        6,
        2
      ],
      "2024-08": [
        23,
        9,
        5,
        2,
        4,
        18,
        11,
        10,
        11,
        7,
        10,
        7,
        3
      ],
      "2024-09": [
        25,
        13,
        8,
        5,
        3,
        14,
        7,
        3,
        16,
        6,
        0,
        7,
        4
      ],
      "2024-10": [
        29,
        14,
        9,
        5,
        4,
        16,
        2,
        4,
        11,
        10,
        9,
        4,
        4
      ],
      "2024-11": [
        27,
        12,
        5,
        5,
        3,
        11,
        5,
        5,
        13,
        7,
        4,
        8,
        5
      ],
      "2024-12": [
        33,
        11,
        6,
        3,
        4,
        10,
        14,
        3,
        5,
        7,
        5,
        10,
        2
      ],
      "2025-01": [
        24,
        10,
        3,
        2,
        5,
        12,
        7,
        6,
        12,
        15,
        3,
        11,
        3
      ],
      "2025-02": [
        33,
        11,
        5,
        7,
        1,
        11,
        6,
        7,
        10,
        8,
        7,
        10,
        8
      ],
      "2025-03": [
        29,
        11,
        1,
        3,
        1,
        26,
        8,
        9,
        7,
        8,
        6,
        8,
        2
      ],
      "2025-04": [
        26,
        12,
        7,
        8,
        2,
        19,
        8,
        5,
        15,
        6,
        7,
        4,
        2
      ],
      "2025-05": [
        39,
        11,
        7,
        5,
        2,
        17,
        7,
        3,
        20,
        8,
        5,
        12,
        4
      ],
      "2025-06": [
        24,
        17,
        9,
        3,
        6,
        16,
        8,
        4,
        10,
        31,
        3,
        16,
        4
      ],
      "2025-07": [
        33,
        16,
        6,
        4,
        3,
        17,
        8,
        8,
        8,
        11,
        3,
        11,
        4
      ],
      "2025-08": [
        32,
        10,
        5,
        5,
        7,
        19,
        5,
        6,
        11,
        7,
        3,
        7,
        4
      ],
      "2025-09": [
        13,
        11,
        6,
        2,
        4,
        10,
        1,
        3,
        7,
        9,
        3,
        7,
        3
      ]
    },
    "papers": {
      "0": [
        {
          "title": "Non-equilibrium quantum dynamics and formation of the Bose polaron",
          "year": "2020-05",
          "abstract": "Advancing our understanding of non-equilibrium phenomena in quantum many-body\nsystems remains among the greatest challenges in physics. Here, we report on\nthe experimental observation of a paradigmatic many-body problem, namely the\nnon-equilibrium dynamics of a quantum impurity immersed in a bosonic\nenvironment. We use an interferometric technique to prepare coherent\nsuperposition states of atoms in a Bose-Einstein condensate with a small\nimpurity-state component, and monitor the evolution of such quantum\nsuperpositions into polaronic quasiparticles. These results offer a systematic\npicture of polaron formation from weak to strong impurity interactions. They\nreveal three distinct regimes of evolution with dynamical transitions that\nprovide a link between few-body processes and many-body dynamics. Our\nmeasurements reveal universal dynamical behavior in interacting many-body\nsystems and demonstrate new pathways to study non-equilibrium quantum\nphenomena.",
          "arxiv_id": "2005.00424v2"
        },
        {
          "title": "Dipolar quantum solids emerging in a Hubbard quantum simulator",
          "year": "2023-06",
          "abstract": "In quantum mechanical many-body systems, long-range and anisotropic\ninteractions promote rich spatial structure and can lead to quantum\nfrustration, giving rise to a wealth of complex, strongly correlated quantum\nphases. Long-range interactions play an important role in nature; however,\nquantum simulations of lattice systems have largely not been able to realize\nsuch interactions. A wide range of efforts are underway to explore long-range\ninteracting lattice systems using polar molecules, Rydberg atoms, optical\ncavities, and magnetic atoms. Here, we realize novel quantum phases in a\nstrongly correlated lattice system with long-range dipolar interactions using\nultracold magnetic erbium atoms. As we tune the dipolar interaction to be the\ndominant energy scale in our system, we observe quantum phase transitions from\na superfluid into dipolar quantum solids, which we directly detect using\nquantum gas microscopy with accordion lattices. Controlling the interaction\nanisotropy by orienting the dipoles enables us to realize a variety of stripe\nordered states. Furthermore, by transitioning non-adiabatically through the\nstrongly correlated regime, we observe the emergence of a range of metastable\nstripe-ordered states. This work demonstrates that novel strongly correlated\nquantum phases can be realized using long-range dipolar interaction in optical\nlattices, opening the door to quantum simulations of a wide range of lattice\nmodels with long-range and anisotropic interactions.",
          "arxiv_id": "2306.00888v2"
        },
        {
          "title": "Phases, instabilities and excitations in a two-component lattice model with photon-mediated interactions",
          "year": "2022-10",
          "abstract": "Engineering long-range interacting spin systems with ultra cold atoms offers\nthe possibility to explore exotic magnetically ordered phases in\nstrongly-correlated scenarios. Quantum gases in optical cavities provide a\nversatile experimental platform to further engineer photon-mediated\ninteractions and access the underlying microscopic processes by probing the\ncavity field. Here, we study a two-component spin Bose-Hubbard system with\ncavity-mediated interactions. We provide a comprehensive overview of its phase\ndiagram and transitions in experimentally relevant regimes. The interplay of\ndifferent energy scales yields a rich phase diagram with superfluid and\ninsulating phases exhibiting density modulation or spin ordering. In\nparticular, the combined effect of contact and global-range interactions gives\nrise to an antiferromagnetically ordered phase for arbitrarily small\nspin-dependent light-matter coupling, while long-range and inter-spin contact\ninteractions introduce regions of instability and phase separation in the phase\ndiagram. We further study the low energy excitations above the\nantiferrogmagnetic phase. Besides particle-hole branches, it hosts\nspin-exchange excitations with a tunable energy gap. The studied lattice model\ncan be readily realized in cold-atom experiments with optical cavities.",
          "arxiv_id": "2210.11313v1"
        }
      ],
      "1": [
        {
          "title": "Parametric attosecond pulse amplification far from the ionization threshold from high order harmonic generation in He$^+$",
          "year": "2020-03",
          "abstract": "Parametric amplification of attosecond coherent pulses around 100 eV at the\nsingle-atom level is demonstrated for the first time by using the 3D\ntime-dependent Schr{\\\"o}dinger equation in high-harmonic generation processes\nfrom excited states of He$^+$. We present the attosecond dynamics of the\namplification process far from the ionization threshold and resolve the physics\nbehind it. The amplification of a particular central photon energy requires the\nseed XUV pulses to be perfectly synchronized in time with the driving laser\nfield for stimulated recombination to the He$^+$ ground state and is only\nproduced in a few specific laser cycles in agreement with the experimental\nmeasurements. Our simulations show that the amplified photon energy region can\nbe controlled by varying the peak intensity of the laser field. Our results\npave the way to the realization of compact attosecond pulse intense XUV lasers\nwith broad applications.",
          "arxiv_id": "2003.12292v2"
        },
        {
          "title": "Manipulating Twisted Electrons in Strong-Field Ionization",
          "year": "2020-10",
          "abstract": "We investigate the discrete orbital angular momentum (OAM) of photoelectrons\nfreed in strongfield ionization. We use these `twisted' electrons to provide an\nalternative interpretation on existing experimental work of vortex\ninterferences caused by strong field ionization mediated by two counterrotating\ncircularly polarized pulses separated by a delay. Using the strong field\napproximation, we derive an interference condition for the vortices. In\ncomputations for a neon target we find very good agreement of the vortex\ncondition with photoelectron momentum distributions computed with the strong\nfield approximation, as well as with the time-dependent methods Qprop and\nR-Matrix. For each of these approaches we examine the OAM of the\nphotoelectrons, finding a small number of vortex states localized in separate\nenergy regions. We demonstrate that the vortices arise from the interference of\npairs of twisted electron states. The OAM of each twisted electron state can be\ndirectly related to the number of arms of the spiral in that region. We gain\nfurther understanding by recreating the vortices with pairs of twisted\nelectrons and use this to determine a semiclassical relation for the OAM. A\ndiscussion is included on measuring the OAM in strong field ionization directly\nor by employing specific laser pulse schemes as well as utilizing the OAM in\ntime-resolved imaging of photo-induced dynamics.",
          "arxiv_id": "2010.08355v1"
        },
        {
          "title": "Temporal characterization of electron dynamics in attosecond XUV and infrared laser fields",
          "year": "2021-04",
          "abstract": "We use a Wigner distribution-like function based on the strong field\napproximation theory to obtain the time-energy distributions and the ionization\ntime distributions of electrons ionized by an XUV pulse alone and in the\npresence of an infrared (IR) pulse. In the case of a single XUV pulse, although\nthe overall shape of the ionization time distribution resembles the\nXUV-envelope, its detail shows dependence on the emission direction of the\nelectron and the carrier-envelope phase of the pulse, which mainly results from\nthe low-energy interference structure. It is further found that the electron\nfrom the counter-rotating term plays an important role in the interference. In\nthe case of the two-color pulse, both the time-energy distributions and the\nionization time distributions change with varying IR field. Our analysis\ndemonstrates that the IR field not only modifies the final electron kinetic\nenergy but also changes the electron's emission time, which results from the\nchange of the electric field induced by the IR pulse. Moreover, the ionization\ntime distributions of the photoelectrons emitted from atoms with higher\nionization energy are also given, which show less impact of the IR field on the\nelectron dynamics.",
          "arxiv_id": "2104.04198v1"
        }
      ],
      "2": [
        {
          "title": "Two-photon exchange corrections to the $g$ factor of Li-like ions",
          "year": "2021-06",
          "abstract": "We report calculations of QED corrections to the $g$ factor of Li-like ions\ninduced by the exchange of two virtual photons between the electrons. The\ncalculations are performed within QED theory to all orders in the nuclear\nbinding strength parameter $Z\\alpha$, where $Z$ is the nuclear charge number\nand $\\alpha$ is the fine-structure constant. In the region of low nuclear\ncharges we compare results from three different methods: QED, relativistic\nmany-body perturbation theory, and nonrelativistic QED. All three methods are\nshown to yield consistent results. With our calculations we improve the\naccuracy of the theoretical predictions of the $g$ factor of the ground state\nof Li-like carbon and oxygen by about an order of magnitude. Our theoretical\nresults agree with those from previous calculations but differ by 3-4 standard\ndeviations from the experimental results available for silicon and calcium.",
          "arxiv_id": "2106.08095v1"
        },
        {
          "title": "Hydrogen and hydrogen-like-ion bound states and hyperfine splittings: finite nuclear size effects}",
          "year": "2023-02",
