{
  "topics": {
    "data": {
      "0": {
        "name": "0_states_entanglement_state_entangled",
        "keywords": [
          [
            "states",
            0.02505806702665704
          ],
          [
            "entanglement",
            0.02503749786672494
          ],
          [
            "state",
            0.015052141425794393
          ],
          [
            "entangled",
            0.01472141355225986
          ],
          [
            "information",
            0.013380275494088512
          ],
          [
            "Bell",
            0.012979719219883213
          ],
          [
            "multipartite",
            0.012860921503669546
          ],
          [
            "measurements",
            0.012804944494467101
          ],
          [
            "channel",
            0.012458364418998792
          ],
          [
            "nonlocality",
            0.012418611625629019
          ]
        ],
        "count": 3393
      },
      "1": {
        "name": "1_photon_photons_single_states",
        "keywords": [
          [
            "photon",
            0.0300331066883128
          ],
          [
            "photons",
            0.01624056467887332
          ],
          [
            "single",
            0.015123322842738065
          ],
          [
            "states",
            0.014708554753121592
          ],
          [
            "optical",
            0.014309285249706538
          ],
          [
            "light",
            0.013396049731593307
          ],
          [
            "state",
            0.012150894108015474
          ],
          [
            "phase",
            0.011851247312774354
          ],
          [
            "entangled",
            0.011847575335674024
          ],
          [
            "estimation",
            0.011071416320465096
          ]
        ],
        "count": 2859
      },
      "2": {
        "name": "2_dynamics_body_systems_time",
        "keywords": [
          [
            "dynamics",
            0.018483162657032853
          ],
          [
            "body",
            0.01822099775415367
          ],
          [
            "systems",
            0.01810414692589562
          ],
          [
            "time",
            0.01735205328777151
          ],
          [
            "phase",
            0.013547989593532527
          ],
          [
            "model",
            0.01336941441772456
          ],
          [
            "entanglement",
            0.013002402989899076
          ],
          [
            "chaotic",
            0.011262390084394478
          ],
          [
            "transition",
            0.010948677121213553
          ],
          [
            "random",
            0.010914005127030018
          ]
        ],
        "count": 2807
      },
      "3": {
        "name": "3_VQE_variational_ground_algorithm",
        "keywords": [
          [
            "VQE",
            0.015279676108360542
          ],
          [
            "variational",
            0.014349518851656244
          ],
          [
            "ground",
            0.014051839050808111
          ],
          [
            "algorithm",
            0.012781457481619891
          ],
          [
            "method",
            0.012759359487277983
          ],
          [
            "state",
            0.012301305542053486
          ],
          [
            "energy",
            0.012099951867622208
          ],
          [
            "Hamiltonian",
            0.011005901583685933
          ],
          [
            "quantum",
            0.01074398693188197
          ],
          [
            "systems",
            0.010266508920837402
          ]
        ],
        "count": 2058
      },
      "4": {
        "name": "4_qubit_superconducting_qubits_gate",
        "keywords": [
          [
            "qubit",
            0.03463986426578553
          ],
          [
            "superconducting",
            0.030325201470829243
          ],
          [
            "qubits",
            0.024942189616553947
          ],
          [
            "gate",
            0.016452234832399302
          ],
          [
            "spin",
            0.014411851817662396
          ],
          [
            "readout",
            0.014274478585809158
          ],
          [
            "microwave",
            0.014219258317249253
          ],
          [
            "Josephson",
            0.013455750209834128
          ],
          [
            "high",
            0.013041003704580143
          ],
          [
            "frequency",
            0.012761388765158449
          ]
        ],
        "count": 2030
      },
      "5": {
        "name": "5_cavity_photon_coupling_light",
        "keywords": [
          [
            "cavity",
            0.02818003959374814
          ],
          [
            "photon",
            0.021523355829118386
          ],
          [
            "coupling",
            0.020416852135578062
          ],
          [
            "light",
            0.017061290902201244
          ],
          [
            "magnon",
            0.016235455698076162
          ],
          [
            "optical",
            0.013431381927338759
          ],
          [
            "mode",
            0.012927296512283231
          ],
          [
            "field",
            0.012838934159513695
          ],
          [
            "atomic",
            0.011887022080937963
          ],
          [
            "atom",
            0.011575170552115389
          ]
        ],
        "count": 1877
      },
      "6": {
        "name": "6_learning_machine_machine learning_data",
        "keywords": [
          [
            "learning",
            0.031806710059194894
          ],
          [
            "machine",
            0.023761936509302927
          ],
          [
            "machine learning",
            0.02308482438633188
          ],
          [
            "data",
            0.020050902508547505
          ],
          [
            "Quantum",
            0.019075941552247656
          ],
          [
            "classical",
            0.018762049879320647
          ],
          [
            "neural",
            0.017955681681385553
          ],
          [
            "training",
            0.016073424218514213
          ],
          [
            "quantum",
            0.015546874672343024
          ],
          [
            "classification",
            0.01385371586076931
          ]
        ],
        "count": 1839
      },
      "7": {
        "name": "7_NV_diamond_spin_centers",
        "keywords": [
          [
            "NV",
            0.04182898939769059
          ],
          [
            "diamond",
            0.03890457106490555
          ],
          [
            "spin",
            0.03481718026206067
          ],
          [
            "centers",
            0.0339228376376006
          ],
          [
            "vacancy",
            0.02806515672594518
          ],
          [
            "magnetic",
            0.02485057781866032
          ],
          [
            "nitrogen",
            0.02239723344919113
          ],
          [
            "center",
            0.019703073326707152
          ],
          [
            "nitrogen vacancy",
            0.01929046209543282
          ],
          [
            "defects",
            0.017459283560800017
          ]
        ],
        "count": 1459
      },
      "8": {
        "name": "8_ion_Rydberg_atoms_ions",
        "keywords": [
          [
            "ion",
            0.02504312101232016
          ],
          [
            "Rydberg",
            0.023719419336750695
          ],
          [
            "atoms",
            0.022195610098414406
          ],
          [
            "ions",
            0.01658400533751459
          ],
          [
            "laser",
            0.016051468850146387
          ],
          [
            "atom",
            0.01585053300194239
          ],
          [
            "optical",
            0.014892487898007921
          ],
          [
            "cooling",
            0.014890892636741145
          ],
          [
            "trap",
            0.014660777393211399
          ],
          [
            "atomic",
            0.014619184739780794
          ]
        ],
        "count": 1386
      },
      "9": {
        "name": "9_topological_Hermitian_non_edge",
        "keywords": [
          [
            "topological",
            0.053757824627708214
          ],
          [
            "Hermitian",
            0.04226062256023567
          ],
          [
            "non",
            0.03258513307441259
          ],
          [
            "edge",
            0.02593847845607573
          ],
          [
            "boundary",
            0.018676071449259216
          ],
          [
            "skin",
            0.018151989026804573
          ],
          [
            "systems",
            0.01630163795921494
          ],
          [
            "bulk",
            0.0162732718096138
          ],
          [
            "phases",
            0.016239632474025142
          ],
          [
            "band",
            0.015994009044538283
          ]
        ],
        "count": 1302
      },
      "10": {
        "name": "10_algorithm_complexity_classical_algorithms",
        "keywords": [
          [
            "algorithm",
            0.02310714184131681
          ],
          [
            "complexity",
            0.018588521251192015
          ],
          [
            "classical",
            0.01584920222537599
          ],
          [
            "algorithms",
            0.015481568289039477
          ],
          [
            "circuits",
            0.014291613673808769
          ],
          [
            "quantum",
            0.013917045011208811
          ],
          [
            "circuit",
            0.013731893873053385
          ],
          [
            "query",
            0.012500530091301748
          ],
          [
            "depth",
            0.012348702486654775
          ],
          [
            "Quantum",
            0.012299287363833736
          ]
        ],
        "count": 1298
      },
      "11": {
        "name": "11_codes_code_error_logical",
        "keywords": [
          [
            "codes",
            0.07520216458190647
          ],
          [
            "code",
            0.05926779277785492
          ],
          [
            "error",
            0.04373133882285444
          ],
          [
            "logical",
            0.0359972240064547
          ],
          [
            "fault",
            0.026321704108497514
          ],
          [
            "decoding",
            0.023661239235123286
          ],
          [
            "correction",
            0.02305873106845357
          ],
          [
            "error correction",
            0.022511952822694394
          ],
          [
            "tolerant",
            0.02219954173655953
          ],
          [
            "surface",
            0.01977521566586018
          ]
        ],
        "count": 1260
      },
      "12": {
        "name": "12_QKD_key_key distribution_quantum key distribution",
        "keywords": [
          [
            "QKD",
            0.06512959211077854
          ],
          [
            "key",
            0.06259838245673448
          ],
          [
            "key distribution",
            0.040093754703481095
          ],
          [
            "quantum key distribution",
            0.033960545722146594
          ],
          [
            "security",
            0.032740782184900966
          ],
          [
            "distribution",
            0.0324835557477667
          ],
          [
            "protocol",
            0.027665923731138607
          ],
          [
            "secure",
            0.025497016619520828
          ],
          [
            "rate",
            0.021376341446963775
          ],
          [
            "communication",
            0.019141032212839703
          ]
        ],
        "count": 1250
      },
      "13": {
        "name": "13_gravity_gravitational_black_black hole",
        "keywords": [
          [
            "gravity",
            0.038070881510219624
          ],
          [
            "gravitational",
            0.03432933439867914
          ],
          [
            "black",
            0.03115848593682461
          ],
          [
            "black hole",
            0.026395860572583217
          ],
          [
            "hole",
            0.024793974424479913
          ],
          [
            "spacetime",
            0.021644484062312633
          ],
          [
            "field",
            0.01764057986528215
          ],
          [
            "Hawking",
            0.01664396772927233
          ],
          [
            "entanglement",
            0.016460131132180287
          ],
          [
            "horizon",
            0.013689997900531655
          ]
        ],
        "count": 1220
      },
      "14": {
        "name": "14_mechanics_theory_quantum mechanics_measurement",
        "keywords": [
          [
            "mechanics",
            0.031129409606414266
          ],
          [
            "theory",
            0.029574874842571965
          ],
          [
            "quantum mechanics",
            0.02907758100167792
          ],
          [
            "measurement",
            0.021815849748317153
          ],
          [
            "quantum theory",
            0.017085903647337163
          ],
          [
            "interpretation",
            0.01620800971452369
          ],
          [
            "Bell",
            0.016001875715786002
          ],
          [
            "physical",
            0.013455576208823733
          ],
          [
            "quantum",
            0.013192101202628185
          ],
          [
            "causal",
            0.012832607464683485
          ]
        ],
        "count": 1171
      },
      "15": {
        "name": "15_optimization_QAOA_problems_problem",
        "keywords": [
          [
            "optimization",
            0.04245205509302154
          ],
          [
            "QAOA",
            0.03859561808617733
          ],
          [
            "problems",
            0.038447208690931094
          ],
          [
            "problem",
            0.031844614152662445
          ],
          [
            "annealing",
            0.023454962020513934
          ],
          [
            "optimization problems",
            0.021177931507342464
          ],
          [
            "Optimization",
            0.018472890966012206
          ],
          [
            "algorithm",
            0.01819235443055419
          ],
          [
            "combinatorial",
            0.017959765807724966
          ],
          [
            "QUBO",
            0.017496548613435723
          ]
        ],
        "count": 1161
      },
      "16": {
        "name": "16_heat_engine_thermodynamic_thermodynamics",
        "keywords": [
          [
            "heat",
            0.03968531559154372
          ],
          [
            "engine",
            0.032150115280058636
          ],
          [
            "thermodynamic",
            0.02812384716028594
          ],
          [
            "thermodynamics",
            0.02656352900857448
          ],
          [
            "work",
            0.02589934688764489
          ],
          [
            "thermal",
            0.021961596699065476
          ],
          [
            "entropy",
            0.01820304342801909
          ],
          [
            "engines",
            0.01795328672258131
          ],
          [
            "efficiency",
            0.01680237564125039
          ],
          [
            "energy",
            0.016123985200721294
          ]
        ],
        "count": 1062
      },
      "17": {
        "name": "17_potential_equation_potentials_oscillator",
        "keywords": [
          [
            "potential",
            0.024176802171774616
          ],
          [
            "equation",
            0.02396036213915525
          ],
          [
            "potentials",
            0.019293747385707327
          ],
          [
            "oscillator",
            0.018816932963023256
          ],
          [
            "energy",
            0.014558565340826512
          ],
          [
            "dependent",
            0.013316146203381474
          ],
          [
            "harmonic",
            0.013075563971039964
          ],
          [
            "non",
            0.013075424614111196
          ],
          [
            "space",
            0.01291913627460819
          ],
          [
            "Dirac",
            0.012848708711662308
          ]
        ],
        "count": 1056
      },
      "18": {
        "name": "18_Markovian_open_dynamics_open quantum",
        "keywords": [
          [
            "Markovian",
            0.03749701382733856
          ],
          [
            "open",
            0.02904548817641407
          ],
          [
            "dynamics",
            0.028011473000250312
          ],
          [
            "open quantum",
            0.025682789241139134
          ],
          [
            "non",
            0.024147542767328764
          ],
          [
            "master",
            0.02385557014978907
          ],
          [
            "equation",
            0.0223943407213422
          ],
          [
            "environment",
            0.020696881233933224
          ],
          [
            "bath",
            0.019580932824116097
          ],
          [
            "systems",
            0.018369419376659944
          ]
        ],
        "count": 800
      },
      "19": {
        "name": "19_topological_symmetry_phases_symmetries",
        "keywords": [
          [
            "topological",
            0.04875143668243489
          ],
          [
            "symmetry",
            0.03544796521163647
          ],
          [
            "phases",
            0.02862405982853079
          ],
          [
            "symmetries",
            0.02260677136041495
          ],
          [
            "SPT",
            0.01928058285633941
          ],
          [
            "topological order",
            0.018009105028371577
          ],
          [
            "order",
            0.017769772176646298
          ],
          [
            "phase",
            0.016299470792717645
          ],
          [
            "model",
            0.015279456676786108
          ],
          [
            "models",
            0.014856336638510615
          ]
        ],
        "count": 640
      },
      "20": {
        "name": "20_walk_walks_quantum walk_quantum walks",
        "keywords": [
          [
            "walk",
            0.06037322193508971
          ],
          [
            "walks",
            0.057768914687013874
          ],
          [
            "quantum walk",
            0.04263223152355543
          ],
          [
            "quantum walks",
            0.04261124051711501
          ],
          [
            "graphs",
            0.03829421587161452
          ],
          [
            "graph",
            0.03418967820592261
          ],
          [
            "time quantum",
            0.02304585113764121
          ],
          [
            "time",
            0.02265683510975139
          ],
          [
            "coin",
            0.022364353827289532
          ],
          [
            "state transfer",
            0.01843178236914924
          ]
        ],
        "count": 633
      },
      "21": {
        "name": "21_circuit_circuits_compilation_hardware",
        "keywords": [
          [
            "circuit",
            0.032148933413632494
          ],
          [
            "circuits",
            0.024310782229570397
          ],
          [
            "compilation",
            0.022744916388723006
          ],
          [
            "hardware",
            0.02257397626700439
          ],
          [
            "qubit",
            0.019745322048761275
          ],
          [
            "Quantum",
            0.017988067799265248
          ],
          [
            "gates",
            0.015916772485608355
          ],
          [
            "computing",
            0.015905771678360364
          ],
          [
            "gate",
            0.015348473123854456
          ],
          [
            "qubits",
            0.01533416423442092
          ]
        ],
        "count": 592
      },
      "22": {
        "name": "22_holographic_AdS_CFT_entropy",
        "keywords": [
          [
            "holographic",
            0.05063466451245001
          ],
          [
            "AdS",
            0.0331429946720434
          ],
          [
            "CFT",
            0.033116798982163874
          ],
          [
            "entropy",
            0.031113729930068855
          ],
          [
            "bulk",
            0.028667107943812747
          ],
          [
            "entanglement",
            0.026202177165419453
          ],
          [
            "boundary",
            0.025017798939861998
          ],
          [
            "black",
            0.023686280220523593
          ],
          [
            "gravity",
            0.021303678157127585
          ],
          [
            "black hole",
            0.019453616923492137
          ]
        ],
        "count": 463
      },
      "23": {
        "name": "23_security_secure_encryption_classical",
        "keywords": [
          [
            "security",
            0.0316842964524997
          ],
          [
            "secure",
            0.0287498744337468
          ],
          [
            "encryption",
            0.02708916627020224
          ],
          [
            "classical",
            0.02236456423203763
          ],
          [
            "cryptographic",
            0.02206691429055875
          ],
          [
            "protocol",
            0.020342688969163747
          ],
          [
            "key",
            0.01878825537337911
          ],
          [
            "scheme",
            0.01705846196686291
          ],
          [
            "quantum",
            0.016985902492448555
          ],
          [
            "server",
            0.01579659463186538
          ]
        ],
        "count": 463
      },
      "24": {
        "name": "24_gauge_lattice_lattice gauge_gauge theories",
        "keywords": [
          [
            "gauge",
            0.06879912349363979
          ],
          [
            "lattice",
            0.04155010096167047
          ],
          [
            "lattice gauge",
            0.032150211808273294
          ],
          [
            "gauge theories",
            0.029634661207669666
          ],
          [
            "theories",
            0.02906273483126074
          ],
          [
            "gauge theory",
            0.025535700631386125
          ],
          [
            "theory",
            0.020456682799908015
          ],
          [
            "lattice gauge theories",
            0.018319709847589884
          ],
          [
            "lattice gauge theory",
            0.01697521396612816
          ],
          [
            "simulation",
            0.013468371426192139
          ]
        ],
        "count": 430
      },
      "25": {
        "name": "25_error_mitigation_noise_error mitigation",
        "keywords": [
          [
            "error",
            0.04726890757928427
          ],
          [
            "mitigation",
            0.03995244718335316
          ],
          [
            "noise",
            0.036874192377812996
          ],
          [
            "error mitigation",
            0.0327074387365313
          ],
          [
            "errors",
            0.02623707153571294
          ],
          [
            "benchmarking",
            0.019950422294009736
          ],
          [
            "circuits",
            0.01791194038800376
          ],
          [
            "circuit",
            0.016005761486353815
          ],
          [
            "gates",
            0.013974186118064788
          ],
          [
            "method",
            0.013551986158736732
          ]
        ],
        "count": 350
      },
      "26": {
        "name": "26_network_entanglement_networks_quantum networks",
        "keywords": [
          [
            "network",
            0.043977871998784605
          ],
          [
            "entanglement",
            0.03667150567131484
          ],
          [
            "networks",
            0.03382165960159288
          ],
          [
            "quantum networks",
            0.02708990648661831
          ],
          [
            "nodes",
            0.026917751871551095
          ],
          [
            "quantum network",
            0.026346770158825153
          ],
          [
            "repeater",
            0.022329248872523008
          ],
          [
            "end",
            0.021775359074494124
          ],
          [
            "communication",
            0.021156998900000543
          ],
          [
            "repeaters",
            0.019055780470828832
          ]
        ],
        "count": 342
      },
      "27": {
        "name": "27_Casimir_force_effect_vacuum",
        "keywords": [
          [
            "Casimir",
            0.13554866334754903
          ],
          [
            "force",
            0.055791629766706596
          ],
          [
            "effect",
            0.02665243482404958
          ],
          [
            "vacuum",
            0.024162248781502676
          ],
          [
            "field",
            0.02098011105229735
          ],
          [
            "energy",
            0.020095950326239946
          ],
          [
            "graphene",
            0.020011956734973683
          ],
          [
            "plates",
            0.01975118313723855
          ],
          [
            "forces",
            0.019303027986278375
          ],
          [
            "dielectric",
            0.016687857285941212
          ]
        ],
        "count": 324
      },
      "28": {
        "name": "28_Bose_phase_interactions_impurity",
        "keywords": [
          [
            "Bose",
            0.019807888735257902
          ],
          [
            "phase",
            0.01816021861498136
          ],
          [
            "interactions",
            0.01768796807140021
          ],
          [
            "impurity",
            0.01685266229136424
          ],
          [
            "density",
            0.01655889959393974
          ],
          [
            "Hubbard",
            0.016038755682404707
          ],
          [
            "interaction",
            0.015858012203074263
          ],
          [
            "body",
            0.015234784426992103
          ],
          [
            "superfluid",
            0.015142339206983034
          ],
          [
            "phases",
            0.0143367472379617
          ]
        ],
        "count": 289
      }
    },
    "correlations": [
      [
        1.0,
        -0.6916324394482029,
        -0.6679233426457589,
        -0.7220227450567114,
        -0.6888038030055698,
        -0.7099054434181157,
        -0.7142750983094004,
        -0.7352234411011873,
        -0.7277900521913931,
        -0.7230408495421736,
        -0.7238522254680729,
        -0.732406026944129,
        -0.7132320896098572,
        -0.733219805176589,
        -0.6880756584921225,
        -0.7241504315151108,
        -0.6843190287621654,
        -0.7224537394912296,
        -0.70031443667867,
        -0.7130558300299061,
        -0.7394351946974405,
        -0.7084589321765139,
        -0.5475614376384095,
        -0.7241320214391491,
        -0.733012875470207,
        -0.7136787603572196,
        -0.4943518987420149,
        -0.7585232639142507,
        -0.7451276919029178
      ],
      [
        -0.6916324394482029,
        1.0,
        -0.7243771965649353,
        -0.7521571048916768,
        -0.7062399162070474,
        -0.4504279349910266,
        -0.7474902383927935,
        -0.7319834834957666,
        -0.7170201161128089,
        -0.7481471363597023,
        -0.7555462171592344,
        -0.7486728562589434,
        -0.699239009571563,
        -0.7544903563206455,
        -0.7271652240433842,
        -0.7500394542907152,
        -0.725295364655503,
        -0.7389183411727729,
        -0.7300205603238143,
        -0.7456078778899763,
        -0.7542154157163606,
        -0.7435449941527205,
        -0.7434678376794035,
        -0.7356464795014246,
        -0.7537735263591675,
        -0.7323640812460368,
        -0.6724510983288876,
        -0.7566338127415342,
        -0.7571257514394107
      ],
      [
        -0.6679233426457589,
        -0.7243771965649353,
        1.0,
        -0.6882288868023583,
        -0.7020311039049277,
        -0.6942982332701189,
        -0.7001498752780272,
        -0.7147317006149638,
        -0.7054947391502896,
        -0.692573402028646,
        -0.6994881257359801,
        -0.7334264428575741,
        -0.7187407349786001,
        -0.723519703282623,
        -0.6801971981936593,
        -0.7128122097044338,
        -0.6495973915695923,
        -0.6761118215871559,
        -0.43067130597040165,
        -0.6810301785221041,
        -0.7290536286501865,
        -0.705310910333263,
        -0.6726490933966645,
        -0.7233145627767441,
        -0.7006002865759711,
        -0.712705771927312,
        -0.7024658788196434,
        -0.7474241354916701,
        -0.6812457598701078
      ],
      [
        -0.7220227450567114,
        -0.7521571048916768,
        -0.6882288868023583,
        1.0,
        -0.7243873845938835,
        -0.7283741471236951,
        -0.7039691823843235,
        -0.7315154931857518,
        -0.7121861620021032,
        -0.7332413980168251,
        -0.6751166491053913,
        -0.7361213666705428,
        -0.7469100285798259,
        -0.752687098787663,
        -0.7432389093706422,
        -0.6544539231135216,
        -0.7060047150238273,
        -0.7108441106243595,
        -0.730268602846565,
        -0.7047213259829643,
        -0.7523170008548039,
        -0.6707443702961651,
        -0.7231389837342215,
        -0.7515416292933008,
        -0.7206833520244961,
        -0.7016328482436347,
        -0.7360422048386864,
        -0.7536879340534517,
        -0.7012182858472306
      ],
      [
        -0.6888038030055698,
        -0.7062399162070474,
        -0.7020311039049277,
        -0.7243873845938835,
        1.0,
        -0.6900179142784841,
        -0.7169893110048817,
        -0.7016486217388526,
        -0.7085518784016511,
        -0.7334340441290457,
        -0.7020635201283584,
        -0.667351225695779,
        -0.7273038689697651,
        -0.7521554443675147,
        -0.7346876869112551,
        -0.7103713087747019,
        -0.6941901526358829,
        -0.7342148986861983,
        -0.6975488782143202,
        -0.7301354300549392,
        -0.7453216838063315,
        -0.4775571263474139,
        -0.7365128372445442,
        -0.744378558585886,
        -0.7438595374411913,
        -0.6263392602756856,
        -0.7000709204633742,
        -0.7585167566897323,
        -0.7530147381402568
      ],
      [
        -0.7099054434181157,
        -0.4504279349910266,
        -0.6942982332701189,
        -0.7283741471236951,
        -0.6900179142784841,
        1.0,
        -0.7500210938909451,
        -0.7084557230444678,
        -0.6768332680431666,
        -0.7285851535667431,
        -0.758321745577512,
        -0.7516494264598919,
        -0.7319489490688147,
        -0.7452020052293522,
        -0.729553100930435,
        -0.7492477458866648,
        -0.7066788148222727,
        -0.724251679030397,
        -0.6784214042974008,
        -0.7271007445091049,
        -0.756805801122961,
        -0.7419529952445775,
        -0.7364994357909282,
        -0.7496798542493635,
        -0.7317253912043518,
        -0.73576791091772,
        -0.7057454531711729,
        -0.7364292957617425,
        -0.7376298947548274
      ],
      [
        -0.7142750983094004,
        -0.7474902383927935,
        -0.7001498752780272,
        -0.7039691823843235,
        -0.7169893110048817,
        -0.7500210938909451,
        1.0,
        -0.7530188724999018,
        -0.7500869405737238,
        -0.7474704136091219,
        -0.6171479215248498,
        -0.7259349286758925,
        -0.720728930436399,
        -0.7496941796553375,
        -0.713228807575007,
        -0.643640336720009,
        -0.6906406638488861,
        -0.7214263415341157,
        -0.7148385659496628,
        -0.7426234657010868,
        -0.7388678895883163,
        -0.6082623567049101,
        -0.7412314573398451,
        -0.5575922599443064,
        -0.7509069014290071,
        -0.6918040771549745,
        -0.6561986524340977,
        -0.7574151846832843,
        -0.755507365920425
      ],
      [
        -0.7352234411011873,
        -0.7319834834957666,
        -0.7147317006149638,
        -0.7315154931857518,
        -0.7016486217388526,
        -0.7084557230444678,
        -0.7530188724999018,
        1.0,
        -0.7248690819083266,
        -0.7376641952972687,
        -0.7581047060888765,
        -0.7543120289830634,
        -0.7442875605788742,
        -0.7460866976382121,
        -0.7444067490005992,
        -0.7512989876967149,
        -0.7241983502500697,
        -0.7288572670084486,
        -0.7242960871600553,
        -0.7318148614148972,
        -0.7586670900555701,
        -0.7495580351445676,
        -0.7404005419503106,
        -0.75811136341341,
        -0.7405413622775532,
        -0.7396332411698769,
        -0.7258776895260657,
        -0.7532830963523292,
        -0.7466834121631563
      ],
      [
        -0.7277900521913931,
        -0.7170201161128089,
        -0.7054947391502896,
        -0.7121861620021032,
        -0.7085518784016511,
        -0.6768332680431666,
        -0.7500869405737238,
        -0.7248690819083266,
        1.0,
        -0.7453715047367058,
        -0.7492427018543527,
        -0.7376540563853707,
        -0.7451569941483122,
        -0.7522664343658985,
        -0.7472707758428319,
        -0.7436016829040324,
        -0.7283742636415556,
        -0.7292865880063704,
        -0.7277654145611464,
        -0.7358887687140776,
        -0.7571744706549914,
        -0.7300896952340704,
        -0.7497431104511727,
        -0.7585156420179178,
        -0.7314862998557263,
        -0.7230800109825682,
        -0.7352264275767875,
        -0.7449947160105854,
        -0.7288256782399648
      ],
      [
        -0.7230408495421736,
        -0.7481471363597023,
        -0.692573402028646,
        -0.7332413980168251,
        -0.7334340441290457,
        -0.7285851535667431,
        -0.7474704136091219,
        -0.7376641952972687,
        -0.7453715047367058,
        1.0,
        -0.7463089327715015,
        -0.7350079450646012,
        -0.7494722986941289,
        -0.7502092529497868,
        -0.7268210046131355,
        -0.7493057875684456,
        -0.7223640515741481,
        -0.7172810607372393,
        -0.6440844203852109,
        -0.23966098989232276,
        -0.7337442858912945,
        -0.7431029669363314,
        -0.6846108427029758,
        -0.7533318076297266,
        -0.6863042171702556,
        -0.7464074784632709,
        -0.7391805227184209,
        -0.7546678587727329,
        -0.7394632687222515
      ],
      [
        -0.7238522254680729,
        -0.7555462171592344,
        -0.6994881257359801,
        -0.6751166491053913,
        -0.7020635201283584,
        -0.758321745577512,
        -0.6171479215248498,
        -0.7581047060888765,
        -0.7492427018543527,
        -0.7463089327715015,
        1.0,
        -0.7042870646178181,
        -0.730134313296253,
        -0.7512804025056307,
        -0.7389024577894479,
        -0.6003598690782607,
        -0.7009358653495164,
        -0.7289953368247966,
        -0.724461397483657,
        -0.744593006258491,
        -0.710577604695181,
        -0.4846837035171487,
        -0.7381255561951334,
        -0.6973776209225564,
        -0.743074617252693,
        -0.6820336109541727,
        -0.7233186128853486,
        -0.7612470199596928,
        -0.7558146687266479
      ],
      [
        -0.732406026944129,
        -0.7486728562589434,
        -0.7334264428575741,
        -0.7361213666705428,
        -0.667351225695779,
        -0.7516494264598919,
        -0.7259349286758925,
        -0.7543120289830634,
        -0.7376540563853707,
        -0.7350079450646012,
        -0.7042870646178181,
        1.0,
        -0.7243354452704884,
        -0.758328820905928,
        -0.7460026880193829,
        -0.7224392776447737,
        -0.7278375277358962,
        -0.7478830441744069,
        -0.7385443018543344,
        -0.7073156819241175,
        -0.7458083422916083,
        -0.6634334967879901,
        -0.7375236597963573,
        -0.7390424533857862,
        -0.7337063848464118,
        -0.39541405116893513,
        -0.725891699164354,
        -0.7639207609345762,
        -0.7592666764884981
      ],
      [
        -0.7132320896098572,
        -0.699239009571563,
        -0.7187407349786001,
        -0.7469100285798259,
        -0.7273038689697651,
        -0.7319489490688147,
        -0.720728930436399,
        -0.7442875605788742,
        -0.7451569941483122,
        -0.7494722986941289,
        -0.730134313296253,
        -0.7243354452704884,
        1.0,
        -0.7534417180279079,
        -0.7272153286311585,
        -0.7306164639143573,
        -0.7137898269705736,
        -0.7437566203825896,
        -0.7361068981649366,
        -0.7496526918446724,
        -0.7496470145003593,
        -0.7199434749048184,
        -0.7395691505742445,
        -0.45315947923836736,
        -0.7539767616866085,
        -0.7137259895257855,
        -0.6534492310594633,
        -0.7607480724250824,
        -0.7569254331573682
      ],
      [
        -0.733219805176589,
        -0.7544903563206455,
        -0.723519703282623,
        -0.752687098787663,
        -0.7521554443675147,
        -0.7452020052293522,
        -0.7496941796553375,
        -0.7460866976382121,
        -0.7522664343658985,
        -0.7502092529497868,
        -0.7512804025056307,
        -0.758328820905928,
        -0.7534417180279079,
        1.0,
        -0.6990346674831909,
        -0.7523133258450416,
        -0.7382826462601164,
        -0.7285823927622168,
        -0.7352760328612432,
        -0.745879579161601,
        -0.7578270673764,
        -0.7534660313548861,
        -0.53582152963791,
        -0.7470840679951382,
        -0.7256382547522395,
        -0.7500825837709821,
        -0.7361716335839857,
        -0.7330340883664973,
        -0.7519550437114917
      ],
      [
        -0.6880756584921225,
        -0.7271652240433842,
        -0.6801971981936593,
        -0.7432389093706422,
        -0.7346876869112551,
        -0.729553100930435,
        -0.713228807575007,
        -0.7444067490005992,
        -0.7472707758428319,
        -0.7268210046131355,
        -0.7389024577894479,
        -0.7460026880193829,
        -0.7272153286311585,
        -0.6990346674831909,
        1.0,
        -0.7219491036261209,
        -0.6970169656705574,
        -0.6793194793098973,
        -0.6967120896401275,
        -0.7300589911932178,
        -0.7505090042278262,
        -0.7316982557446634,
        -0.721248235045515,
        -0.7124709374453718,
        -0.7103297998817744,
        -0.7368735561478215,
